+------------------------------------------------------------------------------------------+
|  Inner_Iter|   Time(sec)|    rms[Rho]|     rms[nu]|          CL|          CD|         CMz|
+------------------------------------------------------------------------------------------+
|           0|  2.1285e-01|   -4.014807|  -10.671371|    5.140409|    1.743516|    1.494423|
|           1|  2.1191e-01|   -4.860925|  -10.658655|    4.037237|    1.517434|    1.209291|
|           2|  2.0879e-01|   -4.791548|  -10.891727|    3.266027|    1.220667|    0.967991|
|           3|  2.0729e-01|   -4.823693|  -10.877955|    2.884427|    1.037444|    0.823157|
|           4|  2.0858e-01|   -4.908024|  -10.871847|    2.612448|    0.894386|    0.693589|
|           5|  2.0793e-01|   -4.980630|  -10.873849|    2.356707|    0.758645|    0.552872|
|           6|  2.0872e-01|   -5.026451|  -10.867061|    2.098331|    0.624137|    0.401976|
|           7|  2.0909e-01|   -5.048475|  -10.845280|    1.836925|    0.492496|    0.249893|
|           8|  2.1343e-01|   -5.051807|  -10.812593|    1.575659|    0.366896|    0.106233|
|           9|  2.1554e-01|   -5.043142|  -10.775406|    1.316927|    0.250482|   -0.021553|
|          10|  2.1894e-01|   -5.031688|  -10.735927|    1.063629|    0.146076|   -0.128731|
|          11|  2.3029e-01|   -5.025773|  -10.703509|    0.819568|    0.055629|   -0.213438|
|          12|  2.3137e-01|   -5.029083|  -10.673214|    0.589873|   -0.019853|   -0.275890|
|          13|  2.3054e-01|   -5.040404|  -10.645914|    0.381081|   -0.080018|   -0.317351|
|          14|  2.2958e-01|   -5.056326|  -10.624749|    0.201031|   -0.124756|   -0.339319|
|          15|  2.2885e-01|   -5.074017|  -10.610675|    0.058202|   -0.153978|   -0.343246|
|          16|  2.2904e-01|   -5.092605|  -10.604208|   -0.039579|   -0.167686|   -0.330607|
|          17|  2.3158e-01|   -5.112931|  -10.603636|   -0.086430|   -0.166132|   -0.303045|
|          18|  2.3105e-01|   -5.136087|  -10.607086|   -0.079096|   -0.149925|   -0.262460|
|          19|  2.3034e-01|   -5.161420|  -10.612639|   -0.016910|   -0.120018|   -0.211022|
|          20|  2.2980e-01|   -5.185301|  -10.618061|    0.098176|   -0.077785|   -0.151305|
|          21|  2.2919e-01|   -5.201736|  -10.621844|    0.260910|   -0.025275|   -0.086470|
|          22|  2.2861e-01|   -5.205750|  -10.623045|    0.461708|    0.034512|   -0.020290|
|          23|  2.3180e-01|   -5.197384|  -10.621563|    0.687112|    0.097773|    0.043306|
|          24|  2.3198e-01|   -5.182443|  -10.618182|    0.921791|    0.160422|    0.100857|
|          25|  2.3196e-01|   -5.168732|  -10.613877|    1.150686|    0.218609|    0.149733|
|          26|  2.3324e-01|   -5.162322|  -10.609767|    1.360435|    0.269056|    0.188184|
|          27|  2.3363e-01|   -5.166551|  -10.606008|    1.540094|    0.309235|    0.215220|
|          28|  2.3582e-01|   -5.182530|  -10.602401|    1.681503|    0.337440|    0.230480|
|          29|  2.3635e-01|   -5.209682|  -10.597955|    1.779433|    0.352805|    0.234112|
|          30|  2.3583e-01|   -5.245787|  -10.592019|    1.831557|    0.355249|    0.226689|
|          31|  2.3503e-01|   -5.286600|  -10.584236|    1.838219|    0.345354|    0.209119|
|          32|  2.3473e-01|   -5.325600|  -10.574470|    1.802053|    0.324251|    0.182597|
|          33|  2.3421e-01|   -5.355254|  -10.563159|    1.727909|    0.293622|    0.148684|
|          34|  2.3418e-01|   -5.370561|  -10.550835|    1.623162|    0.255798|    0.109475|
|          35|  2.3453e-01|   -5.372693|  -10.537870|    1.497595|    0.213692|    0.067567|
|          36|  2.3446e-01|   -5.368337|  -10.524395|    1.362161|    0.170420|    0.025730|
|          37|  2.3449e-01|   -5.364981|  -10.511028|    1.227437|    0.128892|   -0.013453|
|          38|  2.3429e-01|   -5.367778|  -10.497918|    1.102658|    0.091571|   -0.047764|
|          39|  2.3521e-01|   -5.379339|  -10.484977|    0.995300|    0.060390|   -0.075416|
|          40|  2.3638e-01|   -5.400491|  -10.472018|    0.910862|    0.036694|   -0.095114|
|          41|  2.3627e-01|   -5.430721|  -10.459083|    0.852771|    0.021216|   -0.106110|
|          42|  2.3612e-01|   -5.467977|  -10.446329|    0.822439|    0.014093|   -0.108237|
|          43|  2.3579e-01|   -5.508102|  -10.434087|    0.819544|    0.014948|   -0.101844|
|          44|  2.3550e-01|   -5.544398|  -10.422298|    0.842693|    0.023088|   -0.087629|
|          45|  2.3518e-01|   -5.568744|  -10.410897|    0.890056|    0.037691|   -0.066518|
|          46|  2.3489e-01|   -5.576048|  -10.399740|    0.958969|    0.057689|   -0.039868|
|          47|  2.3602e-01|   -5.568328|  -10.388795|    1.045090|    0.081574|   -0.009663|
|          48|  2.3676e-01|   -5.552836|  -10.378038|    1.142470|    0.107470|    0.021662|
|          49|  2.3665e-01|   -5.537404|  -10.366953|    1.244480|    0.133425|    0.051641|
|          50|  2.3661e-01|   -5.527698|  -10.355133|    1.344728|    0.157660|    0.078120|
|          51|  2.3645e-01|   -5.526888|  -10.342093|    1.437577|    0.178714|    0.099446|
|          52|  2.3643e-01|   -5.536343|  -10.327647|    1.518427|    0.195498|    0.114544|
|          53|  2.3760e-01|   -5.556251|  -10.311790|    1.583852|    0.207310|    0.122925|
|          54|  2.3763e-01|   -5.585828|  -10.294509|    1.631674|    0.213814|    0.124642|
|          55|  2.3820e-01|   -5.623113|  -10.275770|    1.660932|    0.215005|    0.120196|
|          56|  2.3843e-01|   -5.664433|  -10.255721|    1.671709|    0.211116|    0.110382|
|          57|  2.3910e-01|   -5.703914|  -10.234410|    1.664795|    0.202512|    0.096132|
|          58|  2.3912e-01|   -5.734278|  -10.211975|    1.641429|    0.189650|    0.078438|
|          59|  2.3975e-01|   -5.750184|  -10.188520|    1.603532|    0.173187|    0.058452|
|          60|  2.3962e-01|   -5.751808|  -10.164228|    1.554130|    0.154091|    0.037538|
|          61|  2.3950e-01|   -5.744445|  -10.139286|    1.497309|    0.133601|    0.017142|
|          62|  2.3929e-01|   -5.735203|  -10.113905|    1.437674|    0.113056|   -0.001414|
|          63|  2.3910e-01|   -5.730052|  -10.088188|    1.379742|    0.093740|   -0.017084|
|          64|  2.3907e-01|   -5.732749|  -10.062295|    1.327504|    0.076764|   -0.029150|
|          65|  2.3923e-01|   -5.745105|  -10.036324|    1.284161|    0.062994|   -0.037217|
|          66|  2.3907e-01|   -5.767478|  -10.010347|    1.251991|    0.053011|   -0.041180|
|          67|  2.3893e-01|   -5.798914|   -9.984407|    1.232301|    0.047098|   -0.041185|
|          68|  2.3947e-01|   -5.836824|   -9.958461|    1.225494|    0.045261|   -0.037568|
|          69|  2.3927e-01|   -5.876332|   -9.932507|    1.231245|    0.047279|   -0.030790|
|          70|  2.3908e-01|   -5.910137|   -9.906442|    1.248722|    0.052778|   -0.021385|
|          71|  2.3953e-01|   -5.930702|   -9.880148|    1.276650|    0.061253|   -0.009978|
|          72|  2.3912e-01|   -5.935128|   -9.853619|    1.313141|    0.072013|    0.002656|
|          73|  2.3871e-01|   -5.927566|   -9.826818|    1.355616|    0.084173|    0.015614|
|          74|  2.3860e-01|   -5.915796|   -9.799751|    1.401075|    0.096749|    0.027975|
|          75|  2.3849e-01|   -5.906822|   -9.772497|    1.446516|    0.108788|    0.038929|
|          76|  2.3836e-01|   -5.905219|   -9.745133|    1.489263|    0.119478|    0.047850|
|          77|  2.3821e-01|   -5.913406|   -9.717730|    1.527135|    0.128195|    0.054326|
|          78|  2.3808e-01|   -5.932319|   -9.690368|    1.558516|    0.134523|    0.058156|
|          79|  2.3802e-01|   -5.961778|   -9.663098|    1.582377|    0.138255|    0.059336|
|          80|  2.3787e-01|   -6.000356|   -9.635946|    1.598263|    0.139376|    0.058031|
|          81|  2.3768e-01|   -6.044690|   -9.608974|    1.606228|    0.138024|    0.054529|
|          82|  2.3748e-01|   -6.088407|   -9.582268|    1.606684|    0.134425|    0.049176|
|          83|  2.3716e-01|   -6.122000|   -9.555800|    1.600185|    0.128831|    0.042315|
|          84|  2.3752e-01|   -6.136548|   -9.529674|    1.587369|    0.121525|    0.034311|
|          85|  2.3758e-01|   -6.130532|   -9.503977|    1.569136|    0.112892|    0.025608|
|          86|  2.3750e-01|   -6.111090|   -9.478705|    1.546808|    0.103440|    0.016740|
|          87|  2.3731e-01|   -6.087946|   -9.453977|    1.522044|    0.093751|    0.008271|
|          88|  2.3731e-01|   -6.068449|   -9.429792|    1.496631|    0.084408|    0.000712|
|          89|  2.3732e-01|   -6.056646|   -9.406186|    1.472273|    0.075931|   -0.005527|
|          90|  2.3735e-01|   -6.054143|   -9.383071|    1.450453|    0.068742|   -0.010168|
|          91|  2.3780e-01|   -6.061000|   -9.360495|    1.432352|    0.063142|   -0.013065|
|          92|  2.3769e-01|   -6.076207|   -9.338325|    1.418814|    0.059309|   -0.014195|
|          93|  2.3762e-01|   -6.097767|   -9.316561|    1.410349|    0.057301|   -0.013635|
|          94|  2.3755e-01|   -6.122610|   -9.295167|    1.407159|    0.057080|   -0.011540|
|          95|  2.3745e-01|   -6.146654|   -9.274037|    1.409196|    0.058528|   -0.008119|
|          96|  2.3735e-01|   -6.165561|   -9.253204|    1.416195|    0.061466|   -0.003624|
|          97|  2.3793e-01|   -6.176430|   -9.232616|    1.427661|    0.065653|    0.001646|
|          98|  2.3793e-01|   -6.179403|   -9.212315|    1.442834|    0.070778|    0.007345|
|          99|  2.3857e-01|   -6.177484|   -9.192229|    1.460703|    0.076468|    0.013098|
|         100|  2.3843e-01|   -6.174803|   -9.172428|    1.480086|    0.082321|    0.018541|
|         101|  2.3828e-01|   -6.175047|   -9.152891|    1.499762|    0.087946|    0.023354|
|         102|  2.3825e-01|   -6.180826|   -9.133574|    1.518581|    0.092997|    0.027288|
|         103|  2.3816e-01|   -6.193646|   -9.114461|    1.535551|    0.097193|    0.030176|
|         104|  2.3822e-01|   -6.214061|   -9.095451|    1.549892|    0.100340|    0.031935|
|         105|  2.3820e-01|   -6.241728|   -9.076563|    1.561059|    0.102326|    0.032559|
|         106|  2.3807e-01|   -6.275253|   -9.057759|    1.568756|    0.103124|    0.032111|
|         107|  2.3787e-01|   -6.311842|   -9.038967|    1.572908|    0.102776|    0.030707|
|         108|  2.3775e-01|   -6.346992|   -9.020221|    1.573615|    0.101375|    0.028491|
|         109|  2.3751e-01|   -6.374903|   -9.001497|    1.571089|    0.099041|    0.025622|
|         110|  2.3793e-01|   -6.390464|   -8.982897|    1.565632|    0.095920|    0.022272|
|         111|  2.3841e-01|   -6.392134|   -8.964403|    1.557662|    0.092192|    0.018634|
|         112|  2.3831e-01|   -6.382895|   -8.946090|    1.547738|    0.088074|    0.014921|
|         113|  2.3825e-01|   -6.368165|   -8.928059|    1.536545|    0.083809|    0.011355|
|         114|  2.3808e-01|   -6.353096|   -8.910340|    1.524822|    0.079641|    0.008142|
|         115|  2.3783e-01|   -6.341244|   -8.893047|    1.513294|    0.075792|    0.005452|
|         116|  2.3759e-01|   -6.334473|   -8.876219|    1.502609|    0.072450|    0.003405|
|         117|  2.3735e-01|   -6.333317|   -8.859859|    1.493300|    0.069750|    0.002072|
|         118|  2.3720e-01|   -6.337369|   -8.843953|    1.485765|    0.067781|    0.001470|
|         119|  2.3709e-01|   -6.345556|   -8.828433|    1.480264|    0.066577|    0.001577|
|         120|  2.3704e-01|   -6.356329|   -8.813198|    1.476926|    0.066133|    0.002335|
|         121|  2.3688e-01|   -6.367861|   -8.798123|    1.475767|    0.066408|    0.003662|
|         122|  2.3679e-01|   -6.378341|   -8.783033|    1.476704|    0.067331|    0.005458|
|         123|  2.3656e-01|   -6.386377|   -8.767799|    1.479567|    0.068810|    0.007607|
|         124|  2.3634e-01|   -6.391382|   -8.752284|    1.484105|    0.070732|    0.009982|
|         125|  2.3654e-01|   -6.393718|   -8.736327|    1.489986|    0.072967|    0.012445|
|         126|  2.3641e-01|   -6.394509|   -8.719799|    1.496813|    0.075369|    0.014858|
|         127|  2.3627e-01|   -6.395223|   -8.702603|    1.504145|    0.077790|    0.017087|
|         128|  2.3620e-01|   -6.397265|   -8.684652|    1.511527|    0.080086|    0.019016|
|         129|  2.3603e-01|   -6.401682|   -8.665854|    1.518522|    0.082126|    0.020549|
|         130|  2.3640e-01|   -6.409026|   -8.646192|    1.524735|    0.083799|    0.021618|
|         131|  2.3672e-01|   -6.419307|   -8.625635|    1.529840|    0.085025|    0.022185|
|         132|  2.3709e-01|   -6.432006|   -8.604248|    1.533588|    0.085748|    0.022239|
|         133|  2.3753e-01|   -6.446133|   -8.582049|    1.535811|    0.085946|    0.021796|
|         134|  2.3780e-01|   -6.460360|   -8.559144|    1.536427|    0.085621|    0.020891|
|         135|  2.3807e-01|   -6.473251|   -8.535585|    1.535430|    0.084801|    0.019579|
|         136|  2.3836e-01|   -6.483595|   -8.511490|    1.532886|    0.083533|    0.017927|
|         137|  2.3873e-01|   -6.490759|   -8.486958|    1.528924|    0.081884|    0.016013|
|         138|  2.3930e-01|   -6.494905|   -8.462075|    1.523738|    0.079933|    0.013921|
|         139|  2.3993e-01|   -6.496927|   -8.436933|    1.517573|    0.077774|    0.011743|
|         140|  2.4041e-01|   -6.498154|   -8.411616|    1.510724|    0.075510|    0.009570|
|         141|  2.4055e-01|   -6.499982|   -8.386206|    1.503507|    0.073242|    0.007488|
|         142|  2.4084e-01|   -6.503578|   -8.360774|    1.496244|    0.071069|    0.005572|
|         143|  2.4102e-01|   -6.509729|   -8.335398|    1.489233|    0.069078|    0.003882|
|         144|  2.4130e-01|   -6.518795|   -8.310147|    1.482737|    0.067337|    0.002459|
|         145|  2.4144e-01|   -6.530720|   -8.285102|    1.476960|    0.065893|    0.001323|
|         146|  2.4157e-01|   -6.545084|   -8.260359|    1.472049|    0.064774|    0.000477|
|         147|  2.4219e-01|   -6.561155|   -8.236012|    1.468085|    0.063985|   -0.000094|
|         148|  2.4234e-01|   -6.578000|   -8.212149|    1.465094|    0.063514|   -0.000419|
|         149|  2.4244e-01|   -6.594640|   -8.188868|    1.463050|    0.063336|   -0.000534|
|         150|  2.4259e-01|   -6.610249|   -8.166254|    1.461885|    0.063414|   -0.000484|
|         151|  2.4277e-01|   -6.624335|   -8.144415|    1.461499|    0.063701|   -0.000318|
|         152|  2.4311e-01|   -6.636839|   -8.123441|    1.461765|    0.064147|   -0.000088|
|         153|  2.4333e-01|   -6.648123|   -8.103381|    1.462530|    0.064696|    0.000156|
|         154|  2.4364e-01|   -6.658837|   -8.084343|    1.463626|    0.065290|    0.000361|
|         155|  2.4381e-01|   -6.669730|   -8.066388|    1.464871|    0.065868|    0.000481|
|         156|  2.4398e-01|   -6.681450|   -8.049529|    1.466084|    0.066376|    0.000475|
|         157|  2.4417e-01|   -6.694372|   -8.033862|    1.467093|    0.066764|    0.000311|
|         158|  2.4428e-01|   -6.708470|   -8.019403|    1.467745|    0.066991|   -0.000033|
|         159|  2.4443e-01|   -6.723254|   -8.006170|    1.467915|    0.067027|   -0.000566|
|         160|  2.4464e-01|   -6.737761|   -7.994180|    1.467509|    0.066855|   -0.001290|
|         161|  2.4471e-01|   -6.750657|   -7.983417|    1.466463|    0.066465|   -0.002195|
|         162|  2.4501e-01|   -6.760491|   -7.973949|    1.464744|    0.065861|   -0.003265|
|         163|  2.4545e-01|   -6.766087|   -7.965787|    1.462349|    0.065056|   -0.004475|
|         164|  2.4566e-01|   -6.766962|   -7.958936|    1.459306|    0.064069|   -0.005795|
|         165|  2.4577e-01|   -6.763553|   -7.953381|    1.455674|    0.062933|   -0.007186|
|         166|  2.4613e-01|   -6.757094|   -7.949138|    1.451545|    0.061686|   -0.008607|
|         167|  2.4620e-01|   -6.749235|   -7.946180|    1.447040|    0.060373|   -0.010009|
|         168|  2.4640e-01|   -6.741615|   -7.944494|    1.442299|    0.059045|   -0.011349|
|         169|  2.4659e-01|   -6.735564|   -7.944057|    1.437477|    0.057753|   -0.012581|
|         170|  2.4687e-01|   -6.731988|   -7.944826|    1.432727|    0.056545|   -0.013669|
|         171|  2.4696e-01|   -6.731364|   -7.946792|    1.428193|    0.055463|   -0.014584|
|         172|  2.4704e-01|   -6.733789|   -7.949888|    1.424001|    0.054543|   -0.015306|
|         173|  2.4713e-01|   -6.739053|   -7.954098|    1.420250|    0.053809|   -0.015826|
|         174|  2.4746e-01|   -6.746702|   -7.959340|    1.417012|    0.053274|   -0.016144|
|         175|  2.4795e-01|   -6.756119|   -7.965580|    1.414331|    0.052944|   -0.016269|
|         176|  2.4846e-01|   -6.766593|   -7.972745|    1.412217|    0.052813|   -0.016218|
|         177|  2.4892e-01|   -6.777414|   -7.980731|    1.410658|    0.052866|   -0.016013|
|         178|  2.4927e-01|   -6.787971|   -7.989434|    1.409612|    0.053082|   -0.015683|
|         179|  2.4959e-01|   -6.797824|   -7.998777|    1.409019|    0.053435|   -0.015258|
|         180|  2.4983e-01|   -6.806746|   -8.008727|    1.408801|    0.053892|   -0.014771|
|         181|  2.5005e-01|   -6.814702|   -8.019256|    1.408867|    0.054420|   -0.014255|
|         182|  2.5023e-01|   -6.821773|   -8.030211|    1.409117|    0.054985|   -0.013739|
|         183|  2.5044e-01|   -6.828069|   -8.041560|    1.409454|    0.055554|   -0.013253|
|         184|  2.5059e-01|   -6.833634|   -8.053195|    1.409779|    0.056096|   -0.012820|
|         185|  2.5089e-01|   -6.838399|   -8.065066|    1.410006|    0.056585|   -0.012457|
|         186|  2.5110e-01|   -6.842177|   -8.077132|    1.410060|    0.057002|   -0.012177|
|         187|  2.5126e-01|   -6.844707|   -8.089344|    1.409883|    0.057332|   -0.011986|
|         188|  2.5145e-01|   -6.845736|   -8.101750|    1.409431|    0.057568|   -0.011885|
|         189|  2.5166e-01|   -6.845110|   -8.114326|    1.408681|    0.057707|   -0.011868|
|         190|  2.5201e-01|   -6.842860|   -8.127162|    1.407627|    0.057754|   -0.011925|
|         191|  2.5225e-01|   -6.839227|   -8.140360|    1.406281|    0.057719|   -0.012044|
|         192|  2.5239e-01|   -6.834652|   -8.154052|    1.404670|    0.057614|   -0.012207|
|         193|  2.5249e-01|   -6.829698|   -8.168341|    1.402837|    0.057458|   -0.012396|
|         194|  2.5261e-01|   -6.824971|   -8.183313|    1.400834|    0.057270|   -0.012591|
|         195|  2.5269e-01|   -6.821033|   -8.199164|    1.398725|    0.057072|   -0.012772|
|         196|  2.5285e-01|   -6.818346|   -8.215982|    1.396574|    0.056885|   -0.012922|
|         197|  2.5310e-01|   -6.817240|   -8.233972|    1.394449|    0.056728|   -0.013025|
|         198|  2.5318e-01|   -6.817901|   -8.253173|    1.392412|    0.056619|   -0.013068|
|         199|  2.5321e-01|   -6.820375|   -8.273638|    1.390518|    0.056572|   -0.013043|
|         200|  2.5327e-01|   -6.824583|   -8.295413|    1.388813|    0.056598|   -0.012945|
|         201|  2.5342e-01|   -6.830339|   -8.318493|    1.387331|    0.056703|   -0.012772|
|         202|  2.5358e-01|   -6.837382|   -8.342864|    1.386092|    0.056887|   -0.012528|
|         203|  2.5382e-01|   -6.845397|   -8.368378|    1.385106|    0.057150|   -0.012219|
|         204|  2.5415e-01|   -6.854056|   -8.394813|    1.384368|    0.057485|   -0.011854|
|         205|  2.5446e-01|   -6.863049|   -8.421821|    1.383866|    0.057883|   -0.011444|
|         206|  2.5466e-01|   -6.872109|   -8.448942|    1.383575|    0.058334|   -0.011001|
|         207|  2.5474e-01|   -6.881037|   -8.475685|    1.383465|    0.058824|   -0.010537|
|         208|  2.5481e-01|   -6.889707|   -8.501405|    1.383500|    0.059340|   -0.010066|
|         209|  2.5493e-01|   -6.898063|   -8.525442|    1.383641|    0.059867|   -0.009599|
|         210|  2.5511e-01|   -6.906098|   -8.547084|    1.383848|    0.060394|   -0.009148|
|         211|  2.5521e-01|   -6.913834|   -8.565832|    1.384081|    0.060907|   -0.008722|
|         212|  2.5526e-01|   -6.921297|   -8.581243|    1.384305|    0.061396|   -0.008329|
|         213|  2.5530e-01|   -6.928491|   -8.592971|    1.384485|    0.061852|   -0.007974|
|         214|  2.5542e-01|   -6.935393|   -8.601069|    1.384594|    0.062267|   -0.007662|
|         215|  2.5545e-01|   -6.941940|   -8.605779|    1.384609|    0.062638|   -0.007394|
|         216|  2.5548e-01|   -6.948047|   -8.607367|    1.384516|    0.062962|   -0.007169|
|         217|  2.5553e-01|   -6.953611|   -8.606381|    1.384304|    0.063239|   -0.006985|
|         218|  2.5585e-01|   -6.958540|   -8.603069|    1.383971|    0.063471|   -0.006837|
|         219|  2.5596e-01|   -6.962767|   -8.598096|    1.383522|    0.063662|   -0.006720|
|         220|  2.5615e-01|   -6.966270|   -8.591846|    1.382967|    0.063817|   -0.006626|
|         221|  2.5618e-01|   -6.969077|   -8.584606|    1.382322|    0.063944|   -0.006549|
|         222|  2.5620e-01|   -6.971261|   -8.576711|    1.381607|    0.064051|   -0.006480|
|         223|  2.5624e-01|   -6.972929|   -8.568450|    1.380847|    0.064146|   -0.006411|
|         224|  2.5628e-01|   -6.974206|   -8.560005|    1.380069|    0.064237|   -0.006334|
|         225|  2.5636e-01|   -6.975213|   -8.551604|    1.379301|    0.064335|   -0.006241|
|         226|  2.5638e-01|   -6.976057|   -8.543347|    1.378570|    0.064446|   -0.006127|
|         227|  2.5644e-01|   -6.976817|   -8.535406|    1.377902|    0.064578|   -0.005986|
|         228|  2.5645e-01|   -6.977548|   -8.527971|    1.377320|    0.064735|   -0.005816|
|         229|  2.5655e-01|   -6.978280|   -8.521015|    1.376842|    0.064922|   -0.005614|
|         230|  2.5677e-01|   -6.979033|   -8.514732|    1.376480|    0.065141|   -0.005382|
|         231|  2.5702e-01|   -6.979815|   -8.509196|    1.376243|    0.065391|   -0.005121|
|         232|  2.5707e-01|   -6.980641|   -8.504454|    1.376131|    0.065671|   -0.004835|
|         233|  2.5715e-01|   -6.981530|   -8.500524|    1.376140|    0.065977|   -0.004529|
|         234|  2.5719e-01|   -6.982515|   -8.497492|    1.376261|    0.066305|   -0.004207|
|         235|  2.5726e-01|   -6.983648|   -8.495400|    1.376478|    0.066647|   -0.003879|
|         236|  2.5736e-01|   -6.985006|   -8.494314|    1.376773|    0.066996|   -0.003549|
|         237|  2.5746e-01|   -6.986690|   -8.494251|    1.377125|    0.067346|   -0.003227|
|         238|  2.5758e-01|   -6.988822|   -8.495218|    1.377510|    0.067689|   -0.002917|
|         239|  2.5768e-01|   -6.991529|   -8.497233|    1.377906|    0.068017|   -0.002628|
|         240|  2.5767e-01|   -6.994925|   -8.500314|    1.378290|    0.068324|   -0.002363|
|         241|  2.5771e-01|   -6.999101|   -8.504489|    1.378643|    0.068605|   -0.002126|
|         242|  2.5780e-01|   -7.004117|   -8.509698|    1.378946|    0.068856|   -0.001921|
|         243|  2.5787e-01|   -7.009995|   -8.515978|    1.379187|    0.069074|   -0.001748|
|         244|  2.5793e-01|   -7.016727|   -8.523356|    1.379357|    0.069258|   -0.001606|
|         245|  2.5808e-01|   -7.024279|   -8.531807|    1.379451|    0.069409|   -0.001496|
|         246|  2.5812e-01|   -7.032600|   -8.541354|    1.379469|    0.069527|   -0.001413|
|         247|  2.5829e-01|   -7.041627|   -8.551982|    1.379415|    0.069616|   -0.001354|
|         248|  2.5844e-01|   -7.051295|   -8.563641|    1.379295|    0.069679|   -0.001316|
|         249|  2.5859e-01|   -7.061537|   -8.576337|    1.379121|    0.069720|   -0.001294|
|         250|  2.5868e-01|   -7.072288|   -8.590084|    1.378904|    0.069745|   -0.001283|
+-----------------------------------------------------------------------+
|        File Writing Summary       |              Filename             |
+-----------------------------------------------------------------------+
|SU2 binary restart                 |restart_flow.dat                   |
|Paraview                           |flow.vtu                           |
|Paraview surface                   |surface_flow.vtu                   |
+-----------------------------------------------------------------------+
+------------------------------------------------------------------------------------------+
|  Inner_Iter|   Time(sec)|    rms[Rho]|     rms[nu]|          CL|          CD|         CMz|
+------------------------------------------------------------------------------------------+
|         251|  2.5920e-01|   -7.083485|   -8.604795|    1.378657|    0.069757|   -0.001278|
|         252|  2.5927e-01|   -7.095063|   -8.620567|    1.378393|    0.069762|   -0.001276|
|         253|  2.5930e-01|   -7.106949|   -8.637209|    1.378127|    0.069763|   -0.001274|
|         254|  2.5934e-01|   -7.119064|   -8.654783|    1.377871|    0.069764|   -0.001267|
|         255|  2.5965e-01|   -7.131314|   -8.673168|    1.377633|    0.069768|   -0.001255|
|         256|  2.5998e-01|   -7.143592|   -8.692328|    1.377423|    0.069778|   -0.001235|
|         257|  2.6016e-01|   -7.155779|   -8.712187|    1.377247|    0.069794|   -0.001208|
|         258|  2.6026e-01|   -7.167747|   -8.732799|    1.377107|    0.069818|   -0.001173|
|         259|  2.6041e-01|   -7.179369|   -8.754041|    1.377005|    0.069848|   -0.001131|
|         260|  2.6056e-01|   -7.190516|   -8.775787|    1.376939|    0.069886|   -0.001084|
|         261|  2.6076e-01|   -7.201073|   -8.797949|    1.376906|    0.069928|   -0.001033|
|         262|  2.6084e-01|   -7.210935|   -8.820505|    1.376902|    0.069974|   -0.000980|
|         263|  2.6089e-01|   -7.220009|   -8.843287|    1.376918|    0.070021|   -0.000929|
|         264|  2.6107e-01|   -7.228219|   -8.866201|    1.376947|    0.070066|   -0.000881|
|         265|  2.6114e-01|   -7.235493|   -8.889090|    1.376981|    0.070108|   -0.000839|
|         266|  2.6139e-01|   -7.241762|   -8.911777|    1.377010|    0.070144|   -0.000805|
|         267|  2.6151e-01|   -7.246954|   -8.934279|    1.377025|    0.070171|   -0.000781|
|         268|  2.6159e-01|   -7.250991|   -8.956332|    1.377019|    0.070187|   -0.000769|
|         269|  2.6162e-01|   -7.253791|   -8.978033|    1.376982|    0.070190|   -0.000770|
|         270|  2.6169e-01|   -7.255278|   -8.999190|    1.376909|    0.070180|   -0.000785|
|         271|  2.6173e-01|   -7.255392|   -9.019715|    1.376794|    0.070155|   -0.000813|
|         272|  2.6175e-01|   -7.254107|   -9.039579|    1.376633|    0.070115|   -0.000855|
|         273|  2.6190e-01|   -7.251446|   -9.058757|    1.376425|    0.070060|   -0.000910|
|         274|  2.6212e-01|   -7.247489|   -9.077383|    1.376169|    0.069991|   -0.000976|
|         275|  2.6217e-01|   -7.242372|   -9.095445|    1.375868|    0.069909|   -0.001052|
|         276|  2.6224e-01|   -7.236280|   -9.112859|    1.375524|    0.069817|   -0.001135|
|         277|  2.6233e-01|   -7.229434|   -9.129647|    1.375144|    0.069716|   -0.001223|
|         278|  2.6246e-01|   -7.222071|   -9.145686|    1.374733|    0.069609|   -0.001314|
|         279|  2.6252e-01|   -7.214432|   -9.160938|    1.374297|    0.069498|   -0.001404|
|         280|  2.6254e-01|   -7.206745|   -9.175176|    1.373846|    0.069387|   -0.001493|
|         281|  2.6255e-01|   -7.199215|   -9.188160|    1.373386|    0.069277|   -0.001577|
|         282|  2.6259e-01|   -7.192025|   -9.199508|    1.372924|    0.069172|   -0.001655|
|         283|  2.6283e-01|   -7.185327|   -9.208829|    1.372466|    0.069072|   -0.001727|
|         284|  2.6291e-01|   -7.179250|   -9.215841|    1.372018|    0.068979|   -0.001790|
|         285|  2.6300e-01|   -7.173901|   -9.220152|    1.371582|    0.068894|   -0.001845|
|         286|  2.6327e-01|   -7.169367|   -9.221449|    1.371161|    0.068818|   -0.001893|
|         287|  2.6340e-01|   -7.165718|   -9.219534|    1.370756|    0.068751|   -0.001933|
|         288|  2.6342e-01|   -7.163009|   -9.215284|    1.370366|    0.068691|   -0.001967|
|         289|  2.6348e-01|   -7.161282|   -9.208473|    1.369989|    0.068639|   -0.001996|
|         290|  2.6363e-01|   -7.160565|   -9.199399|    1.369621|    0.068592|   -0.002022|
|         291|  2.6367e-01|   -7.160872|   -9.189021|    1.369259|    0.068550|   -0.002046|
|         292|  2.6369e-01|   -7.162202|   -9.177390|    1.368897|    0.068512|   -0.002069|
|         293|  2.6380e-01|   -7.164540|   -9.165193|    1.368532|    0.068474|   -0.002094|
|         294|  2.6383e-01|   -7.167860|   -9.153040|    1.368159|    0.068437|   -0.002121|
|         295|  2.6385e-01|   -7.172122|   -9.141186|    1.367772|    0.068399|   -0.002152|
|         296|  2.6388e-01|   -7.177277|   -9.129925|    1.367368|    0.068359|   -0.002187|
|         297|  2.6390e-01|   -7.183270|   -9.119697|    1.366944|    0.068315|   -0.002227|
|         298|  2.6390e-01|   -7.190041|   -9.110296|    1.366497|    0.068268|   -0.002272|
|         299|  2.6393e-01|   -7.197529|   -9.102132|    1.366026|    0.068218|   -0.002322|
|         300|  2.6393e-01|   -7.205674|   -9.095321|    1.365530|    0.068163|   -0.002376|
|         301|  2.6392e-01|   -7.214418|   -9.089693|    1.365010|    0.068106|   -0.002434|
|         302|  2.6391e-01|   -7.223708|   -9.085377|    1.364467|    0.068046|   -0.002495|
|         303|  2.6390e-01|   -7.233496|   -9.082547|    1.363903|    0.067984|   -0.002558|
|         304|  2.6393e-01|   -7.243736|   -9.080877|    1.363321|    0.067921|   -0.002621|
|         305|  2.6401e-01|   -7.254388|   -9.080313|    1.362724|    0.067858|   -0.002685|
|         306|  2.6422e-01|   -7.265412|   -9.080863|    1.362115|    0.067797|   -0.002748|
|         307|  2.6429e-01|   -7.276768|   -9.082497|    1.361498|    0.067738|   -0.002809|
|         308|  2.6452e-01|   -7.288411|   -9.085044|    1.360877|    0.067682|   -0.002867|
|         309|  2.6450e-01|   -7.300289|   -9.088504|    1.360254|    0.067630|   -0.002922|
|         310|  2.6451e-01|   -7.312341|   -9.092513|    1.359632|    0.067582|   -0.002973|
|         311|  2.6450e-01|   -7.324494|   -9.097076|    1.359013|    0.067540|   -0.003020|
|         312|  2.6451e-01|   -7.336662|   -9.101944|    1.358400|    0.067502|   -0.003063|
|         313|  2.6452e-01|   -7.348742|   -9.106797|    1.357792|    0.067470|   -0.003103|
|         314|  2.6452e-01|   -7.360621|   -9.111824|    1.357190|    0.067443|   -0.003139|
|         315|  2.6452e-01|   -7.372175|   -9.116627|    1.356594|    0.067421|   -0.003173|
|         316|  2.6452e-01|   -7.383270|   -9.121055|    1.356003|    0.067403|   -0.003204|
|         317|  2.6452e-01|   -7.393771|   -9.124889|    1.355416|    0.067389|   -0.003234|
|         318|  2.6459e-01|   -7.403542|   -9.128259|    1.354831|    0.067377|   -0.003263|
|         319|  2.6463e-01|   -7.412457|   -9.130830|    1.354246|    0.067368|   -0.003292|
|         320|  2.6464e-01|   -7.420403|   -9.132556|    1.353659|    0.067360|   -0.003321|
|         321|  2.6463e-01|   -7.427288|   -9.133646|    1.353068|    0.067353|   -0.003351|
|         322|  2.6468e-01|   -7.433047|   -9.133591|    1.352471|    0.067346|   -0.003383|
|         323|  2.6465e-01|   -7.437646|   -9.132246|    1.351867|    0.067339|   -0.003416|
|         324|  2.6469e-01|   -7.441088|   -9.129969|    1.351253|    0.067331|   -0.003451|
|         325|  2.6470e-01|   -7.443406|   -9.126896|    1.350629|    0.067322|   -0.003487|
|         326|  2.6468e-01|   -7.444672|   -9.122610|    1.349995|    0.067312|   -0.003526|
|         327|  2.6480e-01|   -7.444983|   -9.117506|    1.349348|    0.067301|   -0.003567|
|         328|  2.6483e-01|   -7.444461|   -9.111330|    1.348691|    0.067288|   -0.003609|
|         329|  2.6484e-01|   -7.443243|   -9.104589|    1.348023|    0.067275|   -0.003653|
|         330|  2.6490e-01|   -7.441476|   -9.097223|    1.347346|    0.067260|   -0.003697|
|         331|  2.6495e-01|   -7.439307|   -9.089284|    1.346660|    0.067245|   -0.003742|
|         332|  2.6497e-01|   -7.436880|   -9.080749|    1.345968|    0.067230|   -0.003787|
|         333|  2.6501e-01|   -7.434326|   -9.071732|    1.345270|    0.067216|   -0.003831|
|         334|  2.6513e-01|   -7.431765|   -9.062075|    1.344569|    0.067202|   -0.003875|
|         335|  2.6520e-01|   -7.429300|   -9.052420|    1.343865|    0.067190|   -0.003918|
|         336|  2.6527e-01|   -7.427018|   -9.042639|    1.343162|    0.067179|   -0.003959|
|         337|  2.6531e-01|   -7.424988|   -9.032628|    1.342459|    0.067170|   -0.003999|
|         338|  2.6536e-01|   -7.423264|   -9.022777|    1.341759|    0.067163|   -0.004037|
|         339|  2.6540e-01|   -7.421886|   -9.012865|    1.341061|    0.067158|   -0.004073|
|         340|  2.6541e-01|   -7.420884|   -9.003209|    1.340367|    0.067155|   -0.004108|
|         341|  2.6547e-01|   -7.420275|   -8.993771|    1.339677|    0.067154|   -0.004141|
|         342|  2.6559e-01|   -7.420068|   -8.984685|    1.338990|    0.067155|   -0.004173|
|         343|  2.6563e-01|   -7.420269|   -8.975920|    1.338306|    0.067157|   -0.004204|
|         344|  2.6567e-01|   -7.420874|   -8.966879|    1.337625|    0.067160|   -0.004235|
|         345|  2.6568e-01|   -7.421877|   -8.958308|    1.336947|    0.067165|   -0.004265|
|         346|  2.6569e-01|   -7.423268|   -8.950154|    1.336269|    0.067169|   -0.004295|
|         347|  2.6581e-01|   -7.425035|   -8.942327|    1.335591|    0.067174|   -0.004325|
|         348|  2.6589e-01|   -7.427162|   -8.934828|    1.334913|    0.067179|   -0.004356|
|         349|  2.6619e-01|   -7.429631|   -8.927633|    1.334233|    0.067184|   -0.004388|
|         350|  2.6621e-01|   -7.432423|   -8.920812|    1.333551|    0.067187|   -0.004420|
|         351|  2.6629e-01|   -7.435518|   -8.914311|    1.332866|    0.067190|   -0.004453|
|         352|  2.6635e-01|   -7.438893|   -8.908134|    1.332177|    0.067192|   -0.004487|
|         353|  2.6644e-01|   -7.442525|   -8.902187|    1.331484|    0.067193|   -0.004522|
|         354|  2.6645e-01|   -7.446391|   -8.896442|    1.330787|    0.067193|   -0.004558|
|         355|  2.6665e-01|   -7.450464|   -8.890867|    1.330087|    0.067193|   -0.004595|
|         356|  2.6682e-01|   -7.454720|   -8.885715|    1.329383|    0.067191|   -0.004632|
|         357|  2.6690e-01|   -7.459129|   -8.880899|    1.328675|    0.067189|   -0.004669|
|         358|  2.6710e-01|   -7.463664|   -8.876334|    1.327966|    0.067187|   -0.004706|
|         359|  2.6714e-01|   -7.468291|   -8.872037|    1.327255|    0.067184|   -0.004743|
|         360|  2.6713e-01|   -7.472977|   -8.868059|    1.326543|    0.067182|   -0.004780|
|         361|  2.6714e-01|   -7.477686|   -8.864225|    1.325830|    0.067180|   -0.004815|
|         362|  2.6726e-01|   -7.482379|   -8.860617|    1.325119|    0.067179|   -0.004850|
|         363|  2.6729e-01|   -7.487015|   -8.857303|    1.324409|    0.067179|   -0.004884|
|         364|  2.6731e-01|   -7.491549|   -8.854354|    1.323701|    0.067180|   -0.004917|
|         365|  2.6754e-01|   -7.495939|   -8.851427|    1.322995|    0.067182|   -0.004949|
|         366|  2.6757e-01|   -7.500139|   -8.848810|    1.322292|    0.067185|   -0.004980|
|         367|  2.6763e-01|   -7.504106|   -8.846352|    1.321593|    0.067189|   -0.005010|
|         368|  2.6770e-01|   -7.507796|   -8.844101|    1.320896|    0.067194|   -0.005038|
|         369|  2.6782e-01|   -7.511174|   -8.842101|    1.320203|    0.067201|   -0.005066|
|         370|  2.6786e-01|   -7.514206|   -8.840340|    1.319513|    0.067208|   -0.005093|
|         371|  2.6800e-01|   -7.516868|   -8.838783|    1.318825|    0.067216|   -0.005120|
|         372|  2.6804e-01|   -7.519145|   -8.837503|    1.318140|    0.067225|   -0.005146|
|         373|  2.6807e-01|   -7.521029|   -8.836224|    1.317456|    0.067234|   -0.005172|
|         374|  2.6812e-01|   -7.522523|   -8.835214|    1.316775|    0.067243|   -0.005198|
|         375|  2.6816e-01|   -7.523641|   -8.834412|    1.316094|    0.067253|   -0.005224|
|         376|  2.6828e-01|   -7.524404|   -8.833813|    1.315414|    0.067262|   -0.005250|
|         377|  2.6827e-01|   -7.524844|   -8.833430|    1.314734|    0.067271|   -0.005277|
|         378|  2.6830e-01|   -7.524999|   -8.833363|    1.314055|    0.067280|   -0.005304|
|         379|  2.6846e-01|   -7.524913|   -8.833356|    1.313376|    0.067289|   -0.005331|
|         380|  2.6850e-01|   -7.524634|   -8.833665|    1.312696|    0.067298|   -0.005359|
|         381|  2.6855e-01|   -7.524213|   -8.834008|    1.312017|    0.067306|   -0.005387|
|         382|  2.6880e-01|   -7.523703|   -8.834556|    1.311338|    0.067314|   -0.005415|
|         383|  2.6903e-01|   -7.523152|   -8.835328|    1.310659|    0.067322|   -0.005443|
|         384|  2.6906e-01|   -7.522612|   -8.836251|    1.309981|    0.067330|   -0.005471|
|         385|  2.6915e-01|   -7.522125|   -8.837314|    1.309304|    0.067338|   -0.005500|
|         386|  2.6915e-01|   -7.521735|   -8.838538|    1.308628|    0.067346|   -0.005528|
|         387|  2.6954e-01|   -7.521476|   -8.839967|    1.307954|    0.067354|   -0.005556|
|         388|  2.6966e-01|   -7.521378|   -8.841451|    1.307281|    0.067363|   -0.005583|
|         389|  2.6979e-01|   -7.521465|   -8.843033|    1.306611|    0.067372|   -0.005611|
|         390|  2.6983e-01|   -7.521755|   -8.844768|    1.305944|    0.067382|   -0.005637|
|         391|  2.6996e-01|   -7.522261|   -8.846516|    1.305280|    0.067392|   -0.005664|
|         392|  2.7014e-01|   -7.522989|   -8.848257|    1.304618|    0.067402|   -0.005690|
|         393|  2.7019e-01|   -7.523940|   -8.850054|    1.303960|    0.067413|   -0.005716|
|         394|  2.7014e-01|   -7.525110|   -8.851870|    1.303304|    0.067425|   -0.005741|
|         395|  2.7022e-01|   -7.526490|   -8.853692|    1.302652|    0.067437|   -0.005766|
|         396|  2.7019e-01|   -7.528069|   -8.855399|    1.302002|    0.067449|   -0.005791|
|         397|  2.7015e-01|   -7.529829|   -8.857114|    1.301355|    0.067462|   -0.005815|
|         398|  2.7008e-01|   -7.531754|   -8.858620|    1.300711|    0.067475|   -0.005840|
|         399|  2.7009e-01|   -7.533823|   -8.860127|    1.300068|    0.067488|   -0.005865|
|         400|  2.7002e-01|   -7.536014|   -8.861417|    1.299428|    0.067501|   -0.005890|
|         401|  2.7003e-01|   -7.538306|   -8.862495|    1.298790|    0.067514|   -0.005914|
|         402|  2.6999e-01|   -7.540676|   -8.863408|    1.298153|    0.067528|   -0.005940|
|         403|  2.7000e-01|   -7.543103|   -8.864183|    1.297517|    0.067541|   -0.005965|
|         404|  2.7016e-01|   -7.545568|   -8.864716|    1.296882|    0.067554|   -0.005991|
|         405|  2.7013e-01|   -7.548052|   -8.864796|    1.296249|    0.067566|   -0.006017|
|         406|  2.7011e-01|   -7.550539|   -8.864848|    1.295616|    0.067579|   -0.006043|
|         407|  2.7012e-01|   -7.553015|   -8.864790|    1.294984|    0.067591|   -0.006069|
|         408|  2.7008e-01|   -7.555469|   -8.864457|    1.294353|    0.067603|   -0.006096|
|         409|  2.7006e-01|   -7.557892|   -8.863951|    1.293722|    0.067615|   -0.006122|
|         410|  2.7004e-01|   -7.560278|   -8.863211|    1.293093|    0.067627|   -0.006149|
|         411|  2.7009e-01|   -7.562620|   -8.862454|    1.292465|    0.067639|   -0.006176|
|         412|  2.7012e-01|   -7.564918|   -8.861419|    1.291838|    0.067650|   -0.006202|
|         413|  2.7007e-01|   -7.567169|   -8.860226|    1.291213|    0.067662|   -0.006229|
|         414|  2.7017e-01|   -7.569374|   -8.859120|    1.290590|    0.067674|   -0.006256|
|         415|  2.7024e-01|   -7.571532|   -8.857893|    1.289968|    0.067686|   -0.006282|
|         416|  2.7026e-01|   -7.573646|   -8.856494|    1.289348|    0.067698|   -0.006308|
|         417|  2.7029e-01|   -7.575715|   -8.855077|    1.288731|    0.067710|   -0.006334|
|         418|  2.7029e-01|   -7.577741|   -8.853594|    1.288116|    0.067722|   -0.006359|
|         419|  2.7032e-01|   -7.579723|   -8.852019|    1.287503|    0.067735|   -0.006384|
|         420|  2.7030e-01|   -7.581662|   -8.850407|    1.286893|    0.067748|   -0.006409|
|         421|  2.7030e-01|   -7.583557|   -8.848748|    1.286286|    0.067761|   -0.006433|
|         422|  2.7032e-01|   -7.585408|   -8.846991|    1.285681|    0.067774|   -0.006458|
|         423|  2.7036e-01|   -7.587213|   -8.845300|    1.285078|    0.067787|   -0.006482|
|         424|  2.7047e-01|   -7.588970|   -8.843630|    1.284478|    0.067801|   -0.006505|
|         425|  2.7049e-01|   -7.590680|   -8.841845|    1.283880|    0.067814|   -0.006529|
|         426|  2.7055e-01|   -7.592341|   -8.840005|    1.283285|    0.067828|   -0.006552|
|         427|  2.7062e-01|   -7.593953|   -8.838237|    1.282692|    0.067842|   -0.006575|
|         428|  2.7069e-01|   -7.595516|   -8.836457|    1.282101|    0.067856|   -0.006598|
|         429|  2.7073e-01|   -7.597030|   -8.834732|    1.281512|    0.067869|   -0.006621|
|         430|  2.7086e-01|   -7.598497|   -8.833093|    1.280925|    0.067883|   -0.006644|
|         431|  2.7084e-01|   -7.599921|   -8.831512|    1.280340|    0.067897|   -0.006667|
|         432|  2.7086e-01|   -7.601304|   -8.830154|    1.279758|    0.067910|   -0.006689|
|         433|  2.7084e-01|   -7.602651|   -8.828893|    1.279177|    0.067924|   -0.006711|
|         434|  2.7083e-01|   -7.603967|   -8.827748|    1.278598|    0.067938|   -0.006733|
|         435|  2.7077e-01|   -7.605256|   -8.826587|    1.278021|    0.067951|   -0.006755|
|         436|  2.7078e-01|   -7.606523|   -8.825587|    1.277446|    0.067965|   -0.006776|
|         437|  2.7082e-01|   -7.607775|   -8.824913|    1.276874|    0.067978|   -0.006798|
|         438|  2.7086e-01|   -7.609015|   -8.824426|    1.276304|    0.067992|   -0.006818|
|         439|  2.7092e-01|   -7.610249|   -8.824117|    1.275736|    0.068006|   -0.006839|
|         440|  2.7097e-01|   -7.611481|   -8.823994|    1.275171|    0.068020|   -0.006859|
|         441|  2.7100e-01|   -7.612715|   -8.824062|    1.274609|    0.068034|   -0.006878|
|         442|  2.7114e-01|   -7.613954|   -8.824210|    1.274049|    0.068048|   -0.006897|
|         443|  2.7123e-01|   -7.615199|   -8.824359|    1.273492|    0.068063|   -0.006916|
|         444|  2.7122e-01|   -7.616451|   -8.824789|    1.272938|    0.068078|   -0.006934|
|         445|  2.7124e-01|   -7.617712|   -8.825202|    1.272387|    0.068093|   -0.006952|
|         446|  2.7145e-01|   -7.618978|   -8.825816|    1.271839|    0.068109|   -0.006969|
|         447|  2.7147e-01|   -7.620251|   -8.826554|    1.271294|    0.068124|   -0.006985|
|         448|  2.7147e-01|   -7.621526|   -8.827289|    1.270752|    0.068140|   -0.007001|
|         449|  2.7164e-01|   -7.622802|   -8.828139|    1.270214|    0.068157|   -0.007017|
|         450|  2.7191e-01|   -7.624077|   -8.829056|    1.269678|    0.068173|   -0.007032|
|         451|  2.7200e-01|   -7.625347|   -8.830041|    1.269145|    0.068190|   -0.007047|
|         452|  2.7214e-01|   -7.626610|   -8.831112|    1.268615|    0.068207|   -0.007061|
|         453|  2.7217e-01|   -7.627865|   -8.832255|    1.268088|    0.068225|   -0.007075|
|         454|  2.7215e-01|   -7.629110|   -8.833495|    1.267564|    0.068242|   -0.007088|
|         455|  2.7218e-01|   -7.630344|   -8.834855|    1.267043|    0.068260|   -0.007101|
|         456|  2.7220e-01|   -7.631567|   -8.836367|    1.266524|    0.068278|   -0.007114|
|         457|  2.7218e-01|   -7.632782|   -8.837925|    1.266008|    0.068295|   -0.007126|
|         458|  2.7218e-01|   -7.633989|   -8.839583|    1.265495|    0.068314|   -0.007139|
|         459|  2.7214e-01|   -7.635192|   -8.841321|    1.264984|    0.068332|   -0.007150|
|         460|  2.7230e-01|   -7.636395|   -8.843226|    1.264476|    0.068350|   -0.007162|
|         461|  2.7232e-01|   -7.637602|   -8.845228|    1.263971|    0.068369|   -0.007173|
|         462|  2.7236e-01|   -7.638819|   -8.847314|    1.263468|    0.068387|   -0.007184|
|         463|  2.7244e-01|   -7.640052|   -8.849456|    1.262968|    0.068406|   -0.007195|
|         464|  2.7250e-01|   -7.641306|   -8.851754|    1.262471|    0.068425|   -0.007205|
|         465|  2.7266e-01|   -7.642588|   -8.854093|    1.261976|    0.068444|   -0.007215|
|         466|  2.7267e-01|   -7.643904|   -8.856692|    1.261485|    0.068463|   -0.007224|
|         467|  2.7279e-01|   -7.645260|   -8.859380|    1.260995|    0.068482|   -0.007233|
|         468|  2.7285e-01|   -7.646663|   -8.862179|    1.260509|    0.068502|   -0.007242|
|         469|  2.7291e-01|   -7.648119|   -8.865082|    1.260026|    0.068522|   -0.007251|
|         470|  2.7291e-01|   -7.649631|   -8.868041|    1.259545|    0.068542|   -0.007259|
|         471|  2.7290e-01|   -7.651206|   -8.871142|    1.259067|    0.068562|   -0.007266|
|         472|  2.7290e-01|   -7.652847|   -8.874377|    1.258593|    0.068582|   -0.007274|
|         473|  2.7291e-01|   -7.654556|   -8.877431|    1.258121|    0.068603|   -0.007281|
|         474|  2.7302e-01|   -7.656337|   -8.880681|    1.257652|    0.068623|   -0.007287|
|         475|  2.7303e-01|   -7.658190|   -8.883977|    1.257186|    0.068644|   -0.007294|
|         476|  2.7303e-01|   -7.660116|   -8.887252|    1.256723|    0.068665|   -0.007300|
|         477|  2.7309e-01|   -7.662115|   -8.890241|    1.256263|    0.068687|   -0.007306|
|         478|  2.7310e-01|   -7.664187|   -8.893421|    1.255805|    0.068708|   -0.007311|
|         479|  2.7312e-01|   -7.666328|   -8.896586|    1.255351|    0.068730|   -0.007316|
|         480|  2.7321e-01|   -7.668537|   -8.899684|    1.254899|    0.068751|   -0.007321|
|         481|  2.7323e-01|   -7.670811|   -8.902741|    1.254449|    0.068773|   -0.007326|
|         482|  2.7325e-01|   -7.673147|   -8.905730|    1.254003|    0.068795|   -0.007331|
|         483|  2.7326e-01|   -7.675543|   -8.908558|    1.253559|    0.068817|   -0.007335|
|         484|  2.7328e-01|   -7.677993|   -8.911060|    1.253117|    0.068839|   -0.007339|
|         485|  2.7342e-01|   -7.680493|   -8.913681|    1.252678|    0.068860|   -0.007343|
|         486|  2.7340e-01|   -7.683039|   -8.916140|    1.252241|    0.068882|   -0.007347|
|         487|  2.7343e-01|   -7.685627|   -8.918456|    1.251807|    0.068904|   -0.007351|
|         488|  2.7346e-01|   -7.688253|   -8.920645|    1.251375|    0.068926|   -0.007355|
|         489|  2.7344e-01|   -7.690911|   -8.922721|    1.250945|    0.068948|   -0.007358|
|         490|  2.7345e-01|   -7.693599|   -8.924707|    1.250518|    0.068970|   -0.007362|
|         491|  2.7344e-01|   -7.696312|   -8.926572|    1.250093|    0.068992|   -0.007366|
|         492|  2.7348e-01|   -7.699046|   -8.928405|    1.249670|    0.069014|   -0.007369|
|         493|  2.7354e-01|   -7.701797|   -8.930155|    1.249249|    0.069036|   -0.007372|
|         494|  2.7367e-01|   -7.704563|   -8.931772|    1.248831|    0.069057|   -0.007376|
|         495|  2.7389e-01|   -7.707340|   -8.933061|    1.248414|    0.069079|   -0.007379|
|         496|  2.7388e-01|   -7.710125|   -8.934551|    1.248000|    0.069101|   -0.007382|
|         497|  2.7391e-01|   -7.712915|   -8.935829|    1.247588|    0.069122|   -0.007386|
|         498|  2.7389e-01|   -7.715706|   -8.937150|    1.247178|    0.069144|   -0.007389|
|         499|  2.7407e-01|   -7.718498|   -8.938438|    1.246770|    0.069165|   -0.007392|
|         500|  2.7408e-01|   -7.721288|   -8.939834|    1.246364|    0.069186|   -0.007395|
+-----------------------------------------------------------------------+
|        File Writing Summary       |              Filename             |
+-----------------------------------------------------------------------+
|SU2 binary restart                 |restart_flow.dat                   |
|Paraview                           |flow.vtu                           |
|Paraview surface                   |surface_flow.vtu                   |
+-----------------------------------------------------------------------+
+------------------------------------------------------------------------------------------+
|  Inner_Iter|   Time(sec)|    rms[Rho]|     rms[nu]|          CL|          CD|         CMz|
+------------------------------------------------------------------------------------------+
|         501|  2.7433e-01|   -7.724074|   -8.941203|    1.245960|    0.069207|   -0.007398|
|         502|  2.7434e-01|   -7.726854|   -8.942602|    1.245558|    0.069228|   -0.007401|
|         503|  2.7438e-01|   -7.729626|   -8.944043|    1.245158|    0.069249|   -0.007404|
|         504|  2.7443e-01|   -7.732390|   -8.945508|    1.244760|    0.069270|   -0.007408|
|         505|  2.7444e-01|   -7.735143|   -8.947026|    1.244364|    0.069291|   -0.007411|
|         506|  2.7445e-01|   -7.737883|   -8.948574|    1.243970|    0.069312|   -0.007414|
|         507|  2.7442e-01|   -7.740610|   -8.950057|    1.243577|    0.069332|   -0.007417|
|         508|  2.7450e-01|   -7.743320|   -8.951658|    1.243187|    0.069352|   -0.007420|
|         509|  2.7463e-01|   -7.746012|   -8.953281|    1.242798|    0.069372|   -0.007424|
|         510|  2.7471e-01|   -7.748684|   -8.954899|    1.242411|    0.069392|   -0.007427|
|         511|  2.7472e-01|   -7.751334|   -8.956599|    1.242025|    0.069412|   -0.007430|
|         512|  2.7488e-01|   -7.753959|   -8.958371|    1.241641|    0.069432|   -0.007434|
|         513|  2.7493e-01|   -7.756559|   -8.960019|    1.241259|    0.069451|   -0.007437|
|         514|  2.7501e-01|   -7.759131|   -8.961306|    1.240879|    0.069471|   -0.007441|
|         515|  2.7505e-01|   -7.761673|   -8.962769|    1.240499|    0.069490|   -0.007445|
|         516|  2.7503e-01|   -7.764183|   -8.964150|    1.240122|    0.069509|   -0.007449|
|         517|  2.7508e-01|   -7.766660|   -8.965309|    1.239746|    0.069527|   -0.007452|
|         518|  2.7524e-01|   -7.769102|   -8.966382|    1.239371|    0.069546|   -0.007456|
|         519|  2.7526e-01|   -7.771508|   -8.967453|    1.238998|    0.069564|   -0.007460|
|         520|  2.7531e-01|   -7.773876|   -8.968359|    1.238626|    0.069582|   -0.007465|
|         521|  2.7541e-01|   -7.776206|   -8.968899|    1.238256|    0.069600|   -0.007469|
|         522|  2.7551e-01|   -7.778497|   -8.969399|    1.237887|    0.069618|   -0.007473|
|         523|  2.7550e-01|   -7.780746|   -8.969783|    1.237519|    0.069636|   -0.007478|
|         524|  2.7560e-01|   -7.782954|   -8.970103|    1.237152|    0.069653|   -0.007482|
|         525|  2.7568e-01|   -7.785119|   -8.970241|    1.236787|    0.069670|   -0.007487|
|         526|  2.7571e-01|   -7.787241|   -8.970253|    1.236423|    0.069687|   -0.007491|
|         527|  2.7581e-01|   -7.789317|   -8.970161|    1.236061|    0.069704|   -0.007496|
|         528|  2.7597e-01|   -7.791348|   -8.969985|    1.235699|    0.069721|   -0.007501|
|         529|  2.7612e-01|   -7.793333|   -8.969746|    1.235339|    0.069737|   -0.007506|
|         530|  2.7623e-01|   -7.795270|   -8.969468|    1.234980|    0.069753|   -0.007511|
|         531|  2.7626e-01|   -7.797160|   -8.969118|    1.234622|    0.069769|   -0.007516|
|         532|  2.7631e-01|   -7.799002|   -8.968761|    1.234266|    0.069785|   -0.007521|
|         533|  2.7638e-01|   -7.800796|   -8.968257|    1.233910|    0.069801|   -0.007527|
|         534|  2.7644e-01|   -7.802540|   -8.967517|    1.233556|    0.069816|   -0.007532|
|         535|  2.7643e-01|   -7.804235|   -8.966794|    1.233202|    0.069832|   -0.007537|
|         536|  2.7649e-01|   -7.805881|   -8.966226|    1.232850|    0.069847|   -0.007543|
|         537|  2.7668e-01|   -7.807476|   -8.965635|    1.232499|    0.069862|   -0.007549|
|         538|  2.7668e-01|   -7.809021|   -8.965064|    1.232148|    0.069876|   -0.007554|
|         539|  2.7667e-01|   -7.810519|   -8.964532|    1.231799|    0.069891|   -0.007560|
|         540|  2.7681e-01|   -7.811968|   -8.964044|    1.231451|    0.069905|   -0.007566|
|         541|  2.7692e-01|   -7.813372|   -8.963588|    1.231103|    0.069920|   -0.007572|
|         542|  2.7701e-01|   -7.814732|   -8.963228|    1.230757|    0.069934|   -0.007578|
|         543|  2.7701e-01|   -7.816049|   -8.962928|    1.230411|    0.069948|   -0.007584|
|         544|  2.7698e-01|   -7.817326|   -8.962739|    1.230067|    0.069962|   -0.007590|
|         545|  2.7699e-01|   -7.818564|   -8.962713|    1.229723|    0.069975|   -0.007596|
|         546|  2.7697e-01|   -7.819766|   -8.962449|    1.229381|    0.069989|   -0.007602|
|         547|  2.7699e-01|   -7.820935|   -8.962385|    1.229039|    0.070002|   -0.007608|
|         548|  2.7701e-01|   -7.822073|   -8.962284|    1.228698|    0.070016|   -0.007615|
|         549|  2.7710e-01|   -7.823182|   -8.962416|    1.228358|    0.070029|   -0.007621|
|         550|  2.7715e-01|   -7.824264|   -8.962652|    1.228020|    0.070042|   -0.007627|
|         551|  2.7721e-01|   -7.825323|   -8.963095|    1.227682|    0.070055|   -0.007633|
|         552|  2.7720e-01|   -7.826361|   -8.963764|    1.227345|    0.070068|   -0.007639|
|         553|  2.7722e-01|   -7.827381|   -8.964519|    1.227009|    0.070081|   -0.007645|
|         554|  2.7722e-01|   -7.828386|   -8.965253|    1.226674|    0.070094|   -0.007652|
|         555|  2.7725e-01|   -7.829379|   -8.966189|    1.226340|    0.070107|   -0.007658|
|         556|  2.7725e-01|   -7.830360|   -8.967336|    1.226007|    0.070119|   -0.007664|
|         557|  2.7723e-01|   -7.831333|   -8.968594|    1.225675|    0.070132|   -0.007669|
|         558|  2.7720e-01|   -7.832299|   -8.969953|    1.225344|    0.070145|   -0.007675|
|         559|  2.7730e-01|   -7.833262|   -8.971445|    1.225014|    0.070157|   -0.007681|
|         560|  2.7731e-01|   -7.834221|   -8.972883|    1.224685|    0.070170|   -0.007687|
|         561|  2.7738e-01|   -7.835180|   -8.974554|    1.224357|    0.070182|   -0.007693|
|         562|  2.7734e-01|   -7.836139|   -8.976251|    1.224030|    0.070195|   -0.007698|
|         563|  2.7738e-01|   -7.837099|   -8.977999|    1.223704|    0.070208|   -0.007704|
|         564|  2.7738e-01|   -7.838060|   -8.979764|    1.223379|    0.070220|   -0.007709|
|         565|  2.7737e-01|   -7.839024|   -8.981497|    1.223055|    0.070233|   -0.007714|
|         566|  2.7740e-01|   -7.839991|   -8.983376|    1.222732|    0.070245|   -0.007719|
|         567|  2.7745e-01|   -7.840960|   -8.985256|    1.222411|    0.070258|   -0.007725|
|         568|  2.7748e-01|   -7.841931|   -8.987105|    1.222090|    0.070271|   -0.007729|
|         569|  2.7753e-01|   -7.842906|   -8.989127|    1.221770|    0.070283|   -0.007734|
|         570|  2.7754e-01|   -7.843884|   -8.990936|    1.221452|    0.070296|   -0.007739|
|         571|  2.7761e-01|   -7.844865|   -8.992814|    1.221134|    0.070309|   -0.007744|
|         572|  2.7759e-01|   -7.845850|   -8.994610|    1.220818|    0.070322|   -0.007748|
|         573|  2.7772e-01|   -7.846841|   -8.996452|    1.220503|    0.070334|   -0.007753|
|         574|  2.7778e-01|   -7.847837|   -8.998037|    1.220189|    0.070347|   -0.007757|
|         575|  2.7786e-01|   -7.848841|   -8.999751|    1.219876|    0.070360|   -0.007761|
|         576|  2.7786e-01|   -7.849853|   -9.001349|    1.219564|    0.070373|   -0.007765|
|         577|  2.7785e-01|   -7.850873|   -9.002853|    1.219253|    0.070386|   -0.007769|
|         578|  2.7785e-01|   -7.851904|   -9.004231|    1.218944|    0.070399|   -0.007772|
|         579|  2.7783e-01|   -7.852946|   -9.005735|    1.218635|    0.070412|   -0.007776|
|         580|  2.7795e-01|   -7.854001|   -9.007209|    1.218328|    0.070426|   -0.007779|
|         581|  2.7794e-01|   -7.855069|   -9.008669|    1.218022|    0.070439|   -0.007783|
|         582|  2.7793e-01|   -7.856152|   -9.009966|    1.217717|    0.070452|   -0.007786|
|         583|  2.7791e-01|   -7.857251|   -9.011212|    1.217414|    0.070466|   -0.007788|
|         584|  2.7789e-01|   -7.858365|   -9.012265|    1.217111|    0.070479|   -0.007791|
|         585|  2.7795e-01|   -7.859495|   -9.013453|    1.216810|    0.070493|   -0.007794|
|         586|  2.7798e-01|   -7.860642|   -9.014606|    1.216510|    0.070507|   -0.007796|
|         587|  2.7796e-01|   -7.861805|   -9.015725|    1.216212|    0.070520|   -0.007798|
|         588|  2.7795e-01|   -7.862985|   -9.016817|    1.215915|    0.070534|   -0.007800|
|         589|  2.7810e-01|   -7.864183|   -9.017958|    1.215618|    0.070548|   -0.007802|
|         590|  2.7815e-01|   -7.865400|   -9.019109|    1.215324|    0.070562|   -0.007804|
|         591|  2.7814e-01|   -7.866635|   -9.020164|    1.215030|    0.070577|   -0.007805|
|         592|  2.7822e-01|   -7.867889|   -9.020970|    1.214738|    0.070591|   -0.007806|
|         593|  2.7819e-01|   -7.869163|   -9.021857|    1.214447|    0.070605|   -0.007808|
|         594|  2.7823e-01|   -7.870457|   -9.022745|    1.214157|    0.070620|   -0.007809|
|         595|  2.7821e-01|   -7.871771|   -9.023673|    1.213869|    0.070634|   -0.007809|
|         596|  2.7824e-01|   -7.873105|   -9.024624|    1.213582|    0.070649|   -0.007810|
|         597|  2.7823e-01|   -7.874461|   -9.025618|    1.213296|    0.070664|   -0.007811|
|         598|  2.7823e-01|   -7.875838|   -9.026658|    1.213012|    0.070678|   -0.007811|
|         599|  2.7829e-01|   -7.877237|   -9.027765|    1.212728|    0.070693|   -0.007811|
|         600|  2.7836e-01|   -7.878659|   -9.028951|    1.212446|    0.070708|   -0.007811|
|         601|  2.7833e-01|   -7.880102|   -9.030221|    1.212166|    0.070723|   -0.007811|
|         602|  2.7841e-01|   -7.881568|   -9.031583|    1.211886|    0.070738|   -0.007811|
|         603|  2.7851e-01|   -7.883056|   -9.033039|    1.211608|    0.070753|   -0.007810|
|         604|  2.7850e-01|   -7.884567|   -9.034664|    1.211332|    0.070769|   -0.007810|
|         605|  2.7865e-01|   -7.886099|   -9.036365|    1.211056|    0.070784|   -0.007809|
|         606|  2.7869e-01|   -7.887653|   -9.038248|    1.210782|    0.070799|   -0.007808|
|         607|  2.7871e-01|   -7.889229|   -9.040235|    1.210509|    0.070815|   -0.007807|
|         608|  2.7875e-01|   -7.890826|   -9.042242|    1.210238|    0.070830|   -0.007806|
|         609|  2.7880e-01|   -7.892443|   -9.044106|    1.209967|    0.070846|   -0.007805|
|         610|  2.7880e-01|   -7.894081|   -9.046332|    1.209698|    0.070862|   -0.007803|
|         611|  2.7899e-01|   -7.895738|   -9.048656|    1.209431|    0.070877|   -0.007802|
|         612|  2.7910e-01|   -7.897415|   -9.051151|    1.209164|    0.070893|   -0.007800|
|         613|  2.7923e-01|   -7.899112|   -9.053509|    1.208899|    0.070909|   -0.007798|
|         614|  2.7927e-01|   -7.900828|   -9.055832|    1.208635|    0.070925|   -0.007796|
|         615|  2.7930e-01|   -7.902563|   -9.058321|    1.208373|    0.070941|   -0.007794|
|         616|  2.7929e-01|   -7.904317|   -9.060861|    1.208111|    0.070957|   -0.007792|
|         617|  2.7928e-01|   -7.906089|   -9.063410|    1.207851|    0.070973|   -0.007790|
|         618|  2.7926e-01|   -7.907879|   -9.065843|    1.207592|    0.070989|   -0.007788|
|         619|  2.7932e-01|   -7.909686|   -9.068585|    1.207335|    0.071005|   -0.007785|
|         620|  2.7938e-01|   -7.911510|   -9.071369|    1.207079|    0.071021|   -0.007783|
|         621|  2.7943e-01|   -7.913349|   -9.074043|    1.206824|    0.071037|   -0.007780|
|         622|  2.7941e-01|   -7.915203|   -9.076919|    1.206570|    0.071053|   -0.007777|
|         623|  2.7950e-01|   -7.917070|   -9.079550|    1.206317|    0.071069|   -0.007774|
|         624|  2.7953e-01|   -7.918950|   -9.082090|    1.206066|    0.071086|   -0.007771|
|         625|  2.7955e-01|   -7.920842|   -9.084307|    1.205815|    0.071102|   -0.007768|
|         626|  2.7957e-01|   -7.922742|   -9.086650|    1.205566|    0.071118|   -0.007765|
|         627|  2.7958e-01|   -7.924650|   -9.088615|    1.205318|    0.071134|   -0.007762|
|         628|  2.7974e-01|   -7.926565|   -9.090608|    1.205071|    0.071151|   -0.007759|
|         629|  2.7982e-01|   -7.928485|   -9.092557|    1.204826|    0.071167|   -0.007756|
|         630|  2.7985e-01|   -7.930410|   -9.094287|    1.204581|    0.071183|   -0.007753|
|         631|  2.7981e-01|   -7.932339|   -9.095452|    1.204338|    0.071199|   -0.007749|
|         632|  2.7978e-01|   -7.934271|   -9.096464|    1.204095|    0.071215|   -0.007746|
|         633|  2.7977e-01|   -7.936204|   -9.097458|    1.203854|    0.071232|   -0.007743|
|         634|  2.7994e-01|   -7.938138|   -9.098299|    1.203614|    0.071248|   -0.007739|
|         635|  2.8007e-01|   -7.940071|   -9.099018|    1.203375|    0.071264|   -0.007736|
|         636|  2.8018e-01|   -7.942002|   -9.099740|    1.203136|    0.071280|   -0.007732|
|         637|  2.8034e-01|   -7.943931|   -9.100315|    1.202899|    0.071296|   -0.007729|
|         638|  2.8051e-01|   -7.945856|   -9.100761|    1.202663|    0.071312|   -0.007725|
|         639|  2.8059e-01|   -7.947777|   -9.100903|    1.202428|    0.071328|   -0.007722|
|         640|  2.8058e-01|   -7.949691|   -9.101337|    1.202194|    0.071344|   -0.007718|
|         641|  2.8060e-01|   -7.951599|   -9.101721|    1.201960|    0.071360|   -0.007715|
|         642|  2.8061e-01|   -7.953498|   -9.102107|    1.201728|    0.071375|   -0.007711|
|         643|  2.8074e-01|   -7.955388|   -9.102503|    1.201497|    0.071391|   -0.007708|
|         644|  2.8078e-01|   -7.957270|   -9.103016|    1.201266|    0.071407|   -0.007704|
|         645|  2.8076e-01|   -7.959141|   -9.103382|    1.201037|    0.071423|   -0.007701|
|         646|  2.8088e-01|   -7.961002|   -9.103386|    1.200808|    0.071438|   -0.007697|
|         647|  2.8087e-01|   -7.962850|   -9.103583|    1.200580|    0.071454|   -0.007694|
|         648|  2.8086e-01|   -7.964687|   -9.103761|    1.200353|    0.071469|   -0.007690|
|         649|  2.8092e-01|   -7.966509|   -9.103938|    1.200127|    0.071485|   -0.007687|
|         650|  2.8096e-01|   -7.968316|   -9.103940|    1.199902|    0.071500|   -0.007684|
|         651|  2.8096e-01|   -7.970107|   -9.103623|    1.199677|    0.071515|   -0.007680|
|         652|  2.8097e-01|   -7.971881|   -9.103512|    1.199454|    0.071530|   -0.007677|
|         653|  2.8101e-01|   -7.973636|   -9.103328|    1.199231|    0.071545|   -0.007673|
|         654|  2.8114e-01|   -7.975370|   -9.103076|    1.199009|    0.071561|   -0.007670|
|         655|  2.8118e-01|   -7.977082|   -9.102782|    1.198788|    0.071575|   -0.007667|
|         656|  2.8119e-01|   -7.978771|   -9.102524|    1.198567|    0.071590|   -0.007664|
|         657|  2.8117e-01|   -7.980435|   -9.102065|    1.198347|    0.071605|   -0.007660|
|         658|  2.8118e-01|   -7.982074|   -9.101287|    1.198128|    0.071620|   -0.007657|
|         659|  2.8126e-01|   -7.983686|   -9.100757|    1.197910|    0.071635|   -0.007654|
|         660|  2.8127e-01|   -7.985271|   -9.100087|    1.197692|    0.071649|   -0.007651|
|         661|  2.8128e-01|   -7.986826|   -9.099103|    1.197475|    0.071664|   -0.007648|
|         662|  2.8145e-01|   -7.988354|   -9.098359|    1.197259|    0.071678|   -0.007645|
|         663|  2.8149e-01|   -7.989851|   -9.097672|    1.197043|    0.071692|   -0.007642|
|         664|  2.8147e-01|   -7.991319|   -9.097168|    1.196828|    0.071707|   -0.007639|
|         665|  2.8154e-01|   -7.992758|   -9.096624|    1.196613|    0.071721|   -0.007636|
|         666|  2.8156e-01|   -7.994169|   -9.095607|    1.196400|    0.071735|   -0.007633|
|         667|  2.8155e-01|   -7.995553|   -9.094755|    1.196186|    0.071749|   -0.007630|
|         668|  2.8159e-01|   -7.996909|   -9.093815|    1.195974|    0.071763|   -0.007627|
|         669|  2.8164e-01|   -7.998237|   -9.092923|    1.195762|    0.071776|   -0.007625|
|         670|  2.8163e-01|   -7.999539|   -9.091983|    1.195550|    0.071790|   -0.007622|
|         671|  2.8161e-01|   -8.000814|   -9.090510|    1.195339|    0.071804|   -0.007619|
|         672|  2.8160e-01|   -8.002063|   -9.089456|    1.195129|    0.071817|   -0.007616|
|         673|  2.8157e-01|   -8.003286|   -9.088408|    1.194919|    0.071831|   -0.007614|
|         674|  2.8156e-01|   -8.004483|   -9.087380|    1.194710|    0.071844|   -0.007611|
|         675|  2.8163e-01|   -8.005655|   -9.086396|    1.194501|    0.071857|   -0.007609|
|         676|  2.8169e-01|   -8.006802|   -9.085472|    1.194293|    0.071871|   -0.007606|
|         677|  2.8167e-01|   -8.007925|   -9.084663|    1.194085|    0.071884|   -0.007604|
|         678|  2.8165e-01|   -8.009024|   -9.083938|    1.193878|    0.071897|   -0.007601|
|         679|  2.8162e-01|   -8.010098|   -9.083297|    1.193671|    0.071910|   -0.007599|
|         680|  2.8165e-01|   -8.011148|   -9.082809|    1.193465|    0.071923|   -0.007596|
|         681|  2.8165e-01|   -8.012174|   -9.082538|    1.193259|    0.071936|   -0.007594|
|         682|  2.8167e-01|   -8.013176|   -9.082368|    1.193054|    0.071949|   -0.007591|
|         683|  2.8174e-01|   -8.014156|   -9.082352|    1.192850|    0.071961|   -0.007589|
|         684|  2.8173e-01|   -8.015113|   -9.082588|    1.192645|    0.071974|   -0.007587|
|         685|  2.8167e-01|   -8.016049|   -9.082820|    1.192442|    0.071987|   -0.007584|
|         686|  2.8159e-01|   -8.016965|   -9.083094|    1.192239|    0.071999|   -0.007582|
|         687|  2.8150e-01|   -8.017862|   -9.083577|    1.192036|    0.072012|   -0.007580|
|         688|  2.8139e-01|   -8.018741|   -9.084164|    1.191833|    0.072024|   -0.007577|
|         689|  2.8127e-01|   -8.019602|   -9.084919|    1.191632|    0.072037|   -0.007575|
|         690|  2.8115e-01|   -8.020448|   -9.085798|    1.191430|    0.072049|   -0.007573|
|         691|  2.8103e-01|   -8.021277|   -9.086739|    1.191229|    0.072062|   -0.007570|
|         692|  2.8092e-01|   -8.022091|   -9.087739|    1.191029|    0.072074|   -0.007568|
|         693|  2.8080e-01|   -8.022892|   -9.088786|    1.190829|    0.072086|   -0.007566|
|         694|  2.8068e-01|   -8.023678|   -9.089862|    1.190630|    0.072098|   -0.007563|
|         695|  2.8056e-01|   -8.024452|   -9.090954|    1.190431|    0.072111|   -0.007561|
|         696|  2.8045e-01|   -8.025214|   -9.092060|    1.190232|    0.072123|   -0.007558|
|         697|  2.8034e-01|   -8.025963|   -9.093180|    1.190034|    0.072135|   -0.007556|
|         698|  2.8024e-01|   -8.026700|   -9.094304|    1.189836|    0.072147|   -0.007554|
|         699|  2.8015e-01|   -8.027426|   -9.095492|    1.189639|    0.072159|   -0.007551|
|         700|  2.8006e-01|   -8.028142|   -9.096655|    1.189443|    0.072171|   -0.007549|
|         701|  2.7997e-01|   -8.028849|   -9.097696|    1.189246|    0.072183|   -0.007546|
|         702|  2.7986e-01|   -8.029546|   -9.098802|    1.189051|    0.072195|   -0.007543|
|         703|  2.7974e-01|   -8.030235|   -9.099938|    1.188856|    0.072207|   -0.007541|
|         704|  2.7963e-01|   -8.030917|   -9.101038|    1.188661|    0.072219|   -0.007538|
|         705|  2.7952e-01|   -8.031593|   -9.102198|    1.188467|    0.072231|   -0.007535|
|         706|  2.7941e-01|   -8.032264|   -9.103375|    1.188273|    0.072244|   -0.007533|
|         707|  2.7929e-01|   -8.032931|   -9.104555|    1.188080|    0.072256|   -0.007530|
|         708|  2.7918e-01|   -8.033597|   -9.105750|    1.187887|    0.072268|   -0.007527|
|         709|  2.7907e-01|   -8.034261|   -9.106989|    1.187695|    0.072280|   -0.007524|
|         710|  2.7895e-01|   -8.034926|   -9.108147|    1.187504|    0.072292|   -0.007521|
|         711|  2.7884e-01|   -8.035592|   -9.109203|    1.187312|    0.072304|   -0.007518|
|         712|  2.7873e-01|   -8.036260|   -9.110378|    1.187122|    0.072316|   -0.007515|
|         713|  2.7865e-01|   -8.036931|   -9.111530|    1.186932|    0.072328|   -0.007512|
|         714|  2.7857e-01|   -8.037604|   -9.112681|    1.186742|    0.072340|   -0.007508|
|         715|  2.7848e-01|   -8.038281|   -9.113849|    1.186553|    0.072353|   -0.007505|
|         716|  2.7840e-01|   -8.038962|   -9.115068|    1.186365|    0.072365|   -0.007502|
|         717|  2.7832e-01|   -8.039649|   -9.116195|    1.186177|    0.072377|   -0.007498|
|         718|  2.7821e-01|   -8.040342|   -9.117299|    1.185990|    0.072389|   -0.007495|
|         719|  2.7810e-01|   -8.041041|   -9.118399|    1.185803|    0.072402|   -0.007491|
|         720|  2.7799e-01|   -8.041746|   -9.119498|    1.185617|    0.072414|   -0.007487|
|         721|  2.7788e-01|   -8.042457|   -9.120366|    1.185431|    0.072426|   -0.007483|
|         722|  2.7777e-01|   -8.043176|   -9.121586|    1.185246|    0.072439|   -0.007480|
|         723|  2.7766e-01|   -8.043903|   -9.122835|    1.185062|    0.072451|   -0.007476|
|         724|  2.7756e-01|   -8.044637|   -9.124115|    1.184878|    0.072463|   -0.007472|
|         725|  2.7746e-01|   -8.045381|   -9.125460|    1.184695|    0.072476|   -0.007468|
|         726|  2.7735e-01|   -8.046134|   -9.126863|    1.184512|    0.072489|   -0.007463|
|         727|  2.7725e-01|   -8.046899|   -9.128333|    1.184330|    0.072501|   -0.007459|
|         728|  2.7714e-01|   -8.047674|   -9.129875|    1.184148|    0.072514|   -0.007455|
|         729|  2.7704e-01|   -8.048462|   -9.131453|    1.183967|    0.072526|   -0.007450|
|         730|  2.7693e-01|   -8.049262|   -9.133063|    1.183787|    0.072539|   -0.007446|
|         731|  2.7683e-01|   -8.050075|   -9.134681|    1.183607|    0.072552|   -0.007441|
|         732|  2.7672e-01|   -8.050902|   -9.136389|    1.183428|    0.072565|   -0.007436|
|         733|  2.7662e-01|   -8.051743|   -9.138182|    1.183250|    0.072577|   -0.007432|
|         734|  2.7651e-01|   -8.052597|   -9.140023|    1.183072|    0.072590|   -0.007427|
|         735|  2.7641e-01|   -8.053466|   -9.141901|    1.182895|    0.072603|   -0.007422|
|         736|  2.7630e-01|   -8.054350|   -9.143814|    1.182718|    0.072616|   -0.007417|
|         737|  2.7620e-01|   -8.055248|   -9.145763|    1.182542|    0.072629|   -0.007412|
|         738|  2.7609e-01|   -8.056163|   -9.147735|    1.182367|    0.072642|   -0.007406|
|         739|  2.7599e-01|   -8.057092|   -9.149717|    1.182192|    0.072655|   -0.007401|
|         740|  2.7589e-01|   -8.058038|   -9.151692|    1.182018|    0.072668|   -0.007396|
|         741|  2.7578e-01|   -8.059000|   -9.153640|    1.181845|    0.072682|   -0.007390|
|         742|  2.7568e-01|   -8.059978|   -9.155539|    1.181672|    0.072695|   -0.007384|
|         743|  2.7558e-01|   -8.060973|   -9.157378|    1.181500|    0.072708|   -0.007379|
|         744|  2.7548e-01|   -8.061984|   -9.159213|    1.181329|    0.072722|   -0.007373|
|         745|  2.7537e-01|   -8.063012|   -9.160941|    1.181158|    0.072735|   -0.007367|
|         746|  2.7527e-01|   -8.064056|   -9.162552|    1.180988|    0.072749|   -0.007361|
|         747|  2.7517e-01|   -8.065116|   -9.164070|    1.180819|    0.072762|   -0.007355|
|         748|  2.7507e-01|   -8.066192|   -9.165494|    1.180650|    0.072776|   -0.007349|
|         749|  2.7497e-01|   -8.067282|   -9.166837|    1.180482|    0.072789|   -0.007342|
|         750|  2.7490e-01|   -8.068387|   -9.168161|    1.180314|    0.072803|   -0.007336|
+-----------------------------------------------------------------------+
|        File Writing Summary       |              Filename             |
+-----------------------------------------------------------------------+
|SU2 binary restart                 |restart_flow.dat                   |
|Paraview                           |flow.vtu                           |
|Paraview surface                   |surface_flow.vtu                   |
+-----------------------------------------------------------------------+
+------------------------------------------------------------------------------------------+
|  Inner_Iter|   Time(sec)|    rms[Rho]|     rms[nu]|          CL|          CD|         CMz|
+------------------------------------------------------------------------------------------+
|         751|  2.7490e-01|   -8.069505|   -9.169543|    1.180148|    0.072816|   -0.007330|
|         752|  2.7480e-01|   -8.070636|   -9.170776|    1.179982|    0.072830|   -0.007323|
|         753|  2.7470e-01|   -8.071779|   -9.171961|    1.179816|    0.072844|   -0.007317|
|         754|  2.7460e-01|   -8.072933|   -9.173117|    1.179651|    0.072858|   -0.007310|
|         755|  2.7452e-01|   -8.074099|   -9.174238|    1.179487|    0.072872|   -0.007303|
|         756|  2.7443e-01|   -8.075275|   -9.175340|    1.179323|    0.072885|   -0.007297|
|         757|  2.7434e-01|   -8.076462|   -9.176464|    1.179161|    0.072899|   -0.007290|
|         758|  2.7427e-01|   -8.077660|   -9.177550|    1.178998|    0.072913|   -0.007283|
|         759|  2.7418e-01|   -8.078868|   -9.178328|    1.178837|    0.072927|   -0.007276|
|         760|  2.7409e-01|   -8.080088|   -9.179337|    1.178676|    0.072941|   -0.007269|
|         761|  2.7400e-01|   -8.081317|   -9.180282|    1.178515|    0.072955|   -0.007262|
|         762|  2.7390e-01|   -8.082555|   -9.181095|    1.178355|    0.072969|   -0.007255|
|         763|  2.7383e-01|   -8.083802|   -9.181898|    1.178196|    0.072983|   -0.007248|
|         764|  2.7374e-01|   -8.085059|   -9.182697|    1.178038|    0.072997|   -0.007241|
|         765|  2.7366e-01|   -8.086324|   -9.183427|    1.177880|    0.073011|   -0.007233|
|         766|  2.7357e-01|   -8.087597|   -9.184088|    1.177723|    0.073025|   -0.007226|
|         767|  2.7348e-01|   -8.088879|   -9.184678|    1.177566|    0.073039|   -0.007219|
|         768|  2.7339e-01|   -8.090169|   -9.185060|    1.177410|    0.073053|   -0.007211|
|         769|  2.7330e-01|   -8.091468|   -9.185433|    1.177254|    0.073067|   -0.007204|
|         770|  2.7323e-01|   -8.092774|   -9.185903|    1.177099|    0.073081|   -0.007196|
|         771|  2.7317e-01|   -8.094087|   -9.186364|    1.176945|    0.073095|   -0.007189|
|         772|  2.7310e-01|   -8.095407|   -9.186758|    1.176791|    0.073109|   -0.007181|
|         773|  2.7301e-01|   -8.096734|   -9.187067|    1.176638|    0.073124|   -0.007174|
|         774|  2.7292e-01|   -8.098067|   -9.187354|    1.176486|    0.073138|   -0.007166|
|         775|  2.7284e-01|   -8.099405|   -9.187632|    1.176334|    0.073152|   -0.007158|
|         776|  2.7276e-01|   -8.100748|   -9.187926|    1.176182|    0.073166|   -0.007151|
|         777|  2.7268e-01|   -8.102093|   -9.188023|    1.176031|    0.073180|   -0.007143|
|         778|  2.7260e-01|   -8.103441|   -9.188247|    1.175881|    0.073194|   -0.007135|
|         779|  2.7252e-01|   -8.104789|   -9.188683|    1.175731|    0.073208|   -0.007128|
|         780|  2.7243e-01|   -8.106136|   -9.189129|    1.175582|    0.073222|   -0.007120|
|         781|  2.7235e-01|   -8.107482|   -9.189370|    1.175433|    0.073236|   -0.007112|
|         782|  2.7227e-01|   -8.108826|   -9.189781|    1.175285|    0.073250|   -0.007104|
|         783|  2.7219e-01|   -8.110167|   -9.190309|    1.175137|    0.073264|   -0.007097|
|         784|  2.7211e-01|   -8.111504|   -9.190947|    1.174989|    0.073278|   -0.007089|
|         785|  2.7202e-01|   -8.112838|   -9.191742|    1.174843|    0.073292|   -0.007081|
|         786|  2.7194e-01|   -8.114167|   -9.192653|    1.174696|    0.073306|   -0.007074|
|         787|  2.7186e-01|   -8.115493|   -9.193617|    1.174550|    0.073320|   -0.007066|
|         788|  2.7178e-01|   -8.116814|   -9.194684|    1.174405|    0.073334|   -0.007058|
|         789|  2.7170e-01|   -8.118129|   -9.195866|    1.174259|    0.073348|   -0.007050|
|         790|  2.7162e-01|   -8.119440|   -9.197174|    1.174115|    0.073361|   -0.007043|
|         791|  2.7153e-01|   -8.120745|   -9.198611|    1.173971|    0.073375|   -0.007035|
|         792|  2.7145e-01|   -8.122045|   -9.200079|    1.173827|    0.073389|   -0.007027|
|         793|  2.7137e-01|   -8.123339|   -9.201626|    1.173683|    0.073402|   -0.007020|
|         794|  2.7128e-01|   -8.124627|   -9.203267|    1.173540|    0.073416|   -0.007012|
|         795|  2.7120e-01|   -8.125907|   -9.204844|    1.173398|    0.073430|   -0.007005|
|         796|  2.7112e-01|   -8.127180|   -9.206405|    1.173255|    0.073443|   -0.006997|
|         797|  2.7103e-01|   -8.128443|   -9.207935|    1.173113|    0.073457|   -0.006989|
|         798|  2.7095e-01|   -8.129695|   -9.209410|    1.172972|    0.073470|   -0.006982|
|         799|  2.7087e-01|   -8.130934|   -9.210810|    1.172831|    0.073484|   -0.006974|
|         800|  2.7080e-01|   -8.132160|   -9.212123|    1.172690|    0.073497|   -0.006967|
|         801|  2.7072e-01|   -8.133370|   -9.213329|    1.172549|    0.073510|   -0.006959|
|         802|  2.7063e-01|   -8.134564|   -9.214396|    1.172409|    0.073523|   -0.006952|
|         803|  2.7057e-01|   -8.135738|   -9.215234|    1.172269|    0.073537|   -0.006945|
|         804|  2.7049e-01|   -8.136893|   -9.216015|    1.172130|    0.073550|   -0.006937|
|         805|  2.7042e-01|   -8.138026|   -9.216715|    1.171991|    0.073563|   -0.006930|
|         806|  2.7034e-01|   -8.139136|   -9.217279|    1.171852|    0.073576|   -0.006923|
|         807|  2.7026e-01|   -8.140222|   -9.217703|    1.171713|    0.073589|   -0.006915|
|         808|  2.7018e-01|   -8.141283|   -9.217936|    1.171575|    0.073602|   -0.006908|
|         809|  2.7010e-01|   -8.142319|   -9.217930|    1.171437|    0.073615|   -0.006901|
|         810|  2.7002e-01|   -8.143331|   -9.217936|    1.171299|    0.073628|   -0.006894|
|         811|  2.6994e-01|   -8.144317|   -9.217843|    1.171161|    0.073640|   -0.006887|
|         812|  2.6988e-01|   -8.145278|   -9.217634|    1.171024|    0.073653|   -0.006880|
|         813|  2.6980e-01|   -8.146214|   -9.217325|    1.170886|    0.073666|   -0.006873|
|         814|  2.6971e-01|   -8.147126|   -9.216920|    1.170750|    0.073678|   -0.006866|
|         815|  2.6963e-01|   -8.148015|   -9.216393|    1.170613|    0.073691|   -0.006859|
|         816|  2.6955e-01|   -8.148882|   -9.215798|    1.170476|    0.073703|   -0.006852|
|         817|  2.6946e-01|   -8.149726|   -9.215213|    1.170340|    0.073716|   -0.006845|
|         818|  2.6937e-01|   -8.150548|   -9.214614|    1.170204|    0.073728|   -0.006838|
|         819|  2.6929e-01|   -8.151350|   -9.214003|    1.170068|    0.073740|   -0.006832|
|         820|  2.6921e-01|   -8.152131|   -9.213394|    1.169932|    0.073753|   -0.006825|
|         821|  2.6912e-01|   -8.152892|   -9.212804|    1.169797|    0.073765|   -0.006818|
|         822|  2.6904e-01|   -8.153633|   -9.212245|    1.169662|    0.073777|   -0.006812|
|         823|  2.6896e-01|   -8.154355|   -9.211724|    1.169527|    0.073789|   -0.006805|
|         824|  2.6887e-01|   -8.155058|   -9.211251|    1.169392|    0.073801|   -0.006798|
|         825|  2.6879e-01|   -8.155741|   -9.210850|    1.169257|    0.073813|   -0.006792|
|         826|  2.6872e-01|   -8.156405|   -9.210539|    1.169122|    0.073825|   -0.006785|
|         827|  2.6864e-01|   -8.157050|   -9.210278|    1.168988|    0.073837|   -0.006779|
|         828|  2.6855e-01|   -8.157674|   -9.210067|    1.168854|    0.073849|   -0.006772|
|         829|  2.6848e-01|   -8.158278|   -9.209926|    1.168720|    0.073861|   -0.006766|
|         830|  2.6840e-01|   -8.158861|   -9.209857|    1.168586|    0.073873|   -0.006760|
|         831|  2.6832e-01|   -8.159422|   -9.209860|    1.168452|    0.073884|   -0.006753|
|         832|  2.6824e-01|   -8.159963|   -9.209936|    1.168318|    0.073896|   -0.006747|
|         833|  2.6815e-01|   -8.160482|   -9.210086|    1.168185|    0.073908|   -0.006741|
|         834|  2.6807e-01|   -8.160981|   -9.210326|    1.168051|    0.073919|   -0.006735|
|         835|  2.6799e-01|   -8.161459|   -9.210665|    1.167918|    0.073931|   -0.006728|
|         836|  2.6793e-01|   -8.161919|   -9.211117|    1.167785|    0.073942|   -0.006722|
|         837|  2.6785e-01|   -8.162360|   -9.211781|    1.167652|    0.073954|   -0.006716|
|         838|  2.6778e-01|   -8.162785|   -9.212288|    1.167519|    0.073965|   -0.006710|
|         839|  2.6772e-01|   -8.163194|   -9.212803|    1.167386|    0.073976|   -0.006704|
|         840|  2.6765e-01|   -8.163589|   -9.213349|    1.167253|    0.073988|   -0.006698|
|         841|  2.6756e-01|   -8.163969|   -9.213901|    1.167121|    0.073999|   -0.006692|
|         842|  2.6748e-01|   -8.164335|   -9.214449|    1.166988|    0.074010|   -0.006686|
|         843|  2.6740e-01|   -8.164689|   -9.214987|    1.166856|    0.074021|   -0.006680|
|         844|  2.6732e-01|   -8.165032|   -9.215236|    1.166723|    0.074032|   -0.006674|
|         845|  2.6725e-01|   -8.165363|   -9.215657|    1.166591|    0.074044|   -0.006668|
|         846|  2.6716e-01|   -8.165684|   -9.216084|    1.166459|    0.074055|   -0.006662|
|         847|  2.6709e-01|   -8.165994|   -9.216247|    1.166327|    0.074066|   -0.006656|
|         848|  2.6701e-01|   -8.166293|   -9.216572|    1.166195|    0.074077|   -0.006650|
|         849|  2.6693e-01|   -8.166583|   -9.216837|    1.166064|    0.074088|   -0.006644|
|         850|  2.6686e-01|   -8.166863|   -9.217039|    1.165932|    0.074099|   -0.006639|
|         851|  2.6678e-01|   -8.167132|   -9.217206|    1.165801|    0.074110|   -0.006633|
|         852|  2.6670e-01|   -8.167394|   -9.217360|    1.165669|    0.074121|   -0.006627|
|         853|  2.6662e-01|   -8.167646|   -9.217514|    1.165538|    0.074132|   -0.006621|
|         854|  2.6655e-01|   -8.167891|   -9.217676|    1.165407|    0.074143|   -0.006615|
|         855|  2.6650e-01|   -8.168130|   -9.217860|    1.165276|    0.074154|   -0.006609|
|         856|  2.6643e-01|   -8.168362|   -9.218054|    1.165146|    0.074165|   -0.006603|
|         857|  2.6635e-01|   -8.168588|   -9.218318|    1.165015|    0.074175|   -0.006597|
|         858|  2.6627e-01|   -8.168810|   -9.218695|    1.164885|    0.074186|   -0.006592|
|         859|  2.6619e-01|   -8.169028|   -9.219164|    1.164754|    0.074197|   -0.006586|
|         860|  2.6611e-01|   -8.169244|   -9.219810|    1.164624|    0.074208|   -0.006580|
|         861|  2.6603e-01|   -8.169458|   -9.220490|    1.164494|    0.074219|   -0.006574|
|         862|  2.6595e-01|   -8.169672|   -9.221199|    1.164364|    0.074230|   -0.006568|
|         863|  2.6588e-01|   -8.169886|   -9.221970|    1.164234|    0.074241|   -0.006562|
|         864|  2.6580e-01|   -8.170101|   -9.222789|    1.164105|    0.074252|   -0.006556|
|         865|  2.6572e-01|   -8.170317|   -9.223642|    1.163975|    0.074262|   -0.006550|
|         866|  2.6565e-01|   -8.170536|   -9.224540|    1.163846|    0.074273|   -0.006544|
|         867|  2.6557e-01|   -8.170757|   -9.225474|    1.163717|    0.074284|   -0.006538|
|         868|  2.6550e-01|   -8.170982|   -9.226349|    1.163588|    0.074295|   -0.006532|
|         869|  2.6543e-01|   -8.171211|   -9.227180|    1.163459|    0.074306|   -0.006526|
|         870|  2.6537e-01|   -8.171444|   -9.227973|    1.163330|    0.074317|   -0.006520|
|         871|  2.6531e-01|   -8.171680|   -9.228719|    1.163202|    0.074328|   -0.006514|
|         872|  2.6525e-01|   -8.171921|   -9.229408|    1.163074|    0.074339|   -0.006508|
|         873|  2.6517e-01|   -8.172166|   -9.229926|    1.162946|    0.074350|   -0.006502|
|         874|  2.6510e-01|   -8.172416|   -9.230315|    1.162818|    0.074360|   -0.006495|
|         875|  2.6502e-01|   -8.172671|   -9.230789|    1.162690|    0.074371|   -0.006489|
|         876|  2.6495e-01|   -8.172932|   -9.231192|    1.162563|    0.074382|   -0.006483|
|         877|  2.6488e-01|   -8.173197|   -9.231537|    1.162436|    0.074393|   -0.006477|
|         878|  2.6480e-01|   -8.173470|   -9.231836|    1.162308|    0.074404|   -0.006471|
|         879|  2.6473e-01|   -8.173749|   -9.232101|    1.162182|    0.074415|   -0.006464|
|         880|  2.6465e-01|   -8.174037|   -9.232338|    1.162055|    0.074426|   -0.006458|
|         881|  2.6458e-01|   -8.174333|   -9.232540|    1.161929|    0.074437|   -0.006452|
|         882|  2.6451e-01|   -8.174638|   -9.232718|    1.161802|    0.074448|   -0.006445|
|         883|  2.6446e-01|   -8.174952|   -9.232927|    1.161676|    0.074460|   -0.006439|
|         884|  2.6439e-01|   -8.175276|   -9.233185|    1.161551|    0.074471|   -0.006432|
|         885|  2.6432e-01|   -8.175610|   -9.233484|    1.161425|    0.074482|   -0.006426|
|         886|  2.6426e-01|   -8.175954|   -9.233823|    1.161300|    0.074493|   -0.006419|
|         887|  2.6420e-01|   -8.176308|   -9.234206|    1.161175|    0.074504|   -0.006413|
|         888|  2.6415e-01|   -8.176673|   -9.234637|    1.161050|    0.074515|   -0.006406|
|         889|  2.6408e-01|   -8.177047|   -9.235073|    1.160925|    0.074526|   -0.006399|
|         890|  2.6401e-01|   -8.177433|   -9.235495|    1.160801|    0.074538|   -0.006393|
|         891|  2.6393e-01|   -8.177830|   -9.236020|    1.160676|    0.074549|   -0.006386|
|         892|  2.6386e-01|   -8.178237|   -9.236621|    1.160552|    0.074560|   -0.006379|
|         893|  2.6379e-01|   -8.178657|   -9.237255|    1.160429|    0.074571|   -0.006373|
|         894|  2.6372e-01|   -8.179088|   -9.237914|    1.160305|    0.074583|   -0.006366|
|         895|  2.6364e-01|   -8.179531|   -9.238590|    1.160182|    0.074594|   -0.006359|
|         896|  2.6359e-01|   -8.179987|   -9.239294|    1.160059|    0.074605|   -0.006352|
|         897|  2.6351e-01|   -8.180455|   -9.240032|    1.159937|    0.074617|   -0.006345|
|         898|  2.6344e-01|   -8.180936|   -9.240859|    1.159815|    0.074628|   -0.006338|
|         899|  2.6337e-01|   -8.181429|   -9.241673|    1.159693|    0.074639|   -0.006331|
|         900|  2.6330e-01|   -8.181936|   -9.242372|    1.159571|    0.074651|   -0.006324|
|         901|  2.6323e-01|   -8.182454|   -9.242868|    1.159449|    0.074662|   -0.006317|
|         902|  2.6316e-01|   -8.182986|   -9.243528|    1.159328|    0.074674|   -0.006309|
|         903|  2.6312e-01|   -8.183531|   -9.244235|    1.159207|    0.074685|   -0.006302|
|         904|  2.6305e-01|   -8.184088|   -9.244984|    1.159087|    0.074697|   -0.006295|
|         905|  2.6299e-01|   -8.184660|   -9.245781|    1.158966|    0.074709|   -0.006288|
|         906|  2.6293e-01|   -8.185245|   -9.246643|    1.158846|    0.074720|   -0.006280|
|         907|  2.6286e-01|   -8.185844|   -9.247582|    1.158727|    0.074732|   -0.006273|
|         908|  2.6279e-01|   -8.186457|   -9.248562|    1.158607|    0.074743|   -0.006266|
|         909|  2.6272e-01|   -8.187085|   -9.249474|    1.158488|    0.074755|   -0.006258|
|         910|  2.6264e-01|   -8.187729|   -9.250424|    1.158369|    0.074767|   -0.006251|
|         911|  2.6257e-01|   -8.188386|   -9.251401|    1.158251|    0.074779|   -0.006243|
|         912|  2.6250e-01|   -8.189058|   -9.252445|    1.158133|    0.074790|   -0.006236|
|         913|  2.6243e-01|   -8.189744|   -9.253585|    1.158015|    0.074802|   -0.006228|
|         914|  2.6236e-01|   -8.190444|   -9.254696|    1.157897|    0.074814|   -0.006220|
|         915|  2.6229e-01|   -8.191157|   -9.255520|    1.157780|    0.074826|   -0.006213|
|         916|  2.6222e-01|   -8.191882|   -9.256658|    1.157663|    0.074837|   -0.006205|
|         917|  2.6215e-01|   -8.192618|   -9.257770|    1.157546|    0.074849|   -0.006197|
|         918|  2.6208e-01|   -8.193363|   -9.258883|    1.157429|    0.074861|   -0.006190|
|         919|  2.6201e-01|   -8.194117|   -9.260013|    1.157313|    0.074873|   -0.006182|
|         920|  2.6195e-01|   -8.194879|   -9.261164|    1.157197|    0.074885|   -0.006174|
|         921|  2.6188e-01|   -8.195649|   -9.262343|    1.157082|    0.074897|   -0.006166|
|         922|  2.6181e-01|   -8.196426|   -9.263554|    1.156966|    0.074909|   -0.006159|
|         923|  2.6174e-01|   -8.197210|   -9.264793|    1.156851|    0.074920|   -0.006151|
|         924|  2.6167e-01|   -8.198000|   -9.266065|    1.156736|    0.074932|   -0.006143|
|         925|  2.6160e-01|   -8.198795|   -9.267380|    1.156622|    0.074944|   -0.006135|
|         926|  2.6153e-01|   -8.199597|   -9.268736|    1.156508|    0.074956|   -0.006127|
|         927|  2.6146e-01|   -8.200405|   -9.270129|    1.156394|    0.074968|   -0.006119|
|         928|  2.6139e-01|   -8.201219|   -9.271550|    1.156280|    0.074980|   -0.006112|
|         929|  2.6133e-01|   -8.202038|   -9.272996|    1.156166|    0.074992|   -0.006104|
|         930|  2.6126e-01|   -8.202863|   -9.274481|    1.156053|    0.075004|   -0.006096|
|         931|  2.6119e-01|   -8.203694|   -9.275932|    1.155940|    0.075015|   -0.006088|
|         932|  2.6112e-01|   -8.204531|   -9.277201|    1.155828|    0.075027|   -0.006080|
|         933|  2.6105e-01|   -8.205372|   -9.278386|    1.155715|    0.075039|   -0.006072|
|         934|  2.6098e-01|   -8.206217|   -9.279523|    1.155603|    0.075051|   -0.006064|
|         935|  2.6092e-01|   -8.207065|   -9.280718|    1.155491|    0.075063|   -0.006056|
|         936|  2.6085e-01|   -8.207916|   -9.281858|    1.155380|    0.075075|   -0.006048|
|         937|  2.6078e-01|   -8.208767|   -9.282844|    1.155268|    0.075087|   -0.006040|
|         938|  2.6072e-01|   -8.209619|   -9.283741|    1.155157|    0.075099|   -0.006032|
|         939|  2.6065e-01|   -8.210471|   -9.284562|    1.155046|    0.075111|   -0.006024|
|         940|  2.6058e-01|   -8.211321|   -9.285312|    1.154936|    0.075122|   -0.006016|
|         941|  2.6051e-01|   -8.212168|   -9.285980|    1.154825|    0.075134|   -0.006008|
|         942|  2.6045e-01|   -8.213013|   -9.286580|    1.154715|    0.075146|   -0.006000|
|         943|  2.6038e-01|   -8.213854|   -9.287114|    1.154605|    0.075158|   -0.005992|
|         944|  2.6031e-01|   -8.214691|   -9.287583|    1.154496|    0.075170|   -0.005984|
|         945|  2.6025e-01|   -8.215523|   -9.287981|    1.154386|    0.075182|   -0.005976|
|         946|  2.6018e-01|   -8.216349|   -9.288263|    1.154277|    0.075193|   -0.005968|
|         947|  2.6011e-01|   -8.217169|   -9.288218|    1.154168|    0.075205|   -0.005960|
|         948|  2.6005e-01|   -8.217982|   -9.288338|    1.154059|    0.075217|   -0.005952|
|         949|  2.5998e-01|   -8.218788|   -9.288423|    1.153950|    0.075229|   -0.005944|
|         950|  2.5992e-01|   -8.219584|   -9.288431|    1.153842|    0.075240|   -0.005936|
|         951|  2.5985e-01|   -8.220372|   -9.288392|    1.153734|    0.075252|   -0.005928|
|         952|  2.5979e-01|   -8.221151|   -9.288325|    1.153625|    0.075264|   -0.005920|
|         953|  2.5972e-01|   -8.221922|   -9.288246|    1.153518|    0.075275|   -0.005912|
|         954|  2.5965e-01|   -8.222682|   -9.288170|    1.153410|    0.075287|   -0.005905|
|         955|  2.5959e-01|   -8.223434|   -9.288108|    1.153302|    0.075299|   -0.005897|
|         956|  2.5952e-01|   -8.224176|   -9.288070|    1.153195|    0.075310|   -0.005889|
|         957|  2.5946e-01|   -8.224908|   -9.288063|    1.153088|    0.075322|   -0.005881|
|         958|  2.5939e-01|   -8.225630|   -9.288089|    1.152980|    0.075333|   -0.005873|
|         959|  2.5933e-01|   -8.226343|   -9.288144|    1.152874|    0.075345|   -0.005866|
|         960|  2.5927e-01|   -8.227045|   -9.288197|    1.152767|    0.075356|   -0.005858|
|         961|  2.5921e-01|   -8.227738|   -9.288233|    1.152660|    0.075367|   -0.005850|
|         962|  2.5917e-01|   -8.228420|   -9.288312|    1.152554|    0.075379|   -0.005842|
|         963|  2.5913e-01|   -8.229091|   -9.288443|    1.152447|    0.075390|   -0.005835|
|         964|  2.5909e-01|   -8.229752|   -9.288588|    1.152341|    0.075402|   -0.005827|
|         965|  2.5905e-01|   -8.230401|   -9.288730|    1.152235|    0.075413|   -0.005819|
|         966|  2.5901e-01|   -8.231040|   -9.288858|    1.152129|    0.075424|   -0.005812|
|         967|  2.5895e-01|   -8.231666|   -9.288963|    1.152024|    0.075436|   -0.005804|
|         968|  2.5889e-01|   -8.232281|   -9.289039|    1.151918|    0.075447|   -0.005797|
|         969|  2.5883e-01|   -8.232885|   -9.289078|    1.151813|    0.075458|   -0.005789|
|         970|  2.5878e-01|   -8.233476|   -9.289077|    1.151707|    0.075469|   -0.005782|
|         971|  2.5872e-01|   -8.234055|   -9.289033|    1.151602|    0.075480|   -0.005774|
|         972|  2.5866e-01|   -8.234621|   -9.288945|    1.151497|    0.075491|   -0.005767|
|         973|  2.5860e-01|   -8.235176|   -9.288819|    1.151392|    0.075503|   -0.005759|
|         974|  2.5854e-01|   -8.235718|   -9.288660|    1.151287|    0.075514|   -0.005752|
|         975|  2.5848e-01|   -8.236247|   -9.288478|    1.151182|    0.075525|   -0.005744|
|         976|  2.5843e-01|   -8.236764|   -9.288286|    1.151077|    0.075536|   -0.005737|
|         977|  2.5837e-01|   -8.237269|   -9.288108|    1.150973|    0.075547|   -0.005730|
|         978|  2.5831e-01|   -8.237762|   -9.287966|    1.150868|    0.075558|   -0.005722|
|         979|  2.5825e-01|   -8.238243|   -9.287852|    1.150764|    0.075569|   -0.005715|
|         980|  2.5819e-01|   -8.238712|   -9.287748|    1.150659|    0.075579|   -0.005708|
|         981|  2.5814e-01|   -8.239170|   -9.287726|    1.150555|    0.075590|   -0.005700|
|         982|  2.5808e-01|   -8.239616|   -9.287818|    1.150451|    0.075601|   -0.005693|
|         983|  2.5802e-01|   -8.240051|   -9.287891|    1.150347|    0.075612|   -0.005686|
|         984|  2.5797e-01|   -8.240475|   -9.288083|    1.150243|    0.075623|   -0.005679|
|         985|  2.5791e-01|   -8.240887|   -9.288173|    1.150138|    0.075633|   -0.005672|
|         986|  2.5785e-01|   -8.241288|   -9.288301|    1.150034|    0.075644|   -0.005665|
|         987|  2.5780e-01|   -8.241677|   -9.288473|    1.149930|    0.075655|   -0.005658|
|         988|  2.5774e-01|   -8.242053|   -9.288661|    1.149827|    0.075665|   -0.005651|
|         989|  2.5769e-01|   -8.242418|   -9.288877|    1.149723|    0.075676|   -0.005644|
|         990|  2.5763e-01|   -8.242771|   -9.289094|    1.149619|    0.075686|   -0.005637|
|         991|  2.5758e-01|   -8.243111|   -9.289298|    1.149515|    0.075697|   -0.005630|
|         992|  2.5752e-01|   -8.243441|   -9.289151|    1.149411|    0.075707|   -0.005623|
|         993|  2.5747e-01|   -8.243759|   -9.289181|    1.149308|    0.075718|   -0.005616|
|         994|  2.5741e-01|   -8.244066|   -9.289242|    1.149204|    0.075728|   -0.005609|
|         995|  2.5735e-01|   -8.244362|   -9.289216|    1.149101|    0.075739|   -0.005603|
|         996|  2.5730e-01|   -8.244646|   -9.289117|    1.148997|    0.075749|   -0.005596|
|         997|  2.5725e-01|   -8.244920|   -9.288903|    1.148894|    0.075759|   -0.005589|
|         998|  2.5719e-01|   -8.245184|   -9.288457|    1.148790|    0.075770|   -0.005582|

----------------------------- Solver Exit -------------------------------

Maximum number of iterations reached (ITER = 999) before convergence.
+-----------------------------------------------------------------------+
|      Convergence Field     |     Value    |   Criterion  |  Converged |
+-----------------------------------------------------------------------+
|                  Cauchy[CD]|   0.000114167|       < 1e-06|          No|
+-----------------------------------------------------------------------+
-------------------------------------------------------------------------
+-----------------------------------------------------------------------+