NDIME= 2
NELEM= 761
5 5 19 42 0
5 42 19 139 1
5 42 139 41 2
5 41 139 140 3
5 41 140 40 4
5 40 140 141 5
5 40 141 39 6
5 39 141 142 7
5 39 142 38 8
5 38 142 143 9
5 38 143 37 10
5 37 143 144 11
5 37 144 36 12
5 36 144 145 13
5 36 145 35 14
5 35 145 146 15
5 35 146 2 16
5 2 146 130 17
5 19 20 139 18
5 139 20 147 19
5 139 147 140 20
5 140 147 148 21
5 140 148 141 22
5 141 148 149 23
5 141 149 142 24
5 142 149 150 25
5 142 150 143 26
5 143 150 151 27
5 143 151 144 28
5 144 151 152 29
5 144 152 145 30
5 145 152 153 31
5 145 153 146 32
5 146 153 154 33
5 146 154 130 34
5 130 154 129 35
5 20 21 147 36
5 147 21 155 37
5 147 155 148 38
5 148 155 156 39
5 148 156 149 40
5 149 156 157 41
5 149 157 150 42
5 150 157 158 43
5 150 158 151 44
5 151 158 159 45
5 151 159 152 46
5 152 159 160 47
5 152 160 153 48
5 153 160 161 49
5 153 161 154 50
5 154 161 162 51
5 154 162 129 52
5 129 162 128 53
5 21 22 155 54
5 155 22 163 55
5 155 163 156 56
5 156 163 164 57
5 156 164 157 58
5 157 164 165 59
5 157 165 158 60
5 158 165 166 61
5 158 166 159 62
5 159 166 167 63
5 159 167 160 64
5 160 167 168 65
5 160 168 161 66
5 161 168 169 67
5 161 169 162 68
5 162 169 170 69
5 162 170 128 70
5 128 170 127 71
5 22 23 163 72
5 163 23 171 73
5 163 171 164 74
5 164 171 172 75
5 164 172 165 76
5 165 172 173 77
5 165 173 166 78
5 166 173 174 79
5 166 174 167 80
5 167 174 175 81
5 167 175 168 82
5 168 175 176 83
5 168 176 169 84
5 169 176 177 85
5 169 177 170 86
5 170 177 178 87
5 170 178 127 88
5 127 178 126 89
5 23 24 171 90
5 171 24 179 91
5 171 179 172 92
5 172 179 180 93
5 172 180 173 94
5 173 180 181 95
5 173 181 174 96
5 174 181 182 97
5 174 182 175 98
5 175 182 183 99
5 175 183 176 100
5 176 183 184 101
5 176 184 177 102
5 177 184 185 103
5 177 185 178 104
5 178 185 186 105
5 178 186 126 106
5 126 186 125 107
5 24 25 179 108
5 179 25 187 109
5 179 187 180 110
5 180 187 188 111
5 180 188 181 112
5 181 188 189 113
5 181 189 182 114
5 182 189 190 115
5 182 190 183 116
5 183 190 191 117
5 183 191 184 118
5 184 191 192 119
5 184 192 185 120
5 185 192 193 121
5 185 193 186 122
5 186 193 194 123
5 186 194 125 124
5 125 194 124 125
5 25 26 187 126
5 187 26 195 127
5 187 195 188 128
5 188 195 196 129
5 188 196 189 130
5 189 196 197 131
5 189 197 190 132
5 190 197 198 133
5 190 198 191 134
5 191 198 199 135
5 191 199 192 136
5 192 199 200 137
5 192 200 193 138
5 193 200 201 139
5 193 201 194 140
5 194 201 202 141
5 194 202 124 142
5 124 202 123 143
5 26 4 195 144
5 195 4 34 145
5 195 34 196 146
5 196 34 33 147
5 196 33 197 148
5 197 33 32 149
5 197 32 198 150
5 198 32 31 151
5 198 31 199 152
5 199 31 30 153
5 199 30 200 154
5 200 30 29 155
5 200 29 201 156
5 201 29 28 157
5 201 28 202 158
5 202 28 27 159
5 202 27 123 160
5 123 27 1 161
5 118 204 213 162
5 204 119 205 163
5 225 229 235 164
5 67 213 216 165
5 216 206 222 166
5 206 215 222 167
5 209 214 219 168
5 214 209 220 169
5 215 206 236 170
5 74 229 230 171
5 229 211 235 172
5 209 219 223 173
5 31 32 220 174
5 219 212 223 175
5 234 27 236 176
5 211 217 227 177
5 211 73 217 178
5 221 34 233 179
5 33 34 221 180
5 208 33 221 181
5 212 218 223 182
5 32 208 220 183
5 209 31 220 184
5 74 73 211 185
5 218 212 228 186
5 222 215 228 187
5 74 211 229 188
5 215 218 228 189
5 27 28 215 190
5 72 214 217 191
5 73 72 217 192
5 224 207 229 193
5 215 28 218 194
5 211 227 235 195
5 218 29 223 196
5 225 224 229 197
5 28 29 218 198
5 70 212 219 199
5 214 71 219 200
5 70 69 212 201
5 227 217 237 202
5 72 71 214 203
5 71 70 219 204
5 32 33 208 205
5 30 31 209 206
5 208 221 227 207
5 217 214 237 208
5 229 207 230 209
5 30 209 223 210
5 212 69 228 211
5 29 30 223 212
5 214 220 237 213
5 67 216 222 214
5 27 215 236 215
5 68 222 228 216
5 69 68 228 217
5 204 205 206 218
5 205 234 236 219
5 213 204 216 220
5 68 67 222 221
5 54 55 203 222
5 226 221 233 223
5 210 226 233 224
5 34 232 233 225
5 203 225 226 226
5 220 208 237 227
5 55 56 224 228
5 53 54 231 229
5 226 210 231 230
5 208 227 237 231
5 227 221 235 232
5 56 57 207 233
5 52 53 210 234
5 57 58 230 235
5 206 205 236 236
5 51 52 232 237
5 221 226 235 238
5 203 226 231 239
5 203 224 225 240
5 204 206 216 241
5 203 55 224 242
5 121 122 234 243
5 54 203 231 244
5 116 117 213 245
5 226 225 235 246
5 118 119 204 247
5 120 121 205 248
5 232 210 233 249
5 56 207 224 250
5 210 53 231 251
5 207 57 230 252
5 52 210 232 253
5 205 121 234 254
5 119 120 205 255
5 67 18 0 256
5 115 67 0 257
5 1 27 234 258
5 122 1 234 259
5 67 3 11 260
5 34 4 232 261
5 4 51 232 262
5 58 6 230 263
5 6 74 230 264
5 67 11 12 265
5 67 12 13 266
5 67 13 14 267
5 67 14 15 268
5 16 67 15 269
5 16 17 67 270
5 17 18 67 271
5 67 115 213 272
5 115 116 213 273
5 117 118 213 274
5 2 35 131 275
5 131 35 238 276
5 131 238 132 277
5 132 238 239 278
5 132 239 133 279
5 133 239 240 280
5 133 240 134 281
5 134 240 241 282
5 134 241 135 283
5 135 241 242 284
5 135 242 136 285
5 136 242 243 286
5 136 243 137 287
5 137 243 244 288
5 137 244 138 289
5 138 244 245 290
5 138 245 3 291
5 3 245 59 292
5 35 36 238 293
5 238 36 246 294
5 238 246 239 295
5 239 246 247 296
5 239 247 240 297
5 240 247 248 298
5 240 248 241 299
5 241 248 249 300
5 241 249 242 301
5 242 249 250 302
5 242 250 243 303
5 243 250 251 304
5 243 251 244 305
5 244 251 252 306
5 244 252 245 307
5 245 252 253 308
5 245 253 59 309
5 59 253 60 310
5 36 37 246 311
5 246 37 254 312
5 246 254 247 313
5 247 254 255 314
5 247 255 248 315
5 248 255 256 316
5 248 256 249 317
5 249 256 257 318
5 249 257 250 319
5 250 257 258 320
5 250 258 251 321
5 251 258 259 322
5 251 259 252 323
5 252 259 260 324
5 252 260 253 325
5 253 260 261 326
5 253 261 60 327
5 60 261 61 328
5 37 38 254 329
5 254 38 262 330
5 254 262 255 331
5 255 262 263 332
5 255 263 256 333
5 256 263 264 334
5 256 264 257 335
5 257 264 265 336
5 257 265 258 337
5 258 265 266 338
5 258 266 259 339
5 259 266 267 340
5 259 267 260 341
5 260 267 268 342
5 260 268 261 343
5 261 268 269 344
5 261 269 61 345
5 61 269 62 346
5 38 39 262 347
5 262 39 270 348
5 262 270 263 349
5 263 270 271 350
5 263 271 264 351
5 264 271 272 352
5 264 272 265 353
5 265 272 273 354
5 265 273 266 355
5 266 273 274 356
5 266 274 267 357
5 267 274 275 358
5 267 275 268 359
5 268 275 276 360
5 268 276 269 361
5 269 276 277 362
5 269 277 62 363
5 62 277 63 364
5 39 40 270 365
5 270 40 278 366
5 270 278 271 367
5 271 278 279 368
5 271 279 272 369
5 272 279 280 370
5 272 280 273 371
5 273 280 281 372
5 273 281 274 373
5 274 281 282 374
5 274 282 275 375
5 275 282 283 376
5 275 283 276 377
5 276 283 284 378
5 276 284 277 379
5 277 284 285 380
5 277 285 63 381
5 63 285 64 382
5 40 41 278 383
5 278 41 286 384
5 278 286 279 385
5 279 286 287 386
5 279 287 280 387
5 280 287 288 388
5 280 288 281 389
5 281 288 289 390
5 281 289 282 391
5 282 289 290 392
5 282 290 283 393
5 283 290 291 394
5 283 291 284 395
5 284 291 292 396
5 284 292 285 397
5 285 292 293 398
5 285 293 64 399
5 64 293 65 400
5 41 42 286 401
5 286 42 294 402
5 286 294 287 403
5 287 294 295 404
5 287 295 288 405
5 288 295 296 406
5 288 296 289 407
5 289 296 297 408
5 289 297 290 409
5 290 297 298 410
5 290 298 291 411
5 291 298 299 412
5 291 299 292 413
5 292 299 300 414
5 292 300 293 415
5 293 300 301 416
5 293 301 65 417
5 65 301 66 418
5 42 5 294 419
5 294 5 43 420
5 294 43 295 421
5 295 43 44 422
5 295 44 296 423
5 296 44 45 424
5 296 45 297 425
5 297 45 46 426
5 297 46 298 427
5 298 46 47 428
5 298 47 299 429
5 299 47 48 430
5 299 48 300 431
5 300 48 49 432
5 300 49 301 433
5 301 49 50 434
5 301 50 66 435
5 66 50 7 436
5 3 59 114 437
5 114 59 302 438
5 114 302 113 439
5 113 302 303 440
5 113 303 112 441
5 112 303 304 442
5 112 304 111 443
5 111 304 305 444
5 111 305 110 445
5 110 305 306 446
5 110 306 109 447
5 109 306 307 448
5 109 307 108 449
5 108 307 308 450
5 108 308 107 451
5 107 308 309 452
5 107 309 10 453
5 10 309 91 454
5 59 60 302 455
5 302 60 310 456
5 302 310 303 457
5 303 310 311 458
5 303 311 304 459
5 304 311 312 460
5 304 312 305 461
5 305 312 313 462
5 305 313 306 463
5 306 313 314 464
5 306 314 307 465
5 307 314 315 466
5 307 315 308 467
5 308 315 316 468
5 308 316 309 469
5 309 316 317 470
5 309 317 91 471
5 91 317 92 472
5 60 61 310 473
5 310 61 318 474
5 310 318 311 475
5 311 318 319 476
5 311 319 312 477
5 312 319 320 478
5 312 320 313 479
5 313 320 321 480
5 313 321 314 481
5 314 321 322 482
5 314 322 315 483
5 315 322 323 484
5 315 323 316 485
5 316 323 324 486
5 316 324 317 487
5 317 324 325 488
5 317 325 92 489
5 92 325 93 490
5 61 62 318 491
5 318 62 326 492
5 318 326 319 493
5 319 326 327 494
5 319 327 320 495
5 320 327 328 496
5 320 328 321 497
5 321 328 329 498
5 321 329 322 499
5 322 329 330 500
5 322 330 323 501
5 323 330 331 502
5 323 331 324 503
5 324 331 332 504
5 324 332 325 505
5 325 332 333 506
5 325 333 93 507
5 93 333 94 508
5 62 63 326 509
5 326 63 334 510
5 326 334 327 511
5 327 334 335 512
5 327 335 328 513
5 328 335 336 514
5 328 336 329 515
5 329 336 337 516
5 329 337 330 517
5 330 337 338 518
5 330 338 331 519
5 331 338 339 520
5 331 339 332 521
5 332 339 340 522
5 332 340 333 523
5 333 340 341 524
5 333 341 94 525
5 94 341 95 526
5 63 64 334 527
5 334 64 342 528
5 334 342 335 529
5 335 342 343 530
5 335 343 336 531
5 336 343 344 532
5 336 344 337 533
5 337 344 345 534
5 337 345 338 535
5 338 345 346 536
5 338 346 339 537
5 339 346 347 538
5 339 347 340 539
5 340 347 348 540
5 340 348 341 541
5 341 348 349 542
5 341 349 95 543
5 95 349 96 544
5 64 65 342 545
5 342 65 350 546
5 342 350 343 547
5 343 350 351 548
5 343 351 344 549
5 344 351 352 550
5 344 352 345 551
5 345 352 353 552
5 345 353 346 553
5 346 353 354 554
5 346 354 347 555
5 347 354 355 556
5 347 355 348 557
5 348 355 356 558
5 348 356 349 559
5 349 356 357 560
5 349 357 96 561
5 96 357 97 562
5 65 66 350 563
5 350 66 358 564
5 350 358 351 565
5 351 358 359 566
5 351 359 352 567
5 352 359 360 568
5 352 360 353 569
5 353 360 361 570
5 353 361 354 571
5 354 361 362 572
5 354 362 355 573
5 355 362 363 574
5 355 363 356 575
5 356 363 364 576
5 356 364 357 577
5 357 364 365 578
5 357 365 97 579
5 97 365 98 580
5 66 7 358 581
5 358 7 83 582
5 358 83 359 583
5 359 83 84 584
5 359 84 360 585
5 360 84 85 586
5 360 85 361 587
5 361 85 86 588
5 361 86 362 589
5 362 86 87 590
5 362 87 363 591
5 363 87 88 592
5 363 88 364 593
5 364 88 89 594
5 364 89 365 595
5 365 89 90 596
5 365 90 98 597
5 98 90 9 598
5 3 67 114 599
5 114 67 366 600
5 114 366 113 601
5 113 366 367 602
5 113 367 112 603
5 112 367 368 604
5 112 368 111 605
5 111 368 369 606
5 111 369 110 607
5 110 369 370 608
5 110 370 109 609
5 109 370 371 610
5 109 371 108 611
5 108 371 372 612
5 108 372 107 613
5 107 372 373 614
5 107 373 10 615
5 10 373 99 616
5 67 68 366 617
5 366 68 374 618
5 366 374 367 619
5 367 374 375 620
5 367 375 368 621
5 368 375 376 622
5 368 376 369 623
5 369 376 377 624
5 369 377 370 625
5 370 377 378 626
5 370 378 371 627
5 371 378 379 628
5 371 379 372 629
5 372 379 380 630
5 372 380 373 631
5 373 380 381 632
5 373 381 99 633
5 99 381 100 634
5 68 69 374 635
5 374 69 382 636
5 374 382 375 637
5 375 382 383 638
5 375 383 376 639
5 376 383 384 640
5 376 384 377 641
5 377 384 385 642
5 377 385 378 643
5 378 385 386 644
5 378 386 379 645
5 379 386 387 646
5 379 387 380 647
5 380 387 388 648
5 380 388 381 649
5 381 388 389 650
5 381 389 100 651
5 100 389 101 652
5 69 70 382 653
5 382 70 390 654
5 382 390 383 655
5 383 390 391 656
5 383 391 384 657
5 384 391 392 658
5 384 392 385 659
5 385 392 393 660
5 385 393 386 661
5 386 393 394 662
5 386 394 387 663
5 387 394 395 664
5 387 395 388 665
5 388 395 396 666
5 388 396 389 667
5 389 396 397 668
5 389 397 101 669
5 101 397 102 670
5 70 71 390 671
5 390 71 398 672
5 390 398 391 673
5 391 398 399 674
5 391 399 392 675
5 392 399 400 676
5 392 400 393 677
5 393 400 401 678
5 393 401 394 679
5 394 401 402 680
5 394 402 395 681
5 395 402 403 682
5 395 403 396 683
5 396 403 404 684
5 396 404 397 685
5 397 404 405 686
5 397 405 102 687
5 102 405 103 688
5 71 72 398 689
5 398 72 406 690
5 398 406 399 691
5 399 406 407 692
5 399 407 400 693
5 400 407 408 694
5 400 408 401 695
5 401 408 409 696
5 401 409 402 697
5 402 409 410 698
5 402 410 403 699
5 403 410 411 700
5 403 411 404 701
5 404 411 412 702
5 404 412 405 703
5 405 412 413 704
5 405 413 103 705
5 103 413 104 706
5 72 73 406 707
5 406 73 414 708
5 406 414 407 709
5 407 414 415 710
5 407 415 408 711
5 408 415 416 712
5 408 416 409 713
5 409 416 417 714
5 409 417 410 715
5 410 417 418 716
5 410 418 411 717
5 411 418 419 718
5 411 419 412 719
5 412 419 420 720
5 412 420 413 721
5 413 420 421 722
5 413 421 104 723
5 104 421 105 724
5 73 74 414 725
5 414 74 422 726
5 414 422 415 727
5 415 422 423 728
5 415 423 416 729
5 416 423 424 730
5 416 424 417 731
5 417 424 425 732
5 417 425 418 733
5 418 425 426 734
5 418 426 419 735
5 419 426 427 736
5 419 427 420 737
5 420 427 428 738
5 420 428 421 739
5 421 428 429 740
5 421 429 105 741
5 105 429 106 742
5 74 6 422 743
5 422 6 75 744
5 422 75 423 745
5 423 75 76 746
5 423 76 424 747
5 424 76 77 748
5 424 77 425 749
5 425 77 78 750
5 425 78 426 751
5 426 78 79 752
5 426 79 427 753
5 427 79 80 754
5 427 80 428 755
5 428 80 81 756
5 428 81 429 757
5 429 81 82 758
5 429 82 106 759
5 106 82 8 760
NPOIN= 430
0.98 0.003124 0
0.0535 0.0497 1
0.0569 -0.0189 2
1 -0.0015 3
-0.5 4 4
-0.5 -4 5
1 4 6
1 -4 7
10 4 8
10 -4 9
10 0 10
0.9977777777778009 -0.0009862222222275549 11
0.9955555555555606 -0.0004724444444456214 12
0.9933333333333616 4.13333333267867e-05 13
0.9911111111111215 0.0005551111111087126 14
0.9888888888889633 0.001068888888871681 15
0.9866666666667224 0.00158266666665376 16
0.9844444444444405 0.002096444444445357 17
0.9822222222221997 0.002610222222227432 18
-1.738092010317462 -3.637174200347106 19
-2.79814838077478 -2.901786628814648 20
-3.571585782032144 -1.869164252168827 21
-3.979179742291824 -0.6450802884404235 22
-3.979179738155578 0.6450803139548651 23
-3.571585772602588 1.869164270186754 24
-2.798148371248006 2.901786638001171 25
-1.73809200450762 3.637174203123449 26
-0.007999999999892767 0.4886222222214569 27
-0.06949999999972253 0.9275444444424642 28
-0.1309999999995506 1.366466666663459 29
-0.1924999999993507 1.805388888884255 30
-0.2539999999993447 2.244311111106435 31
-0.3154999999995263 2.683233333329952 32
-0.3769999999997159 3.122155555553528 33
-0.4384999999998301 3.561077777776565 34
-0.004977777777661528 -0.4612444444436135 35
-0.06685555555527284 -0.9035888888868678 36
-0.1287333333328755 -1.34593333333006 37
-0.190611111110472 -1.788277777773209 38
-0.252488888888248 -2.230622222217641 39
-0.3143666666662112 -2.672966666663411 40
-0.3762444444441409 -3.115311111108941 41
-0.4381222222220701 -3.557655555554469 42
-0.3333333333339502 -4 43
-0.1666666666679004 -4 44
-1.850131159386592e-12 -4 45
0.1666666666642003 -4 46
0.3333333333308672 -4 47
0.4999999999981503 -4 48
0.6666666666654333 -4 49
0.8333333333327166 -4 50
-0.3333333333339502 4 51
-0.1666666666679004 4 52
-1.850131159386592e-12 4 53
0.1666666666642003 4 54
0.3333333333308672 4 55
0.4999999999981503 4 56
0.6666666666654333 4 57
0.8333333333327166 4 58
1 -0.4457777777771222 59
1 -0.89005555555372 60
1 -1.334333333330238 61
1 -1.778611111106665 62
1 -2.222888888884271 63
1 -2.667166666663218 64
1 -3.111444444442136 65
1 -3.555722222221112 66
1 0.4431111111101595 67
1 0.8877222222200607 68
1 1.332333333329931 69
1 1.776944444439805 70
1 2.221555555550793 71
1 2.66616666666308 72
1 3.110777777775396 73
1 3.555388888887654 74
1.999999999998815 4 75
2.999999999995944 4 76
3.999999999993002 4 77
4.99999999999006 4 78
5.999999999992054 4 79
6.999999999998989 4 80
8.000000000005731 4 81
9.000000000002942 4 82
1.999999999998815 -4 83
2.999999999995944 -4 84
3.999999999993002 -4 85
4.99999999999006 -4 86
5.999999999992054 -4 87
6.999999999998989 -4 88
8.000000000005731 -4 89
9.000000000002942 -4 90
10 -0.4444444444436328 91
10 -0.888888888886857 92
10 -1.333333333330004 93
10 -1.777777777773151 94
10 -2.222222222217533 95
10 -2.66666666666315 96
10 -3.111111111108766 97
10 -3.555555555554383 98
10 0.4444444444436328 99
10 0.888888888886857 100
10 1.333333333330004 101
10 1.777777777773151 102
10 2.222222222217533 103
10 2.66666666666315 104
10 3.111111111108766 105
10 3.555555555554383 106
9.000000000003817 -0.0001666666666660305 107
8.000000000007635 -0.0003333333333320607 108
7.000000000011451 -0.0004999999999980914 109
6.000000000015266 -0.0006666666666641222 110
5.000000000014149 -0.0008333333333309752 111
4.000000000008094 -0.0009999999999986511 112
3.000000000002039 -0.001166666666666327 113
1.999999999996255 -0.001333333333333957 114
0.877494633350422 0.01918494516832326 115
0.7751389801734027 0.0362980096241512 116
0.67252369252472 0.05178122542553776 117
0.5694357357671131 0.06365398908824974 118
0.4659250685620445 0.07098837217792675 119
0.3622177808031472 0.07467179691017969 120
0.2584435715371141 0.07474581732523009 121
0.1547760064322663 0.07040469421440436 122
0.03937775769064032 0.04314772240050131 123
0.02593215077044025 0.03532317972022525 124
0.01371429219478359 0.02569728031017973 125
0.003895185592696037 0.01368904279397567 126
0.0001120120653593659 -0.0006767839844554786 127
0.01098400322073494 -0.01094346556107179 128
0.02603730191150009 -0.01478046506337934 129
0.04144524498536639 -0.01701179481511057 130
0.1616074736369937 -0.02606855509365472 131
0.2665204692279081 -0.02947840919539862 132
0.3714796014399965 -0.03097788615215828 133
0.4764493625953591 -0.03084929448737934 134
0.5814100905983337 -0.02945178111881702 135
0.6863395056537427 -0.02655738598469077 136
0.7911996040688424 -0.02177682172177032 137
0.8959232251867901 -0.01465701409956869 138
-1.540365648616639 -3.23493393306479 139
-1.342639286915885 -2.832693665782461 140
-1.144912925215039 -2.430453398500153 141
-0.9471865635141351 -2.028213131217614 142
-0.7494602018138317 -1.625972863936292 143
-0.5517338401141203 -1.223732596656131 144
-0.3540074784143631 -0.8214923293759369 145
-0.1562811167145865 -0.419252062095685 146
-2.484349971586603 -2.581008166174848 147
-2.170551562398552 -2.260229703534998 148
-1.856753153210329 -1.939451240895218 149
-1.542954744022031 -1.618672778255224 150
-1.229156334834685 -1.2978943156162 151
-0.9153579256482842 -0.9771158529780899 152
-0.6015595164618032 -0.65633739033997 153
-0.2877611072752937 -0.3355589277017985 154
-3.173522472558567 -1.662695275878605 155
-2.775459163085161 -1.456226299588279 156
-2.377395853611523 -1.249757323298095 157
-1.979332544137797 -1.043288347007721 158
-1.581269234665279 -0.8368193707179683 159
-1.183205925193963 -0.630350394428785 160
-0.7851426157225413 -0.4238814181396228 161
-0.3870793062510848 -0.2174124418504186 162
-3.537036214028763 -0.5734798990563075 163
-3.094892685765899 -0.5018795096720264 164
-2.652749157502768 -0.4302791202879703 165
-2.210605629239543 -0.3586787309037512 166
-1.768462100977662 -0.2870783415197442 167
-1.326318572717117 -0.2154779521358982 168
-0.8841750444564516 -0.1438775627521106 169
-0.4420315161957487 -0.07227717336829248 170
-3.536615857737948 0.574925728270071 171
-3.094051977320522 0.5047711425855074 172
-2.651488096902819 0.4346165569006309 173
-2.208924216485029 0.3644619712158897 174
-1.766360336068582 0.2943073855313652 175
-1.323796455653475 0.2241527998471095 176
-0.8812325752382444 0.1539982141627562 177
-0.4386686948229778 0.08384362847842156 178
-3.173219098735172 1.664334604644311 179
-2.774852424867945 1.459504939102158 180
-2.376485751000461 1.254675273559611 181
-1.978119077132902 1.04984560801717 182
-1.579752403266553 0.8450159424753563 183
-1.181385729401412 0.640186276934218 184
-0.7830190555361576 0.4353566113929454 185
-0.384652381670871 0.23052694585168 186
-2.484361646578466 2.583290698191278 187
-2.170574921909084 2.264794758381729 188
-1.856788197239489 1.946298818571714 189
-1.54300147256984 1.627802878761783 190
-1.229214747901144 1.309306938952824 191
-0.9154280232334027 0.9908109991448851 192
-0.6016412985655686 0.6723150593367794 193
-0.28785457389771 0.3538191195286719 194
-1.540595364262846 3.237837927486456 195
-1.343098724018184 2.838501651849843 196
-1.145602083773371 2.439165376212715 197
-0.9481054435285337 2.039829100575655 198
-0.7506088032842965 1.640492824939812 199
-0.553112163040663 1.241156549305233 200
-0.3556155227969667 0.8418202736704666 201
-0.1581188825532564 0.4424839980356907 202
0.2388269112104421 3.841969535675635 203
0.5255839786279657 0.1741769739618749 204
0.3490774888537699 0.1823935513652287 205
0.4620944161715577 0.4124148121849849 206
0.583818850209472 3.860977578132906 207
0.03386779473125567 2.955955006774611 208
0.1660982892458495 2.086287741252675 209
-0.06672864434433563 3.837423658488817 210
0.6146994189603705 3.322310569254502 211
0.6254237780153804 1.506397075532736 212
0.7324112328110085 0.1409483752734216 213
0.5543360214063968 2.457007055735968 214
0.3190314808044145 0.7402742750991753 215
0.6845819536428064 0.3663318940674123 216
0.6266043332172613 2.929966965535093 217
0.268068590641359 1.21449923615098 218
0.6061339788273946 1.98046300369973 219
0.08269058454143387 2.539371241423672 220
-0.05199494855432165 3.37507207263 221
0.6887526764120123 0.659980348742798 222
0.223704106121847 1.659917102030639 223
0.4291788909666064 3.826776437415491 224
0.3117703589760704 3.679529084182902 225
0.08499551632946298 3.671355651260162 226
0.2869253474089346 3.162569765491685 227
0.6502127543121943 1.056867748512613 228
0.5564177800219025 3.651376792844993 229
0.7733727717049207 3.844623876644258 230
0.08434673093146711 3.866010530118695 231
-0.2786492185023194 3.839229109761353 232
-0.1582527852119659 3.647056095609189 233
0.2026579871728106 0.1669456896773126 234
0.3004689121904032 3.47703565594404 235
0.2360689215135834 0.3985192165193487 236
0.3113414018639723 2.809433200342395 237
0.1066140506403255 -0.4676164934157721 238
0.2183885652395753 -0.4706474748395649 239
0.3302040901687577 -0.4719803432455937 240
0.4420290630475173 -0.4718660395435879 241
0.5538460064575559 -0.4706238054382187 242
0.6656351161364935 -0.4680510097634591 243
0.777362611024045 -0.4638016193075488 244
0.8889687927585727 -0.4574729014211659 245
0.0516206276437019 -0.9091644317375133 246
0.1702566612512817 -0.911816540483337 247
0.2889285788975526 -0.9129828003386169 248
0.4076087634997033 -0.9128827845993661 249
0.5262819223168003 -0.9117958297571718 250
0.6449307266192612 -0.9095446335417605 251
0.763525617979259 -0.9058264168928413 252
0.8820143603303613 -0.900288788742258 253
-0.003372795352914001 -1.350712370059191 254
0.1221247572629947 -1.352985606127044 255
0.247653067626353 -1.353985257431572 256
0.3731884639518943 -1.353899529655075 257
0.4987178381760488 -1.352967854076053 258
0.6242263371020316 -1.351038257319988 259
0.749688624934475 -1.347851214478058 260
0.8750599279021505 -1.343104676063273 261
-0.05836621834952448 -1.79226030838082 262
0.07399285327471253 -1.794154671770696 263
0.2063775563551576 -1.794987714524469 264
0.3387681644040885 -1.794916274710719 265
0.4711537540353 -1.794139878394865 266
0.6035219475848044 -1.792531881098141 267
0.7358516318896922 -1.789876012063195 268
0.8681054954739404 -1.785920563384202 269
-0.1133596413462944 -2.233808246703717 270
0.02586094928629079 -2.235323737415604 271
0.1651020450838426 -2.235990171618608 272
0.304347864856183 -2.235933019767594 273
0.4435896698944711 -2.235311902714896 274
0.5828175580675168 -2.234025504877502 275
0.7220146388448696 -2.23190080964953 276
0.8611510630457103 -2.228736450706319 277
-0.1683530643432307 -2.675356185027949 278
-0.02227095470227662 -2.676492803061846 279
0.1238265338124026 -2.676992628714082 280
0.2699275653081732 -2.6769497648258 281
0.4160255857535589 -2.676483927036259 282
0.5621131685501668 -2.675519128658196 283
0.7081776458000049 -2.673925607237198 284
0.8541966306174589 -2.671552338029771 285
-0.2233464873401373 -3.116904123351965 286
-0.07040285869081797 -3.117661868707896 287
0.08255102254098498 -3.117995085809385 288
0.2355072657601822 -3.117966509883864 289
0.3884615016126617 -3.117655951357502 290
0.5414087790328278 -3.117012752438791 291
0.6943406527551477 -3.115950404824791 292
0.8472421981892115 -3.114368225353172 293
-0.2783399103370434 -3.558452061675986 294
-0.1185347626793589 -3.558830934353956 295
0.04127551126956761 -3.558997542904706 296
0.2010869662121915 -3.55898325494195 297
0.3608974174717646 -3.558827975678774 298
0.5207043895154891 -3.558506376219423 299
0.6805036597102905 -3.557975202412429 300
0.8402877657609642 -3.557184112676625 301
1.99999999999654 -0.4456296296289575 302
3.000000000001362 -0.445481481480791 303
4.000000000006417 -0.4453333333326246 304
5.000000000011472 -0.4451851851844582 305
6.000000000012687 -0.4450370370362925 306
7.000000000010068 -0.4448888888881277 307
8.000000000007422 -0.4447407407399626 308
9.00000000000372 -0.4445925925917978 309
1.999999999996825 -0.8899259259240691 310
3.000000000000685 -0.8897962962944168 311
4.00000000000474 -0.8896666666647646 312
5.000000000008795 -0.8895370370351123 313
6.000000000010107 -0.8894074074054606 314
7.000000000008682 -0.8892777777758101 315
8.000000000007212 -0.8891481481461591 316
9.000000000003624 -0.889018518516508 317
1.999999999997109 -1.334222222219101 318
3.000000000000008 -1.334111111107964 319
4.000000000003064 -1.333999999996826 320
5.00000000000612 -1.333888888885688 321
6.00000000000753 -1.333777777774551 322
7.000000000007296 -1.333666666663414 323
8.000000000006999 -1.333555555552278 324
9.000000000003526 -1.333444444441141 325
1.999999999997393 -1.778518518514052 326
2.99999999999933 -1.778425925921439 327
4.000000000001386 -1.778333333328826 328
5.000000000003443 -1.778240740736213 329
6.000000000004948 -1.7781481481436 330
7.000000000005913 -1.778055555550988 331
8.000000000006789 -1.777962962958376 332
9.000000000003428 -1.777870370365764 333
1.999999999997677 -2.22281481481019 334
2.999999999998653 -2.222740740736107 335
3.999999999999709 -2.222666666662025 336
5.000000000000766 -2.222592592587942 337
6.000000000002372 -2.22251851851386 338
7.000000000004528 -2.222444444439779 339
8.000000000006576 -2.222370370365697 340
9.000000000003331 -2.222296296291615 341
1.999999999997963 -2.667111111107656 342
2.999999999997976 -2.667055555552091 343
3.999999999998033 -2.666999999996529 344
4.99999999999809 -2.666944444440964 345
5.999999999999793 -2.666888888885401 346
7.000000000003142 -2.666833333329839 347
8.000000000006363 -2.666777777774276 348
9.000000000003235 -2.666722222218713 349
1.999999999998247 -3.111407407405095 350
2.999999999997297 -3.111370370368054 351
3.999999999996355 -3.111333333331012 352
4.999999999995412 -3.111296296293971 353
5.999999999997213 -3.111259259256929 354
7.000000000001759 -3.111222222219889 355
8.000000000006153 -3.111185185182848 356
9.000000000003135 -3.111148148145807 357
1.999999999998531 -3.555703703702586 358
2.999999999996621 -3.555685185184061 359
3.999999999994679 -3.555666666665536 360
4.999999999992736 -3.55564814814701 361
5.999999999994634 -3.555629629628485 362
7.000000000000375 -3.555611111109959 363
8.00000000000594 -3.555592592591434 364
9.000000000003041 -3.555574074072909 365
1.99999999999654 0.4432592592583225 366
3.000000000001362 0.4434074074064872 367
4.000000000006416 0.4435555555546517 368
5.000000000011472 0.4437037037028163 369
6.000000000012686 0.4438518518509801 370
7.000000000010068 0.4439999999991434 371
8.000000000007422 0.4441481481473066 372
9.000000000003723 0.4442962962954695 373
1.999999999996825 0.8878518518497039 374
3.000000000000685 0.8879814814793487 375
4.000000000004739 0.888111111108994 376
5.000000000008796 0.8882407407386385 377
6.000000000010106 0.8883703703682825 378
7.000000000008681 0.8884999999979265 379
8.000000000007212 0.8886296296275696 380
9.000000000003622 0.8887592592572131 381
1.999999999997109 1.332444444441049 382
3.000000000000008 1.332555555552169 383
4.000000000003062 1.332666666663289 384
5.00000000000612 1.332777777774409 385
6.00000000000753 1.332888888885528 386
7.000000000007298 1.332999999996647 387
8.000000000006999 1.333111111107766 388
9.000000000003526 1.333222222218885 389
1.999999999997393 1.777037037032398 390
2.999999999999329 1.777129629624993 391
4.000000000001387 1.777222222217588 392
5.000000000003443 1.777314814810182 393
6.000000000004951 1.777407407402776 394
7.000000000005913 1.77749999999537 395
8.000000000006789 1.777592592587964 396
9.000000000003427 1.777685185180557 397
1.999999999997677 2.221629629624875 398
2.999999999998653 2.221703703698956 399
3.999999999999709 2.221777777773039 400
5.000000000000766 2.221851851847123 401
6.00000000000237 2.221925925921204 402
7.000000000004528 2.221999999995286 403
8.000000000006576 2.222074074069368 404
9.000000000003332 2.22214814814345 405
1.999999999997963 2.666222222218642 406
2.999999999997976 2.666277777774207 407
3.999999999998032 2.666333333329769 408
4.99999999999809 2.666388888885333 409
5.999999999999793 2.666444444440897 410
7.000000000003142 2.66649999999646 411
8.000000000006363 2.666555555552023 412
9.000000000003235 2.666611111107586 413
1.999999999998247 3.110814814812436 414
2.999999999997299 3.110851851849478 415
3.999999999996356 3.11088888888652 416
4.999999999995412 3.110925925923561 417
5.999999999997213 3.110962962960601 418
7.000000000001759 3.110999999997643 419
8.000000000006153 3.111037037034683 420
9.000000000003137 3.111074074071725 421
1.999999999998531 3.555407407406179 422
2.99999999999662 3.555425925924705 423
3.999999999994679 3.555444444443231 424
4.999999999992737 3.555462962961756 425
5.999999999994635 3.555481481480281 426
7.000000000000375 3.555499999998806 427
8.00000000000594 3.555518518517332 428
9.000000000003039 3.555537037035858 429
