+------------------------------------------------------------------------------------------+
|  Inner_Iter|   Time(sec)|    rms[Rho]|     rms[nu]|          CL|          CD|         CMz|
+------------------------------------------------------------------------------------------+
|           0|  2.1280e-01|   -4.221764|  -10.667361|    2.853324|    0.819925|    0.939081|
|           1|  2.1231e-01|   -5.052954|  -10.818311|    2.096451|    0.750895|    0.714292|
|           2|  2.0979e-01|   -4.943774|  -11.002464|    1.619499|    0.577061|    0.542180|
|           3|  2.0865e-01|   -4.968367|  -10.976607|    1.401990|    0.459760|    0.441955|
|           4|  2.0955e-01|   -5.068153|  -10.974145|    1.270983|    0.370778|    0.360199|
|           5|  2.1040e-01|   -5.161148|  -10.977027|    1.163356|    0.290670|    0.278301|
|           6|  2.1861e-01|   -5.217086|  -10.970020|    1.060601|    0.215555|    0.195636|
|           7|  2.2775e-01|   -5.241182|  -10.954039|    0.956198|    0.146176|    0.116679|
|           8|  2.2829e-01|   -5.247022|  -10.931682|    0.846936|    0.084454|    0.046070|
|           9|  2.2783e-01|   -5.243590|  -10.910876|    0.730546|    0.032284|   -0.013480|
|          10|  2.2979e-01|   -5.237132|  -10.894687|    0.606717|   -0.008952|   -0.061293|
|          11|  2.2824e-01|   -5.234381|  -10.875803|    0.477530|   -0.038810|   -0.098174|
|          12|  2.2790e-01|   -5.239832|  -10.851686|    0.347337|   -0.057858|   -0.125525|
|          13|  2.2696e-01|   -5.253366|  -10.825900|    0.222373|   -0.067371|   -0.144507|
|          14|  2.2614e-01|   -5.270898|  -10.805032|    0.110205|   -0.068960|   -0.155659|
|          15|  2.2592e-01|   -5.287275|  -10.791515|    0.018726|   -0.064315|   -0.159045|
|          16|  2.2563e-01|   -5.300144|  -10.785888|   -0.045111|   -0.055033|   -0.154620|
|          17|  2.2546e-01|   -5.311354|  -10.784670|   -0.076382|   -0.042501|   -0.142554|
|          18|  2.2515e-01|   -5.325010|  -10.783689|   -0.072727|   -0.027871|   -0.123401|
|          19|  2.2520e-01|   -5.344518|  -10.781764|   -0.034466|   -0.012084|   -0.098196|
|          20|  2.2453e-01|   -5.370456|  -10.778661|    0.035360|    0.004091|   -0.068465|
|          21|  2.2359e-01|   -5.399253|  -10.775031|    0.131140|    0.020019|   -0.036104|
|          22|  2.2294e-01|   -5.423767|  -10.771180|    0.245261|    0.035173|   -0.003147|
|          23|  2.2245e-01|   -5.436859|  -10.767078|    0.369195|    0.049113|    0.028507|
|          24|  2.2168e-01|   -5.437041|  -10.762192|    0.494493|    0.061456|    0.057259|
|          25|  2.2110e-01|   -5.429977|  -10.756945|    0.613519|    0.071862|    0.081882|
|          26|  2.2295e-01|   -5.423887|  -10.752144|    0.719841|    0.080033|    0.101498|
|          27|  2.2272e-01|   -5.425025|  -10.748028|    0.808313|    0.085728|    0.115523|
|          28|  2.2255e-01|   -5.436463|  -10.744584|    0.875110|    0.088782|    0.123602|
|          29|  2.2265e-01|   -5.458601|  -10.741646|    0.917951|    0.089145|    0.125630|
|          30|  2.2272e-01|   -5.489870|  -10.738589|    0.936326|    0.086930|    0.121795|
|          31|  2.2227e-01|   -5.527186|  -10.734827|    0.931442|    0.082406|    0.112579|
|          32|  2.2177e-01|   -5.566314|  -10.729337|    0.905878|    0.075966|    0.098712|
|          33|  2.2154e-01|   -5.602516|  -10.721095|    0.863148|    0.068078|    0.081111|
|          34|  2.2123e-01|   -5.631728|  -10.709900|    0.807408|    0.059256|    0.060865|
|          35|  2.2078e-01|   -5.651938|  -10.696260|    0.743307|    0.050034|    0.039219|
|          36|  2.2053e-01|   -5.663897|  -10.681131|    0.675759|    0.040939|    0.017525|
|          37|  2.2049e-01|   -5.670573|  -10.665147|    0.609591|    0.032462|   -0.002862|
|          38|  2.2038e-01|   -5.675871|  -10.649213|    0.549201|    0.025035|   -0.020679|
|          39|  2.1997e-01|   -5.683443|  -10.633742|    0.498237|    0.019005|   -0.034864|
|          40|  2.2188e-01|   -5.696088|  -10.618780|    0.459368|    0.014618|   -0.044657|
|          41|  2.2227e-01|   -5.715587|  -10.604674|    0.434187|    0.011994|   -0.049654|
|          42|  2.2287e-01|   -5.742585|  -10.591564|    0.423237|    0.011130|   -0.049822|
|          43|  2.2288e-01|   -5.776324|  -10.579394|    0.426166|    0.011911|   -0.045448|
|          44|  2.2321e-01|   -5.813856|  -10.567991|    0.442057|    0.014154|   -0.037033|
|          45|  2.2321e-01|   -5.849408|  -10.557395|    0.469697|    0.017641|   -0.025220|
|          46|  2.2301e-01|   -5.875587|  -10.547684|    0.507436|    0.022109|   -0.010844|
|          47|  2.2286e-01|   -5.887256|  -10.538871|    0.552876|    0.027222|    0.004994|
|          48|  2.2297e-01|   -5.885226|  -10.530868|    0.602916|    0.032588|    0.021014|
|          49|  2.2308e-01|   -5.875618|  -10.523501|    0.654214|    0.037810|    0.035964|
|          50|  2.2311e-01|   -5.865787|  -10.516613|    0.703643|    0.042541|    0.048798|
|          51|  2.2321e-01|   -5.861213|  -10.510025|    0.748530|    0.046509|    0.058766|
|          52|  2.2303e-01|   -5.864912|  -10.503598|    0.786767|    0.049524|    0.065435|
|          53|  2.2412e-01|   -5.878038|  -10.497354|    0.816855|    0.051476|    0.068668|
|          54|  2.2423e-01|   -5.900513|  -10.491251|    0.837922|    0.052332|    0.068597|
|          55|  2.2526e-01|   -5.931289|  -10.485081|    0.849689|    0.052118|    0.065552|
|          56|  2.2532e-01|   -5.968227|  -10.478678|    0.852353|    0.050900|    0.059986|
|          57|  2.2539e-01|   -6.007778|  -10.471895|    0.846407|    0.048761|    0.052386|
|          58|  2.2545e-01|   -6.044960|  -10.464675|    0.832529|    0.045790|    0.043253|
|          59|  2.2539e-01|   -6.074366|  -10.457033|    0.811739|    0.042117|    0.033155|
|          60|  2.2540e-01|   -6.091997|  -10.448963|    0.785640|    0.037939|    0.022769|
|          61|  2.2537e-01|   -6.097075|  -10.440596|    0.756393|    0.033511|    0.012810|
|          62|  2.2539e-01|   -6.093206|  -10.431958|    0.726412|    0.029113|    0.003918|
|          63|  2.2541e-01|   -6.086806|  -10.423157|    0.698037|    0.025015|   -0.003415|
|          64|  2.2538e-01|   -6.083791|  -10.414237|    0.673290|    0.021449|   -0.008875|
|          65|  2.2538e-01|   -6.087957|  -10.405159|    0.653744|    0.018597|   -0.012316|
|          66|  2.2541e-01|   -6.101016|  -10.395934|    0.640447|    0.016579|   -0.013734|
|          67|  2.2540e-01|   -6.122962|  -10.386531|    0.633913|    0.015450|   -0.013244|
|          68|  2.2636e-01|   -6.152103|  -10.376949|    0.634165|    0.015205|   -0.011041|
|          69|  2.2641e-01|   -6.184753|  -10.367230|    0.640860|    0.015792|   -0.007368|
|          70|  2.2639e-01|   -6.215189|  -10.357377|    0.653397|    0.017126|   -0.002499|
|          71|  2.2640e-01|   -6.237292|  -10.347363|    0.670883|    0.019089|    0.003239|
|          72|  2.2638e-01|   -6.247885|  -10.337224|    0.692027|    0.021506|    0.009438|
|          73|  2.2641e-01|   -6.248361|  -10.326966|    0.715215|    0.024158|    0.015642|
|          74|  2.2643e-01|   -6.243369|  -10.316606|    0.738745|    0.026812|    0.021411|
|          75|  2.2648e-01|   -6.238524|  -10.306189|    0.761064|    0.029250|    0.026380|
|          76|  2.2632e-01|   -6.238439|  -10.295716|    0.780910|    0.031295|    0.030280|
|          77|  2.2611e-01|   -6.245879|  -10.285170|    0.797365|    0.032824|    0.032952|
|          78|  2.2609e-01|   -6.261798|  -10.274576|    0.809862|    0.033764|    0.034332|
|          79|  2.2611e-01|   -6.285529|  -10.263945|    0.818167|    0.034094|    0.034447|
|          80|  2.2613e-01|   -6.314754|  -10.253271|    0.822324|    0.033834|    0.033392|
|          81|  2.2683e-01|   -6.345298|  -10.242598|    0.822570|    0.033027|    0.031301|
|          82|  2.2692e-01|   -6.371357|  -10.231934|    0.819223|    0.031725|    0.028320|
|          83|  2.2699e-01|   -6.387460|  -10.221276|    0.812658|    0.029993|    0.024613|
|          84|  2.2697e-01|   -6.391875|  -10.210628|    0.803408|    0.027927|    0.020399|
|          85|  2.2704e-01|   -6.387405|  -10.200029|    0.792230|    0.025661|    0.015961|
|          86|  2.2739e-01|   -6.378954|  -10.189493|    0.780029|    0.023344|    0.011608|
|          87|  2.2731e-01|   -6.371504|  -10.179019|    0.767735|    0.021123|    0.007624|
|          88|  2.2713e-01|   -6.369041|  -10.168629|    0.756195|    0.019124|    0.004241|
|          89|  2.2704e-01|   -6.374078|  -10.158316|    0.746116|    0.017448|    0.001624|
|          90|  2.2694e-01|   -6.387699|  -10.148088|    0.738038|    0.016162|   -0.000134|
|          91|  2.2680e-01|   -6.409749|  -10.137906|    0.732320|    0.015302|   -0.001003|
|          92|  2.2666e-01|   -6.438858|  -10.127773|    0.729143|    0.014874|   -0.001010|
|          93|  2.2644e-01|   -6.472262|  -10.117689|    0.728538|    0.014860|   -0.000227|
|          94|  2.2636e-01|   -6.505639|  -10.107643|    0.730417|    0.015223|    0.001247|
|          95|  2.2631e-01|   -6.533643|  -10.097606|    0.734607|    0.015916|    0.003293|
|          96|  2.2610e-01|   -6.552065|  -10.087592|    0.740838|    0.016879|    0.005763|
|          97|  2.2591e-01|   -6.560480|  -10.077597|    0.748695|    0.018035|    0.008475|
|          98|  2.2570e-01|   -6.562070|  -10.067634|    0.757632|    0.019288|    0.011229|
|          99|  2.2551e-01|   -6.561326|  -10.057715|    0.767040|    0.020539|    0.013832|
|         100|  2.2528e-01|   -6.562448|  -10.047852|    0.776327|    0.021696|    0.016121|
|         101|  2.2506e-01|   -6.568574|  -10.038070|    0.784963|    0.022684|    0.017975|
|         102|  2.2483e-01|   -6.581501|  -10.028364|    0.792519|    0.023444|    0.019317|
|         103|  2.2462e-01|   -6.601701|  -10.018736|    0.798672|    0.023941|    0.020111|
|         104|  2.2445e-01|   -6.628364|  -10.009203|    0.803215|    0.024159|    0.020354|
|         105|  2.2426e-01|   -6.659330|   -9.999762|    0.806046|    0.024101|    0.020077|
|         106|  2.2409e-01|   -6.690986|   -9.990410|    0.807155|    0.023780|    0.019329|
|         107|  2.2393e-01|   -6.718522|   -9.981137|    0.806599|    0.023221|    0.018171|
|         108|  2.2377e-01|   -6.737301|   -9.971947|    0.804493|    0.022456|    0.016678|
|         109|  2.2363e-01|   -6.745305|   -9.962844|    0.801039|    0.021535|    0.014947|
|         110|  2.2361e-01|   -6.744390|   -9.953815|    0.796548|    0.020522|    0.013099|
|         111|  2.2347e-01|   -6.738958|   -9.944861|    0.791412|    0.019488|    0.011265|
|         112|  2.2330e-01|   -6.733882|   -9.935975|    0.786049|    0.018502|    0.009564|
|         113|  2.2320e-01|   -6.733152|   -9.927149|    0.780858|    0.017623|    0.008097|
|         114|  2.2306e-01|   -6.739392|   -9.918373|    0.776185|    0.016897|    0.006936|
|         115|  2.2289e-01|   -6.753920|   -9.909645|    0.772303|    0.016353|    0.006124|
|         116|  2.2274e-01|   -6.776882|   -9.900961|    0.769404|    0.016006|    0.005679|
|         117|  2.2261e-01|   -6.807198|   -9.892320|    0.767598|    0.015854|    0.005594|
|         118|  2.2244e-01|   -6.842188|   -9.883726|    0.766919|    0.015886|    0.005846|
|         119|  2.2232e-01|   -6.877032|   -9.875173|    0.767354|    0.016083|    0.006401|
|         120|  2.2217e-01|   -6.904906|   -9.866655|    0.768861|    0.016424|    0.007221|
|         121|  2.2205e-01|   -6.919524|   -9.858181|    0.771361|    0.016884|    0.008257|
|         122|  2.2195e-01|   -6.919379|   -9.849757|    0.774704|    0.017430|    0.009439|
|         123|  2.2181e-01|   -6.908427|   -9.841384|    0.778668|    0.018021|    0.010686|
|         124|  2.2167e-01|   -6.892944|   -9.833067|    0.782985|    0.018612|    0.011913|
|         125|  2.2165e-01|   -6.878677|   -9.824809|    0.787380|    0.019163|    0.013043|
|         126|  2.2157e-01|   -6.869600|   -9.816605|    0.791600|    0.019640|    0.014016|
|         127|  2.2145e-01|   -6.867862|   -9.808450|    0.795429|    0.020017|    0.014787|
|         128|  2.2135e-01|   -6.874184|   -9.800339|    0.798699|    0.020280|    0.015329|
|         129|  2.2123e-01|   -6.888218|   -9.792263|    0.801290|    0.020422|    0.015634|
|         130|  2.2110e-01|   -6.908706|   -9.784211|    0.803138|    0.020445|    0.015705|
|         131|  2.2095e-01|   -6.933483|   -9.776175|    0.804224|    0.020359|    0.015560|
|         132|  2.2084e-01|   -6.959479|   -9.768149|    0.804573|    0.020177|    0.015226|
|         133|  2.2071e-01|   -6.983034|   -9.760136|    0.804244|    0.019915|    0.014737|
|         134|  2.2060e-01|   -7.000822|   -9.752136|    0.803318|    0.019593|    0.014130|
|         135|  2.2048e-01|   -7.011194|   -9.744155|    0.801906|    0.019230|    0.013447|
|         136|  2.2038e-01|   -7.014943|   -9.736202|    0.800141|    0.018850|    0.012735|
|         137|  2.2028e-01|   -7.014747|   -9.728292|    0.798176|    0.018476|    0.012041|
|         138|  2.2016e-01|   -7.013881|   -9.720442|    0.796168|    0.018129|    0.011410|
|         139|  2.2007e-01|   -7.015149|   -9.712673|    0.794269|    0.017828|    0.010879|
|         140|  2.1994e-01|   -7.020360|   -9.705013|    0.792607|    0.017587|    0.010474|
|         141|  2.1983e-01|   -7.030199|   -9.697483|    0.791285|    0.017413|    0.010212|
|         142|  2.1973e-01|   -7.044239|   -9.690105|    0.790376|    0.017312|    0.010101|
|         143|  2.1960e-01|   -7.060969|   -9.682898|    0.789924|    0.017281|    0.010139|
|         144|  2.1949e-01|   -7.077883|   -9.675870|    0.789948|    0.017319|    0.010319|
|         145|  2.1938e-01|   -7.091854|   -9.669025|    0.790445|    0.017418|    0.010626|
|         146|  2.1927e-01|   -7.100029|   -9.662346|    0.791394|    0.017571|    0.011043|
|         147|  2.1918e-01|   -7.101011|   -9.655811|    0.792748|    0.017768|    0.011545|
|         148|  2.1909e-01|   -7.095482|   -9.649375|    0.794438|    0.017996|    0.012103|
|         149|  2.1902e-01|   -7.085721|   -9.642985|    0.796371|    0.018240|    0.012684|
|         150|  2.1890e-01|   -7.074550|   -9.636591|    0.798442|    0.018485|    0.013254|
|         151|  2.1887e-01|   -7.064453|   -9.630116|    0.800541|    0.018717|    0.013783|
|         152|  2.1876e-01|   -7.057161|   -9.623499|    0.802567|    0.018923|    0.014243|
|         153|  2.1866e-01|   -7.053576|   -9.616645|    0.804429|    0.019091|    0.014617|
|         154|  2.1857e-01|   -7.053865|   -9.609487|    0.806056|    0.019216|    0.014892|
|         155|  2.1857e-01|   -7.057601|   -9.601949|    0.807396|    0.019294|    0.015063|
|         156|  2.1847e-01|   -7.063898|   -9.593931|    0.808420|    0.019322|    0.015131|
|         157|  2.1837e-01|   -7.071558|   -9.585389|    0.809115|    0.019304|    0.015103|
|         158|  2.1829e-01|   -7.079270|   -9.576238|    0.809486|    0.019243|    0.014987|
|         159|  2.1818e-01|   -7.085852|   -9.566450|    0.809553|    0.019143|    0.014799|
|         160|  2.1811e-01|   -7.090508|   -9.555962|    0.809348|    0.019013|    0.014553|
|         161|  2.1801e-01|   -7.093003|   -9.544780|    0.808912|    0.018859|    0.014267|
|         162|  2.1791e-01|   -7.093674|   -9.532871|    0.808298|    0.018691|    0.013960|
|         163|  2.1783e-01|   -7.093272|   -9.520257|    0.807566|    0.018518|    0.013653|
|         164|  2.1775e-01|   -7.092717|   -9.506920|    0.806782|    0.018349|    0.013364|
|         165|  2.1765e-01|   -7.092869|   -9.492907|    0.806009|    0.018194|    0.013109|
|         166|  2.1759e-01|   -7.094360|   -9.478211|    0.805306|    0.018059|    0.012903|
|         167|  2.1749e-01|   -7.097509|   -9.462903|    0.804726|    0.017951|    0.012757|
|         168|  2.1741e-01|   -7.102303|   -9.447061|    0.804309|    0.017874|    0.012675|
|         169|  2.1732e-01|   -7.108439|   -9.430740|    0.804083|    0.017828|    0.012660|
|         170|  2.1739e-01|   -7.115399|   -9.413987|    0.804065|    0.017815|    0.012710|
|         171|  2.1732e-01|   -7.122575|   -9.396860|    0.804258|    0.017832|    0.012820|
|         172|  2.1723e-01|   -7.129412|   -9.379465|    0.804654|    0.017876|    0.012982|
|         173|  2.1715e-01|   -7.135543|   -9.361849|    0.805233|    0.017942|    0.013185|
|         174|  2.1708e-01|   -7.140884|   -9.344051|    0.805965|    0.018024|    0.013416|
|         175|  2.1701e-01|   -7.145643|   -9.326140|    0.806814|    0.018116|    0.013662|
|         176|  2.1693e-01|   -7.150256|   -9.308188|    0.807736|    0.018213|    0.013909|
|         177|  2.1684e-01|   -7.155265|   -9.290245|    0.808687|    0.018306|    0.014144|
|         178|  2.1683e-01|   -7.161189|   -9.272320|    0.809621|    0.018390|    0.014354|
|         179|  2.1676e-01|   -7.168415|   -9.254475|    0.810497|    0.018460|    0.014531|
|         180|  2.1667e-01|   -7.177123|   -9.236753|    0.811281|    0.018512|    0.014668|
|         181|  2.1658e-01|   -7.187252|   -9.219154|    0.811945|    0.018544|    0.014760|
|         182|  2.1652e-01|   -7.198492|   -9.201709|    0.812470|    0.018554|    0.014807|
|         183|  2.1644e-01|   -7.210314|   -9.184457|    0.812848|    0.018542|    0.014810|
|         184|  2.1636e-01|   -7.222043|   -9.167408|    0.813075|    0.018510|    0.014772|
|         185|  2.1628e-01|   -7.232950|   -9.150568|    0.813159|    0.018460|    0.014701|
|         186|  2.1620e-01|   -7.242382|   -9.133965|    0.813111|    0.018395|    0.014601|
|         187|  2.1613e-01|   -7.249870|   -9.117581|    0.812950|    0.018318|    0.014480|
|         188|  2.1605e-01|   -7.255201|   -9.101443|    0.812697|    0.018233|    0.014348|
|         189|  2.1597e-01|   -7.258423|   -9.085542|    0.812377|    0.018144|    0.014212|
|         190|  2.1591e-01|   -7.259784|   -9.069876|    0.812019|    0.018056|    0.014080|
|         191|  2.1585e-01|   -7.259635|   -9.054479|    0.811650|    0.017973|    0.013959|
|         192|  2.1577e-01|   -7.258325|   -9.039359|    0.811295|    0.017897|    0.013857|
|         193|  2.1570e-01|   -7.256113|   -9.024533|    0.810980|    0.017832|    0.013779|
|         194|  2.1563e-01|   -7.253130|   -9.009997|    0.810723|    0.017780|    0.013726|
|         195|  2.1556e-01|   -7.249386|   -8.995732|    0.810538|    0.017742|    0.013702|
|         196|  2.1549e-01|   -7.244817|   -8.981770|    0.810436|    0.017718|    0.013706|
|         197|  2.1542e-01|   -7.239335|   -8.968105|    0.810419|    0.017708|    0.013737|
|         198|  2.1536e-01|   -7.232896|   -8.954723|    0.810489|    0.017711|    0.013792|
|         199|  2.1529e-01|   -7.225543|   -8.941641|    0.810639|    0.017725|    0.013867|
|         200|  2.1522e-01|   -7.217422|   -8.928876|    0.810859|    0.017748|    0.013958|
|         201|  2.1516e-01|   -7.208770|   -8.916432|    0.811138|    0.017778|    0.014058|
|         202|  2.1510e-01|   -7.199879|   -8.904298|    0.811458|    0.017812|    0.014162|
|         203|  2.1505e-01|   -7.191054|   -8.892486|    0.811803|    0.017847|    0.014264|
|         204|  2.1498e-01|   -7.182571|   -8.881005|    0.812152|    0.017880|    0.014358|
|         205|  2.1493e-01|   -7.174656|   -8.869858|    0.812488|    0.017909|    0.014440|
|         206|  2.1488e-01|   -7.167467|   -8.859053|    0.812793|    0.017932|    0.014504|
|         207|  2.1484e-01|   -7.161096|   -8.848595|    0.813053|    0.017946|    0.014548|
|         208|  2.1479e-01|   -7.155577|   -8.838495|    0.813255|    0.017951|    0.014570|
|         209|  2.1473e-01|   -7.150903|   -8.828742|    0.813391|    0.017946|    0.014570|
|         210|  2.1470e-01|   -7.147044|   -8.819360|    0.813455|    0.017930|    0.014547|
|         211|  2.1467e-01|   -7.143960|   -8.810357|    0.813446|    0.017905|    0.014503|
|         212|  2.1463e-01|   -7.141618|   -8.801742|    0.813366|    0.017871|    0.014441|
|         213|  2.1457e-01|   -7.140000|   -8.793524|    0.813221|    0.017829|    0.014364|
|         214|  2.1451e-01|   -7.139103|   -8.785705|    0.813018|    0.017782|    0.014274|
|         215|  2.1453e-01|   -7.138943|   -8.778303|    0.812767|    0.017731|    0.014177|
|         216|  2.1447e-01|   -7.139546|   -8.771329|    0.812480|    0.017678|    0.014075|
|         217|  2.1442e-01|   -7.140939|   -8.764800|    0.812170|    0.017624|    0.013973|
|         218|  2.1439e-01|   -7.143142|   -8.758726|    0.811850|    0.017572|    0.013874|
|         219|  2.1438e-01|   -7.146161|   -8.753122|    0.811532|    0.017524|    0.013782|
|         220|  2.1434e-01|   -7.149983|   -8.747995|    0.811226|    0.017480|    0.013698|
|         221|  2.1429e-01|   -7.154575|   -8.743361|    0.810941|    0.017442|    0.013625|
|         222|  2.1424e-01|   -7.159883|   -8.739229|    0.810686|    0.017410|    0.013562|
|         223|  2.1418e-01|   -7.165839|   -8.735612|    0.810463|    0.017385|    0.013511|
|         224|  2.1414e-01|   -7.172365|   -8.732523|    0.810276|    0.017365|    0.013470|
|         225|  2.1408e-01|   -7.179382|   -8.729963|    0.810125|    0.017352|    0.013439|
|         226|  2.1402e-01|   -7.186815|   -8.727938|    0.810006|    0.017343|    0.013415|
|         227|  2.1397e-01|   -7.194604|   -8.726457|    0.809915|    0.017338|    0.013397|
|         228|  2.1393e-01|   -7.202699|   -8.725523|    0.809847|    0.017335|    0.013382|
|         229|  2.1388e-01|   -7.211067|   -8.725129|    0.809795|    0.017334|    0.013367|
|         230|  2.1385e-01|   -7.219685|   -8.725283|    0.809749|    0.017333|    0.013351|
|         231|  2.1379e-01|   -7.228538|   -8.725984|    0.809702|    0.017331|    0.013330|
|         232|  2.1374e-01|   -7.237607|   -8.727234|    0.809646|    0.017327|    0.013303|
|         233|  2.1376e-01|   -7.246868|   -8.729029|    0.809574|    0.017319|    0.013268|
|         234|  2.1372e-01|   -7.256286|   -8.731356|    0.809479|    0.017308|    0.013223|
|         235|  2.1368e-01|   -7.265810|   -8.734204|    0.809356|    0.017292|    0.013169|
|         236|  2.1364e-01|   -7.275377|   -8.737562|    0.809201|    0.017272|    0.013105|
|         237|  2.1359e-01|   -7.284913|   -8.741425|    0.809012|    0.017247|    0.013031|
|         238|  2.1354e-01|   -7.294340|   -8.745778|    0.808790|    0.017217|    0.012948|
|         239|  2.1350e-01|   -7.303583|   -8.750602|    0.808534|    0.017184|    0.012857|
|         240|  2.1346e-01|   -7.312581|   -8.755882|    0.808247|    0.017148|    0.012759|
|         241|  2.1341e-01|   -7.321290|   -8.761607|    0.807932|    0.017109|    0.012656|
|         242|  2.1335e-01|   -7.329689|   -8.767752|    0.807594|    0.017068|    0.012550|
|         243|  2.1331e-01|   -7.337778|   -8.774305|    0.807239|    0.017026|    0.012443|
|         244|  2.1330e-01|   -7.345579|   -8.781242|    0.806872|    0.016985|    0.012336|
|         245|  2.1326e-01|   -7.353129|   -8.788544|    0.806499|    0.016944|    0.012231|
|         246|  2.1321e-01|   -7.360471|   -8.796188|    0.806126|    0.016906|    0.012129|
|         247|  2.1316e-01|   -7.367650|   -8.804146|    0.805758|    0.016869|    0.012032|
|         248|  2.1312e-01|   -7.374705|   -8.812386|    0.805400|    0.016835|    0.011941|
|         249|  2.1314e-01|   -7.381670|   -8.820896|    0.805055|    0.016805|    0.011856|
|         250|  2.1310e-01|   -7.388567|   -8.829638|    0.804727|    0.016777|    0.011777|
+-----------------------------------------------------------------------+
|        File Writing Summary       |              Filename             |
+-----------------------------------------------------------------------+
|SU2 binary restart                 |restart_flow.dat                   |
|Paraview                           |flow.vtu                           |
|Paraview surface                   |surface_flow.vtu                   |
+-----------------------------------------------------------------------+
+------------------------------------------------------------------------------------------+
|  Inner_Iter|   Time(sec)|    rms[Rho]|     rms[nu]|          CL|          CD|         CMz|
+------------------------------------------------------------------------------------------+
|         251|  2.1331e-01|   -7.395411|   -8.838586|    0.804416|    0.016753|    0.011703|
|         252|  2.1325e-01|   -7.402210|   -8.847717|    0.804122|    0.016732|    0.011636|
|         253|  2.1326e-01|   -7.408966|   -8.857011|    0.803844|    0.016713|    0.011573|
|         254|  2.1321e-01|   -7.415676|   -8.866437|    0.803580|    0.016696|    0.011514|
|         255|  2.1318e-01|   -7.422333|   -8.875955|    0.803328|    0.016681|    0.011457|
|         256|  2.1316e-01|   -7.428924|   -8.885542|    0.803082|    0.016667|    0.011401|
|         257|  2.1313e-01|   -7.435432|   -8.895169|    0.802841|    0.016653|    0.011346|
|         258|  2.1309e-01|   -7.441828|   -8.904798|    0.802599|    0.016639|    0.011289|
|         259|  2.1305e-01|   -7.448077|   -8.914392|    0.802352|    0.016624|    0.011231|
|         260|  2.1303e-01|   -7.454131|   -8.923937|    0.802098|    0.016608|    0.011170|
|         261|  2.1299e-01|   -7.459938|   -8.933401|    0.801833|    0.016590|    0.011105|
|         262|  2.1297e-01|   -7.465441|   -8.942761|    0.801555|    0.016571|    0.011037|
|         263|  2.1298e-01|   -7.470584|   -8.951996|    0.801263|    0.016551|    0.010965|
|         264|  2.1296e-01|   -7.475320|   -8.961056|    0.800955|    0.016528|    0.010890|
|         265|  2.1295e-01|   -7.479616|   -8.969939|    0.800632|    0.016504|    0.010811|
|         266|  2.1294e-01|   -7.483455|   -8.978630|    0.800294|    0.016479|    0.010730|
|         267|  2.1295e-01|   -7.486845|   -8.987121|    0.799943|    0.016453|    0.010646|
|         268|  2.1295e-01|   -7.489813|   -8.995397|    0.799582|    0.016427|    0.010562|
|         269|  2.1294e-01|   -7.492403|   -9.003452|    0.799212|    0.016401|    0.010478|
|         270|  2.1291e-01|   -7.494677|   -9.011283|    0.798837|    0.016375|    0.010394|
|         271|  2.1291e-01|   -7.496698|   -9.018881|    0.798460|    0.016349|    0.010312|
|         272|  2.1291e-01|   -7.498533|   -9.026242|    0.798084|    0.016325|    0.010232|
|         273|  2.1289e-01|   -7.500243|   -9.033383|    0.797710|    0.016303|    0.010155|
|         274|  2.1289e-01|   -7.501877|   -9.040288|    0.797343|    0.016282|    0.010081|
|         275|  2.1289e-01|   -7.503472|   -9.046990|    0.796983|    0.016263|    0.010012|
|         276|  2.1291e-01|   -7.505050|   -9.053496|    0.796631|    0.016246|    0.009946|
|         277|  2.1292e-01|   -7.506623|   -9.059794|    0.796289|    0.016230|    0.009883|
|         278|  2.1291e-01|   -7.508190|   -9.065912|    0.795956|    0.016217|    0.009824|
|         279|  2.1291e-01|   -7.509742|   -9.071872|    0.795633|    0.016206|    0.009768|
|         280|  2.1291e-01|   -7.511268|   -9.077683|    0.795317|    0.016195|    0.009715|
|         281|  2.1291e-01|   -7.512751|   -9.083360|    0.795009|    0.016187|    0.009663|
|         282|  2.1292e-01|   -7.514177|   -9.088900|    0.794706|    0.016179|    0.009613|
|         283|  2.1292e-01|   -7.515533|   -9.094306|    0.794407|    0.016171|    0.009564|
|         284|  2.1290e-01|   -7.516808|   -9.099597|    0.794110|    0.016164|    0.009515|
|         285|  2.1290e-01|   -7.517994|   -9.104827|    0.793814|    0.016158|    0.009466|
|         286|  2.1289e-01|   -7.519087|   -9.110002|    0.793516|    0.016151|    0.009416|
|         287|  2.1289e-01|   -7.520088|   -9.115118|    0.793215|    0.016144|    0.009365|
|         288|  2.1290e-01|   -7.520998|   -9.120179|    0.792911|    0.016137|    0.009313|
|         289|  2.1290e-01|   -7.521827|   -9.125172|    0.792601|    0.016129|    0.009260|
|         290|  2.1289e-01|   -7.522586|   -9.130145|    0.792287|    0.016121|    0.009205|
|         291|  2.1288e-01|   -7.523289|   -9.135086|    0.791968|    0.016112|    0.009150|
|         292|  2.1287e-01|   -7.523957|   -9.139992|    0.791644|    0.016103|    0.009093|
|         293|  2.1286e-01|   -7.524611|   -9.144876|    0.791316|    0.016094|    0.009036|
|         294|  2.1288e-01|   -7.525273|   -9.149720|    0.790984|    0.016085|    0.008979|
|         295|  2.1290e-01|   -7.525968|   -9.154547|    0.790650|    0.016076|    0.008922|
|         296|  2.1290e-01|   -7.526716|   -9.159317|    0.790315|    0.016067|    0.008865|
|         297|  2.1296e-01|   -7.527538|   -9.164069|    0.789981|    0.016059|    0.008809|
|         298|  2.1303e-01|   -7.528449|   -9.168772|    0.789648|    0.016051|    0.008755|
|         299|  2.1309e-01|   -7.529459|   -9.173431|    0.789317|    0.016044|    0.008701|
|         300|  2.1314e-01|   -7.530573|   -9.178053|    0.788991|    0.016038|    0.008650|
|         301|  2.1321e-01|   -7.531792|   -9.182659|    0.788669|    0.016033|    0.008600|
|         302|  2.1319e-01|   -7.533110|   -9.187211|    0.788353|    0.016028|    0.008552|
|         303|  2.1319e-01|   -7.534520|   -9.191700|    0.788042|    0.016025|    0.008506|
|         304|  2.1322e-01|   -7.536011|   -9.196125|    0.787737|    0.016022|    0.008462|
|         305|  2.1336e-01|   -7.537568|   -9.200474|    0.787439|    0.016020|    0.008419|
|         306|  2.1342e-01|   -7.539180|   -9.204709|    0.787145|    0.016019|    0.008377|
|         307|  2.1339e-01|   -7.540833|   -9.208767|    0.786857|    0.016019|    0.008337|
|         308|  2.1340e-01|   -7.542516|   -9.212691|    0.786574|    0.016019|    0.008298|
|         309|  2.1345e-01|   -7.544220|   -9.216394|    0.786294|    0.016019|    0.008259|
|         310|  2.1350e-01|   -7.545936|   -9.219912|    0.786017|    0.016020|    0.008220|
|         311|  2.1360e-01|   -7.547658|   -9.223179|    0.785742|    0.016020|    0.008182|
|         312|  2.1366e-01|   -7.549385|   -9.226189|    0.785469|    0.016021|    0.008144|
|         313|  2.1370e-01|   -7.551113|   -9.228949|    0.785197|    0.016022|    0.008105|
|         314|  2.1382e-01|   -7.552845|   -9.231396|    0.784925|    0.016022|    0.008066|
|         315|  2.1413e-01|   -7.554581|   -9.233525|    0.784652|    0.016022|    0.008027|
|         316|  2.1420e-01|   -7.556327|   -9.235328|    0.784380|    0.016022|    0.007987|
|         317|  2.1425e-01|   -7.558086|   -9.236731|    0.784106|    0.016022|    0.007947|
|         318|  2.1423e-01|   -7.559866|   -9.237780|    0.783832|    0.016021|    0.007907|
|         319|  2.1430e-01|   -7.561673|   -9.238519|    0.783558|    0.016021|    0.007866|
|         320|  2.1437e-01|   -7.563515|   -9.238935|    0.783283|    0.016020|    0.007825|
|         321|  2.1444e-01|   -7.565399|   -9.239020|    0.783008|    0.016019|    0.007785|
|         322|  2.1447e-01|   -7.567332|   -9.238775|    0.782734|    0.016018|    0.007744|
|         323|  2.1451e-01|   -7.569322|   -9.238196|    0.782461|    0.016017|    0.007704|
|         324|  2.1457e-01|   -7.571371|   -9.237276|    0.782189|    0.016017|    0.007664|
|         325|  2.1461e-01|   -7.573485|   -9.236060|    0.781920|    0.016016|    0.007625|
|         326|  2.1461e-01|   -7.575664|   -9.234553|    0.781653|    0.016016|    0.007587|
|         327|  2.1458e-01|   -7.577908|   -9.232781|    0.781388|    0.016016|    0.007549|
|         328|  2.1455e-01|   -7.580214|   -9.230718|    0.781127|    0.016016|    0.007512|
|         329|  2.1458e-01|   -7.582580|   -9.228434|    0.780870|    0.016017|    0.007476|
|         330|  2.1476e-01|   -7.584999|   -9.225955|    0.780616|    0.016018|    0.007441|
|         331|  2.1483e-01|   -7.587464|   -9.223306|    0.780366|    0.016019|    0.007407|
|         332|  2.1486e-01|   -7.589968|   -9.220513|    0.780119|    0.016020|    0.007373|
|         333|  2.1489e-01|   -7.592504|   -9.217601|    0.779875|    0.016022|    0.007340|
|         334|  2.1494e-01|   -7.595063|   -9.214591|    0.779635|    0.016024|    0.007307|
|         335|  2.1498e-01|   -7.597638|   -9.211491|    0.779397|    0.016026|    0.007275|
|         336|  2.1504e-01|   -7.600222|   -9.208328|    0.779162|    0.016028|    0.007243|
|         337|  2.1513e-01|   -7.602808|   -9.205120|    0.778928|    0.016030|    0.007211|
|         338|  2.1517e-01|   -7.605390|   -9.201908|    0.778697|    0.016032|    0.007180|
|         339|  2.1523e-01|   -7.607965|   -9.198708|    0.778467|    0.016034|    0.007148|
|         340|  2.1526e-01|   -7.610529|   -9.195503|    0.778237|    0.016036|    0.007116|
|         341|  2.1533e-01|   -7.613080|   -9.192332|    0.778009|    0.016038|    0.007084|
|         342|  2.1537e-01|   -7.615617|   -9.189237|    0.777781|    0.016040|    0.007052|
|         343|  2.1540e-01|   -7.618141|   -9.186241|    0.777553|    0.016041|    0.007020|
|         344|  2.1543e-01|   -7.620652|   -9.183356|    0.777325|    0.016042|    0.006987|
|         345|  2.1548e-01|   -7.623155|   -9.180597|    0.777098|    0.016043|    0.006954|
|         346|  2.1550e-01|   -7.625653|   -9.177977|    0.776871|    0.016044|    0.006922|
|         347|  2.1554e-01|   -7.628152|   -9.175505|    0.776644|    0.016044|    0.006889|
|         348|  2.1557e-01|   -7.630657|   -9.173192|    0.776418|    0.016045|    0.006856|
|         349|  2.1562e-01|   -7.633174|   -9.171046|    0.776193|    0.016045|    0.006823|
|         350|  2.1565e-01|   -7.635712|   -9.169068|    0.775969|    0.016046|    0.006790|
|         351|  2.1568e-01|   -7.638276|   -9.167266|    0.775746|    0.016046|    0.006758|
|         352|  2.1571e-01|   -7.640873|   -9.165647|    0.775524|    0.016046|    0.006726|
|         353|  2.1574e-01|   -7.643510|   -9.164214|    0.775305|    0.016047|    0.006694|
|         354|  2.1577e-01|   -7.646194|   -9.162969|    0.775087|    0.016047|    0.006663|
|         355|  2.1580e-01|   -7.648929|   -9.161912|    0.774871|    0.016048|    0.006632|
|         356|  2.1584e-01|   -7.651721|   -9.161043|    0.774657|    0.016049|    0.006601|
|         357|  2.1587e-01|   -7.654572|   -9.160364|    0.774445|    0.016049|    0.006571|
|         358|  2.1590e-01|   -7.657487|   -9.159874|    0.774236|    0.016050|    0.006542|
|         359|  2.1592e-01|   -7.660468|   -9.159570|    0.774029|    0.016051|    0.006512|
|         360|  2.1596e-01|   -7.663516|   -9.159450|    0.773823|    0.016052|    0.006483|
|         361|  2.1598e-01|   -7.666633|   -9.159511|    0.773620|    0.016053|    0.006455|
|         362|  2.1601e-01|   -7.669819|   -9.159732|    0.773418|    0.016054|    0.006426|
|         363|  2.1605e-01|   -7.673074|   -9.160128|    0.773218|    0.016055|    0.006398|
|         364|  2.1606e-01|   -7.676399|   -9.160689|    0.773020|    0.016056|    0.006369|
|         365|  2.1609e-01|   -7.679792|   -9.161409|    0.772823|    0.016057|    0.006341|
|         366|  2.1615e-01|   -7.683253|   -9.162304|    0.772626|    0.016057|    0.006313|
|         367|  2.1619e-01|   -7.686780|   -9.163340|    0.772431|    0.016058|    0.006285|
|         368|  2.1640e-01|   -7.690374|   -9.164538|    0.772237|    0.016059|    0.006257|
|         369|  2.1645e-01|   -7.694032|   -9.165890|    0.772043|    0.016059|    0.006229|
|         370|  2.1658e-01|   -7.697754|   -9.167390|    0.771850|    0.016060|    0.006201|
|         371|  2.1688e-01|   -7.701539|   -9.169034|    0.771658|    0.016060|    0.006173|
|         372|  2.1709e-01|   -7.705385|   -9.170816|    0.771467|    0.016060|    0.006145|
|         373|  2.1722e-01|   -7.709292|   -9.172732|    0.771276|    0.016060|    0.006117|
|         374|  2.1739e-01|   -7.713259|   -9.174775|    0.771086|    0.016060|    0.006089|
|         375|  2.1748e-01|   -7.717283|   -9.176943|    0.770897|    0.016060|    0.006062|
|         376|  2.1759e-01|   -7.721363|   -9.179223|    0.770709|    0.016060|    0.006034|
|         377|  2.1765e-01|   -7.725498|   -9.181619|    0.770522|    0.016060|    0.006007|
|         378|  2.1774e-01|   -7.729684|   -9.184123|    0.770336|    0.016060|    0.005980|
|         379|  2.1783e-01|   -7.733919|   -9.186731|    0.770152|    0.016060|    0.005953|
|         380|  2.1795e-01|   -7.738200|   -9.189437|    0.769969|    0.016060|    0.005927|
|         381|  2.1819e-01|   -7.742521|   -9.192237|    0.769787|    0.016060|    0.005901|
|         382|  2.1830e-01|   -7.746879|   -9.195125|    0.769607|    0.016061|    0.005875|
|         383|  2.1832e-01|   -7.751268|   -9.198097|    0.769429|    0.016061|    0.005849|
|         384|  2.1843e-01|   -7.755682|   -9.201148|    0.769252|    0.016061|    0.005824|
|         385|  2.1854e-01|   -7.760116|   -9.204275|    0.769076|    0.016061|    0.005799|
|         386|  2.1867e-01|   -7.764563|   -9.207472|    0.768902|    0.016062|    0.005774|
|         387|  2.1878e-01|   -7.769018|   -9.210726|    0.768730|    0.016062|    0.005750|
|         388|  2.1879e-01|   -7.773473|   -9.214046|    0.768559|    0.016062|    0.005725|
|         389|  2.1881e-01|   -7.777922|   -9.217423|    0.768389|    0.016063|    0.005701|
|         390|  2.1886e-01|   -7.782361|   -9.220854|    0.768220|    0.016063|    0.005677|
|         391|  2.1887e-01|   -7.786784|   -9.224336|    0.768053|    0.016064|    0.005654|
|         392|  2.1892e-01|   -7.791185|   -9.227866|    0.767887|    0.016064|    0.005630|
|         393|  2.1894e-01|   -7.795561|   -9.231442|    0.767721|    0.016065|    0.005607|
|         394|  2.1901e-01|   -7.799909|   -9.235058|    0.767557|    0.016065|    0.005583|
|         395|  2.1908e-01|   -7.804225|   -9.238714|    0.767393|    0.016065|    0.005560|
|         396|  2.1932e-01|   -7.808508|   -9.242407|    0.767230|    0.016066|    0.005537|
|         397|  2.1942e-01|   -7.812757|   -9.246131|    0.767068|    0.016066|    0.005514|
|         398|  2.1951e-01|   -7.816971|   -9.249882|    0.766907|    0.016066|    0.005491|
|         399|  2.1960e-01|   -7.821150|   -9.253661|    0.766747|    0.016067|    0.005468|
|         400|  2.1965e-01|   -7.825296|   -9.257462|    0.766588|    0.016067|    0.005445|
|         401|  2.1968e-01|   -7.829408|   -9.261281|    0.766429|    0.016067|    0.005423|
|         402|  2.1975e-01|   -7.833489|   -9.265116|    0.766271|    0.016068|    0.005400|
|         403|  2.1976e-01|   -7.837541|   -9.268964|    0.766115|    0.016068|    0.005378|
|         404|  2.1978e-01|   -7.841566|   -9.272823|    0.765959|    0.016068|    0.005356|
|         405|  2.1980e-01|   -7.845565|   -9.276688|    0.765804|    0.016069|    0.005334|
|         406|  2.1982e-01|   -7.849541|   -9.280555|    0.765651|    0.016069|    0.005312|
|         407|  2.1982e-01|   -7.853496|   -9.284415|    0.765498|    0.016070|    0.005291|
|         408|  2.1983e-01|   -7.857433|   -9.288269|    0.765347|    0.016070|    0.005269|
|         409|  2.1986e-01|   -7.861352|   -9.292111|    0.765196|    0.016071|    0.005248|
|         410|  2.1994e-01|   -7.865255|   -9.295936|    0.765047|    0.016071|    0.005227|
|         411|  2.2013e-01|   -7.869145|   -9.299745|    0.764899|    0.016072|    0.005207|
|         412|  2.2022e-01|   -7.873023|   -9.303532|    0.764752|    0.016072|    0.005186|
|         413|  2.2028e-01|   -7.876890|   -9.307292|    0.764606|    0.016073|    0.005166|
|         414|  2.2038e-01|   -7.880748|   -9.311022|    0.764461|    0.016074|    0.005145|
|         415|  2.2043e-01|   -7.884598|   -9.314717|    0.764317|    0.016074|    0.005125|
|         416|  2.2049e-01|   -7.888442|   -9.318374|    0.764175|    0.016075|    0.005105|
|         417|  2.2051e-01|   -7.892281|   -9.321989|    0.764033|    0.016076|    0.005085|
|         418|  2.2052e-01|   -7.896116|   -9.325557|    0.763892|    0.016076|    0.005066|
|         419|  2.2052e-01|   -7.899950|   -9.329076|    0.763751|    0.016077|    0.005046|
|         420|  2.2052e-01|   -7.903785|   -9.332541|    0.763612|    0.016078|    0.005027|
|         421|  2.2053e-01|   -7.907622|   -9.335948|    0.763474|    0.016078|    0.005007|
|         422|  2.2055e-01|   -7.911464|   -9.339294|    0.763336|    0.016079|    0.004988|
|         423|  2.2062e-01|   -7.915312|   -9.342575|    0.763199|    0.016079|    0.004968|
|         424|  2.2063e-01|   -7.919168|   -9.345787|    0.763063|    0.016080|    0.004949|
|         425|  2.2064e-01|   -7.923036|   -9.348930|    0.762927|    0.016081|    0.004930|
|         426|  2.2070e-01|   -7.926916|   -9.351998|    0.762793|    0.016081|    0.004911|
|         427|  2.2083e-01|   -7.930810|   -9.354991|    0.762659|    0.016082|    0.004892|
|         428|  2.2090e-01|   -7.934720|   -9.357906|    0.762526|    0.016082|            0.004873|
|         429|  2.2095e-01|   -7.938647|   -9.360743|    0.762394|    0.016083|    0.004855|
|         430|  2.2104e-01|   -7.942592|   -9.363500|    0.762262|    0.016083|    0.004836|
|         431|  2.2114e-01|   -7.946554|   -9.366177|    0.762132|    0.016084|    0.004818|
|         432|  2.2116e-01|   -7.950534|   -9.368773|    0.762002|    0.016084|    0.004799|
|         433|  2.2121e-01|   -7.954530|   -9.371289|    0.761874|    0.016085|    0.004781|
|         434|  2.2129e-01|   -7.958541|   -9.373724|    0.761746|    0.016085|    0.004763|
|         435|  2.2137e-01|   -7.962564|   -9.376082|    0.761619|    0.016086|    0.004745|
|         436|  2.2144e-01|   -7.966596|   -9.378364|    0.761493|    0.016086|    0.004727|
|         437|  2.2151e-01|   -7.970634|   -9.380570|    0.761368|    0.016087|    0.004709|
|         438|  2.2156e-01|   -7.974674|   -9.382704|    0.761243|    0.016087|    0.004692|
|         439|  2.2161e-01|   -7.978711|   -9.384769|    0.761120|    0.016088|    0.004674|
|         440|  2.2168e-01|   -7.982740|   -9.386769|    0.760998|    0.016089|    0.004657|
|         441|  2.2175e-01|   -7.986756|   -9.388707|    0.760876|    0.016089|    0.004640|
|         442|  2.2183e-01|   -7.990754|   -9.390587|    0.760755|    0.016090|    0.004623|
|         443|  2.2189e-01|   -7.994727|   -9.392413|    0.760635|    0.016090|    0.004606|
|         444|  2.2198e-01|   -7.998672|   -9.394191|    0.760516|    0.016091|    0.004589|
|         445|  2.2206e-01|   -8.002582|   -9.395924|    0.760397|    0.016091|    0.004572|
|         446|  2.2216e-01|   -8.006454|   -9.397619|    0.760280|    0.016092|    0.004555|
|         447|  2.2217e-01|   -8.010283|   -9.399279|    0.760163|    0.016092|    0.004538|
|         448|  2.2218e-01|   -8.014066|   -9.400909|    0.760046|    0.016092|    0.004522|
|         449|  2.2219e-01|   -8.017800|   -9.402514|    0.759931|    0.016093|    0.004505|
|         450|  2.2235e-01|   -8.021482|   -9.404099|    0.759816|    0.016093|    0.004489|
|         451|  2.2242e-01|   -8.025113|   -9.405670|    0.759701|    0.016094|    0.004472|
|         452|  2.2251e-01|   -8.028690|   -9.407230|    0.759588|    0.016094|    0.004456|
|         453|  2.2266e-01|   -8.032215|   -9.408767|    0.759475|    0.016094|    0.004440|
|         454|  2.2272e-01|   -8.035689|   -9.410292|    0.759363|    0.016095|    0.004424|
|         455|  2.2278e-01|   -8.039114|   -9.411824|    0.759251|    0.016095|    0.004408|
|         456|  2.2279e-01|   -8.042492|   -9.413361|    0.759140|    0.016095|    0.004392|
|         457|  2.2282e-01|   -8.045827|   -9.414905|    0.759030|    0.016096|    0.004376|
|         458|  2.2287e-01|   -8.049121|   -9.416461|    0.758921|    0.016096|    0.004360|
|         459|  2.2293e-01|   -8.052380|   -9.418030|    0.758812|    0.016096|    0.004345|
|         460|  2.2294e-01|   -8.055609|   -9.419616|    0.758704|    0.016097|    0.004329|
|         461|  2.2295e-01|   -8.058810|   -9.421221|    0.758596|    0.016097|    0.004313|
|         462|  2.2296e-01|   -8.061990|   -9.422847|    0.758490|    0.016097|    0.004298|
|         463|  2.2301e-01|   -8.065153|   -9.424495|    0.758383|    0.016097|    0.004283|
|         464|  2.2306e-01|   -8.068303|   -9.426167|    0.758278|    0.016098|    0.004268|
|         465|  2.2311e-01|   -8.071446|   -9.427864|    0.758173|    0.016098|    0.004252|
|         466|  2.2313e-01|   -8.074585|   -9.429587|    0.758069|    0.016098|    0.004237|
|         467|  2.2314e-01|   -8.077723|   -9.431335|    0.757965|    0.016098|    0.004223|
|         468|  2.2317e-01|   -8.080865|   -9.433109|    0.757862|    0.016099|    0.004208|
|         469|  2.2321e-01|   -8.084013|   -9.434907|    0.757760|    0.016099|    0.004193|
|         470|  2.2330e-01|   -8.087169|   -9.436730|    0.757658|    0.016099|    0.004178|
|         471|  2.2343e-01|   -8.090334|   -9.438575|    0.757557|    0.016099|    0.004164|
|         472|  2.2353e-01|   -8.093509|   -9.440442|    0.757456|    0.016099|    0.004149|
|         473|  2.2360e-01|   -8.096695|   -9.442329|    0.757356|    0.016100|    0.004135|
|         474|  2.2368e-01|   -8.099890|   -9.444234|    0.757257|    0.016100|    0.004120|
|         475|  2.2370e-01|   -8.103094|   -9.446157|    0.757158|    0.016100|    0.004106|
|         476|  2.2376e-01|   -8.106304|   -9.448094|    0.757059|    0.016100|    0.004092|
|         477|  2.2380e-01|   -8.109518|   -9.450046|    0.756961|    0.016100|    0.004077|
|         478|  2.2383e-01|   -8.112734|   -9.452009|    0.756864|    0.016100|    0.004063|
|         479|  2.2383e-01|   -8.115948|   -9.453982|    0.756767|    0.016101|    0.004049|
|         480|  2.2384e-01|   -8.119157|   -9.455963|    0.756670|    0.016101|    0.004035|
|         481|  2.2388e-01|   -8.122356|   -9.457950|    0.756574|    0.016101|    0.004021|
|         482|  2.2389e-01|   -8.125541|   -9.459941|    0.756478|    0.016101|    0.004007|
|         483|  2.2390e-01|   -8.128709|   -9.461935|    0.756383|    0.016101|    0.003994|
|         484|  2.2392e-01|   -8.131856|   -9.463929|    0.756289|    0.016101|    0.003980|
|         485|  2.2393e-01|   -8.134976|   -9.465922|    0.756194|    0.016102|    0.003966|
|         486|  2.2395e-01|   -8.138068|   -9.467911|    0.756101|    0.016102|    0.003953|
|         487|  2.2401e-01|   -8.141127|   -9.469895|    0.756008|    0.016102|    0.003939|
|         488|  2.2407e-01|   -8.144150|   -9.471874|    0.755915|    0.016102|    0.003926|
|         489|  2.2413e-01|   -8.147135|   -9.473844|    0.755823|    0.016102|    0.003912|
|         490|  2.2420e-01|   -8.150081|   -9.475806|    0.755731|    0.016102|    0.003899|
|         491|  2.2424e-01|   -8.152985|   -9.477757|    0.755639|    0.016102|    0.003886|
|         492|  2.2428e-01|   -8.155847|   -9.479697|    0.755548|    0.016103|    0.003873|
|         493|  2.2429e-01|   -8.158666|   -9.481626|    0.755458|    0.016103|    0.003860|
|         494|  2.2432e-01|   -8.161444|   -9.483542|    0.755368|    0.016103|    0.003847|
|         495|  2.2437e-01|   -8.164180|   -9.485446|    0.755278|    0.016103|    0.003834|
|         496|  2.2438e-01|   -8.166877|   -9.487336|    0.755189|    0.016103|    0.003821|
|         497|  2.2439e-01|   -8.169536|   -9.489213|    0.755101|    0.016103|    0.003808|
|         498|  2.2444e-01|   -8.172160|   -9.491077|    0.755012|    0.016103|    0.003795|
|         499|  2.2445e-01|   -8.174751|   -9.492929|    0.754925|    0.016103|    0.003782|
|         500|  2.2448e-01|   -8.177314|   -9.494767|    0.754837|    0.016104|    0.003770|
+-----------------------------------------------------------------------+
|        File Writing Summary       |              Filename             |
+-----------------------------------------------------------------------+
|SU2 binary restart                 |restart_flow.dat                   |
|Paraview                           |flow.vtu                           |
|Paraview surface                   |surface_flow.vtu                   |
+-----------------------------------------------------------------------+
+------------------------------------------------------------------------------------------+
|  Inner_Iter|   Time(sec)|    rms[Rho]|     rms[nu]|          CL|          CD|         CMz|
+------------------------------------------------------------------------------------------+
|         501|  2.2464e-01|   -8.179850|   -9.496593|    0.754750|    0.016104|    0.003757|
|         502|  2.2465e-01|   -8.182363|   -9.498407|    0.754664|    0.016104|    0.003744|
|         503|  2.2467e-01|   -8.184857|   -9.500211|    0.754578|    0.016104|    0.003732|
|         504|  2.2468e-01|   -8.187336|   -9.502004|    0.754492|    0.016104|    0.003719|
|         505|  2.2469e-01|   -8.189802|   -9.503788|    0.754407|    0.016104|    0.003707|
|         506|  2.2470e-01|   -8.192259|   -9.505563|    0.754322|    0.016104|    0.003694|
|         507|  2.2471e-01|   -8.194709|   -9.507330|    0.754238|    0.016104|    0.003682|
|         508|  2.2474e-01|   -8.197156|   -9.509091|    0.754154|    0.016104|    0.003670|
|         509|  2.2475e-01|   -8.199602|   -9.510846|    0.754070|    0.016104|    0.003658|
|         510|  2.2474e-01|   -8.202048|   -9.512597|    0.753987|    0.016104|    0.003646|
|         511|  2.2476e-01|   -8.204497|   -9.514343|    0.753905|    0.016104|    0.003634|
|         512|  2.2479e-01|   -8.206950|   -9.516086|    0.753822|    0.016104|    0.003622|
|         513|  2.2482e-01|   -8.209408|   -9.517828|    0.753741|    0.016104|    0.003610|
|         514|  2.2484e-01|   -8.211872|   -9.519571|    0.753659|    0.016105|    0.003598|
|         515|  2.2488e-01|   -8.214342|   -9.521315|    0.753578|    0.016105|    0.003586|
|         516|  2.2490e-01|   -8.216819|   -9.523046|    0.753498|    0.016105|    0.003574|
|         517|  2.2490e-01|   -8.219302|   -9.524746|    0.753418|    0.016105|    0.003563|
|         518|  2.2494e-01|   -8.221791|   -9.526458|    0.753338|    0.016105|    0.003551|
|         519|  2.2495e-01|   -8.224285|   -9.528170|    0.753259|    0.016105|    0.003539|
|         520|  2.2495e-01|   -8.226786|   -9.529883|    0.753180|    0.016105|    0.003528|
|         521|  2.2495e-01|   -8.229291|   -9.531597|    0.753102|    0.016105|    0.003516|
|         522|  2.2497e-01|   -8.231801|   -9.533312|    0.753024|    0.016105|    0.003505|
|         523|  2.2499e-01|   -8.234315|   -9.535029|    0.752947|    0.016105|    0.003494|
|         524|  2.2499e-01|   -8.236832|   -9.536748|    0.752870|    0.016105|    0.003482|
|         525|  2.2500e-01|   -8.239353|   -9.538468|    0.752793|    0.016105|    0.003471|
|         526|  2.2500e-01|   -8.241877|   -9.540189|    0.752717|    0.016105|    0.003460|
|         527|  2.2500e-01|   -8.244404|   -9.541911|    0.752641|    0.016105|    0.003449|
|         528|  2.2502e-01|   -8.246934|   -9.543633|    0.752565|    0.016105|    0.003438|
|         529|  2.2504e-01|   -8.249468|   -9.545354|    0.752490|    0.016105|    0.003427|
|         530|  2.2504e-01|   -8.252004|   -9.547073|    0.752415|    0.016105|    0.003416|
|         531|  2.2505e-01|   -8.254545|   -9.548790|    0.752341|    0.016105|    0.003405|
|         532|  2.2505e-01|   -8.257091|   -9.550504|    0.752267|    0.016105|    0.003394|
|         533|  2.2505e-01|   -8.259641|   -9.552215|    0.752193|    0.016105|    0.003384|
|         534|  2.2506e-01|   -8.262197|   -9.553921|    0.752120|    0.016105|    0.003373|
|         535|  2.2506e-01|   -8.264760|   -9.555623|    0.752047|    0.016105|    0.003362|
|         536|  2.2507e-01|   -8.267329|   -9.557319|    0.751974|    0.016105|    0.003352|
|         537|  2.2509e-01|   -8.269906|   -9.559009|    0.751902|    0.016105|    0.003341|
|         538|  2.2510e-01|   -8.272490|   -9.560692|    0.751830|    0.016105|    0.003331|
|         539|  2.2510e-01|   -8.275082|   -9.562371|    0.751759|    0.016105|    0.003320|
|         540|  2.2511e-01|   -8.277683|   -9.564046|    0.751687|    0.016105|    0.003310|
|         541|  2.2514e-01|   -8.280291|   -9.565703|    0.751617|    0.016105|    0.003300|
|         542|  2.2523e-01|   -8.282906|   -9.567337|    0.751546|    0.016105|    0.003289|
|         543|  2.2530e-01|   -8.285529|   -9.568971|    0.751476|    0.016105|    0.003279|
|         544|  2.2536e-01|   -8.288158|   -9.570594|    0.751406|    0.016105|    0.003269|
|         545|  2.2542e-01|   -8.290793|   -9.572207|    0.751337|    0.016105|    0.003259|
|         546|  2.2544e-01|   -8.293432|   -9.573809|    0.751268|    0.016105|    0.003249|
|         547|  2.2552e-01|   -8.296074|   -9.575399|    0.751199|    0.016105|    0.003239|
|         548|  2.2553e-01|   -8.298717|   -9.576978|    0.751130|    0.016105|    0.003229|
|         549|  2.2553e-01|   -8.301361|   -9.578547|    0.751062|    0.016105|    0.003219|
|         550|  2.2555e-01|   -8.304004|   -9.580104|    0.750994|    0.016105|    0.003209|
|         551|  2.2568e-01|   -8.306644|   -9.581652|    0.750927|    0.016105|    0.003200|
|         552|  2.2572e-01|   -8.309280|   -9.583190|    0.750860|    0.016105|    0.003190|
|         553|  2.2579e-01|   -8.311909|   -9.584718|    0.750793|    0.016105|    0.003180|
|         554|  2.2579e-01|   -8.314532|   -9.586238|    0.750726|    0.016106|    0.003170|
|         555|  2.2578e-01|   -8.317146|   -9.587750|    0.750660|    0.016106|    0.003161|
|         556|  2.2579e-01|   -8.319749|   -9.589255|    0.750594|    0.016106|    0.003151|
|         557|  2.2578e-01|   -8.322342|   -9.590754|    0.750528|    0.016106|    0.003142|

----------------------------- Solver Exit -------------------------------
All convergence criteria satisfied.
+-----------------------------------------------------------------------+
|      Convergence Field     |     Value    |   Criterion  |  Converged |
+-----------------------------------------------------------------------+
|                  Cauchy[CD]|   9.96063e-07|       < 1e-06|         Yes|
+-----------------------------------------------------------------------+