+------------------------------------------------------------------------------------------+
|  Inner_Iter|   Time(sec)|    rms[Rho]|     rms[nu]|          CL|          CD|         CMz|
+------------------------------------------------------------------------------------------+
|           0|  2.3346e-01|   -3.931559|  -10.667220|    5.495464|    2.200338|    1.645963|
|           1|  2.3678e-01|   -4.777417|  -10.647175|    4.623023|    1.994959|    1.393965|
|           2|  2.3624e-01|   -4.784466|  -10.818511|    3.905229|    1.671794|    1.155070|
|           3|  2.3849e-01|   -4.815999|  -10.828352|    3.516390|    1.462404|    1.003331|
|           4|  2.3784e-01|   -4.879721|  -10.820359|    3.205329|    1.286273|    0.857033|
|           5|  2.3824e-01|   -4.931519|  -10.819437|    2.891824|    1.109908|    0.691101|
|           6|  2.3774e-01|   -4.963844|  -10.810086|    2.566136|    0.929530|    0.508972|
|           7|  2.3665e-01|   -4.978943|  -10.786854|    2.234413|    0.749283|    0.322389|
|           8|  2.3537e-01|   -4.978022|  -10.752357|    1.904303|    0.574381|    0.143818|
|           9|  2.3450e-01|   -4.965555|  -10.711160|    1.581445|    0.409624|   -0.016688|
|          10|  2.3375e-01|   -4.950982|  -10.667808|    1.270950|    0.259208|   -0.152242|
|          11|  2.3311e-01|   -4.943155|  -10.631503|    0.977771|    0.126170|   -0.259609|
|          12|  2.3463e-01|   -4.945552|  -10.601634|    0.707277|    0.012373|   -0.338490|
|          13|  2.3501e-01|   -4.956697|  -10.576117|    0.465554|   -0.081168|   -0.390361|
|          14|  2.3499e-01|   -4.973017|  -10.557396|    0.259780|   -0.153699|   -0.417345|
|          15|  2.3487e-01|   -4.991489|  -10.546261|    0.097954|   -0.204449|   -0.421647|
|          16|  2.3498e-01|   -5.010990|  -10.542209|   -0.012283|   -0.232782|   -0.405499|
|          17|  2.3517e-01|   -5.032119|  -10.542914|   -0.065036|   -0.238506|   -0.371248|
|          18|  2.3564e-01|   -5.055674|  -10.547458|   -0.057058|   -0.222104|   -0.321463|
|          19|  2.3552e-01|   -5.080676|  -10.553980|    0.012249|   -0.184693|   -0.258907|
|          20|  2.3594e-01|   -5.103230|  -10.560263|    0.141057|   -0.127972|   -0.186602|
|          21|  2.3673e-01|   -5.117622|  -10.564481|    0.324642|   -0.054450|   -0.108083|
|          22|  2.3725e-01|   -5.119832|  -10.565925|    0.553785|    0.031994|   -0.027659|
|          23|  2.3715e-01|   -5.110895|  -10.564859|    0.814350|    0.126022|    0.049944|
|          24|  2.3750e-01|   -5.096656|  -10.562673|    1.089132|    0.221501|    0.120381|
|          25|  2.3792e-01|   -5.084231|  -10.560316|    1.360430|    0.312350|    0.180267|
|          26|  2.3784e-01|   -5.079062|  -10.557995|    1.612070|    0.393176|    0.227352|
|          27|  2.3798e-01|   -5.084176|  -10.555603|    1.830574|    0.459652|    0.260428|
|          28|  2.3859e-01|   -5.100690|  -10.552781|    2.005747|    0.508703|    0.279148|
|          29|  2.3886e-01|   -5.128154|  -10.548029|    2.130890|    0.538561|    0.283849|
|          30|  2.3933e-01|   -5.164571|  -10.540970|    2.202748|    0.548692|    0.275372|
|          31|  2.3912e-01|   -5.206001|  -10.531622|    2.221120|    0.539592|    0.254908|
|          32|  2.3917e-01|   -5.246184|  -10.519893|    2.188268|    0.512556|    0.223874|
|          33|  2.3925e-01|   -5.277508|  -10.505938|    2.108813|    0.469685|    0.184027|
|          34|  2.3930e-01|   -5.294427|  -10.490430|    1.990472|    0.414195|    0.137738|
|          35|  2.3926e-01|   -5.297463|  -10.474039|    1.844406|    0.350476|    0.088046|
|          36|  2.3912e-01|   -5.293087|  -10.456836|    1.683801|    0.283518|    0.038260|
|          37|  2.3918e-01|   -5.289134|  -10.438572|    1.521779|    0.218149|   -0.008508|
|          38|  2.3911e-01|   -5.291221|  -10.419853|    1.369934|    0.158540|   -0.049591|
|          39|  2.3932e-01|   -5.302213|  -10.401095|    1.237651|    0.107973|   -0.082861|
|          40|  2.3927e-01|   -5.322916|  -10.382266|    1.131830|    0.068749|   -0.106781|
|          41|  2.3925e-01|   -5.352595|  -10.363221|    1.056823|    0.042161|   -0.120449|
|          42|  2.3902e-01|   -5.388929|  -10.344081|    1.014548|    0.028535|   -0.123624|
|          43|  2.3894e-01|   -5.427697|  -10.324803|    1.004828|    0.027378|   -0.116668|
|          44|  2.3911e-01|   -5.462669|  -10.305496|    1.026117|    0.037666|   -0.100379|
|          45|  2.3950e-01|   -5.486809|  -10.286214|    1.076255|    0.058139|   -0.075849|
|          46|  2.3951e-01|   -5.495939|  -10.266654|    1.152273|    0.087240|   -0.044642|
|          47|  2.3989e-01|   -5.491907|  -10.246230|    1.249542|    0.122841|   -0.009002|
|          48|  2.3984e-01|   -5.480870|  -10.224730|    1.361604|    0.162261|    0.028277|
|          49|  2.4019e-01|   -5.469472|  -10.201912|    1.480961|    0.202598|    0.064283|
|          50|  2.4013e-01|   -5.462731|  -10.177398|    1.600102|    0.241108|    0.096406|
|          51|  2.4040e-01|   -5.463683|  -10.151110|    1.712200|    0.275440|    0.122595|
|          52|  2.4065e-01|   -5.473749|  -10.123024|    1.811525|    0.303762|    0.141484|
|          53|  2.4046e-01|   -5.493214|  -10.093239|    1.893675|    0.324808|    0.152418|
|          54|  2.4033e-01|   -5.521392|  -10.061847|    1.955699|    0.337880|    0.155403|
|          55|  2.4038e-01|   -5.556447|  -10.029057|    1.996097|    0.342800|    0.150997|
|          56|  2.4064e-01|   -5.594941|   -9.994964|    2.014677|    0.339810|    0.140135|
|          57|  2.4059e-01|   -5.631467|   -9.959624|    2.012209|    0.329423|    0.123944|
|          58|  2.4048e-01|   -5.659388|   -9.923036|    1.990074|    0.312319|    0.103624|
|          59|  2.4044e-01|   -5.673708|   -9.885216|    1.950354|    0.289431|    0.080507|
|          60|  2.4034e-01|   -5.674387|   -9.846188|    1.896267|    0.262112|    0.056130|
|          61|  2.4049e-01|   -5.666342|   -9.806047|    1.832266|    0.232139|    0.032143|
|          62|  2.4052e-01|   -5.656339|   -9.764928|    1.763563|    0.201507|    0.010101|
|          63|  2.4055e-01|   -5.650077|   -9.722978|    1.695433|    0.172190|   -0.008720|
|          64|  2.4060e-01|   -5.651095|   -9.680385|    1.632656|    0.145939|   -0.023403|
|          65|  2.4312e-01|   -5.660952|   -9.637315|    1.579157|    0.124152|   -0.033406|
|          66|  2.4519e-01|   -5.679666|   -9.593850|    1.537819|    0.107805|   -0.038537|
|          67|  2.4927e-01|   -5.705896|   -9.550031|    1.510422|    0.097427|   -0.038907|
|          68|  2.5109e-01|   -5.736850|   -9.505879|    1.497700|    0.093126|   -0.034870|
|          69|  2.5289e-01|   -5.768155|   -9.461422|    1.499508|    0.094656|   -0.026953|
|          70|  2.5523e-01|   -5.794354|   -9.416639|    1.515031|    0.101509|   -0.015805|
|          71|  2.5812e-01|   -5.810765|   -9.371564|    1.542888|    0.112955|   -0.002188|
|          72|  2.6148e-01|   -5.816096|   -9.326317|    1.581086|    0.128036|    0.012998|
|          73|  2.6480e-01|   -5.813325|   -9.281093|    1.626984|    0.145566|    0.028732|
|          74|  2.6718e-01|   -5.807716|   -9.236131|    1.677465|    0.164217|    0.043963|
|          75|  2.7031e-01|   -5.804280|   -9.191685|    1.729276|    0.182668|    0.057731|
|          76|  2.7331e-01|   -5.806564|   -9.147962|    1.779366|    0.199733|    0.069259|
|          77|  2.7564e-01|   -5.816581|   -9.105157|    1.825106|    0.214450|    0.078002|
|          78|  2.7813e-01|   -5.835093|   -9.063388|    1.864421|    0.226121|    0.083659|
|          79|  2.8074e-01|   -5.861788|   -9.022644|    1.895850|    0.234321|    0.086170|
|          80|  2.8301e-01|   -5.895160|   -8.983064|    1.918572|    0.238898|    0.085685|
|          81|  2.8415e-01|   -5.932091|   -8.944711|    1.932369|    0.239933|    0.082521|
|          82|  2.8657e-01|   -5.967412|   -8.907506|    1.937513|    0.237678|    0.077093|
|          83|  2.8895e-01|   -5.994329|   -8.871603|    1.934560|    0.232473|    0.069842|
|          84|  2.9121e-01|   -6.007002|   -8.837016|    1.924197|    0.224698|    0.061218|
|          85|  2.9228e-01|   -6.004352|   -8.803778|    1.907290|    0.214808|    0.051712|
|          86|  2.9353e-01|   -5.990872|   -8.771849|    1.885058|    0.203389|    0.041889|
|          87|  2.9468e-01|   -5.973372|   -8.741155|    1.859120|    0.191154|    0.032361|
|          88|  2.9622e-01|   -5.957724|   -8.711618|    1.831360|    0.178874|    0.023720|
|          89|  2.9700e-01|   -5.947767|   -8.683054|    1.803701|    0.167296|    0.016474|
|          90|  2.9754e-01|   -5.945521|   -8.655273|    1.777912|    0.157071|    0.010996|
|          91|  2.9834e-01|   -5.951673|   -8.628126|    1.755472|    0.148708|    0.007515|
|          92|  2.9931e-01|   -5.965926|   -8.601433|    1.737502|    0.142554|    0.006114|
|          93|  3.0013e-01|   -5.987099|   -8.575110|    1.724746|    0.138797|    0.006749|
|          94|  3.0167e-01|   -6.013063|   -8.549087|    1.717592|    0.137475|    0.009275|
|          95|  3.0144e-01|   -6.040647|   -8.523374|    1.716114|    0.138505|    0.013469|
|          96|  3.0167e-01|   -6.065806|   -8.497996|    1.720112|    0.141701|    0.019052|
|          97|  3.0158e-01|   -6.084468|   -8.473057|    1.729141|    0.146792|    0.025699|
|          98|  3.0162e-01|   -6.094052|   -8.448652|    1.742517|    0.153423|    0.033043|
|          99|  3.0104e-01|   -6.094694|   -8.424894|    1.759334|    0.161173|    0.040692|
|         100|  3.0062e-01|   -6.089027|   -8.401881|    1.778512|    0.169572|    0.048250|
|         101|  3.0025e-01|   -6.080712|   -8.379650|    1.798880|    0.178142|    0.055354|
|         102|  3.0015e-01|   -6.072994|   -8.358168|    1.819274|    0.186428|    0.061693|
|         103|  3.0000e-01|   -6.068038|   -8.337380|    1.838617|    0.194032|    0.067034|
|         104|  3.0000e-01|   -6.066887|   -8.317181|    1.855992|    0.200636|    0.071223|
|         105|  3.0044e-01|   -6.069670|   -8.297444|    1.870679|    0.206010|    0.074193|
|         106|  3.0023e-01|   -6.075866|   -8.278036|    1.882171|    0.210017|    0.075948|
|         107|  3.0078e-01|   -6.084542|   -8.258823|    1.890173|    0.212606|    0.076557|
|         108|  3.0082e-01|   -6.094591|   -8.239668|    1.894575|    0.213801|    0.076136|
|         109|  3.0182e-01|   -6.104951|   -8.220436|    1.895424|    0.213680|    0.074834|
|         110|  3.0302e-01|   -6.114827|   -8.201014|    1.892893|    0.212371|    0.072823|
|         111|  3.0364e-01|   -6.123868|   -8.181333|    1.887270|    0.210035|    0.070289|
|         112|  3.0455e-01|   -6.132236|   -8.161333|    1.878954|    0.206869|    0.067434|
|         113|  3.0520e-01|   -6.140509|   -8.141021|    1.868460|    0.203106|    0.064469|
|         114|  3.0500e-01|   -6.149468|   -8.120466|    1.856406|    0.199001|    0.061607|
|         115|  3.0498e-01|   -6.159855|   -8.099756|    1.843477|    0.194828|    0.059052|
|         116|  3.0506e-01|   -6.172169|   -8.079001|    1.830380|    0.190854|    0.056980|
|         117|  3.0550e-01|   -6.186513|   -8.058308|    1.817790|    0.187324|    0.055535|
|         118|  3.0577e-01|   -6.202490|   -8.037778|    1.806303|    0.184444|    0.054812|
|         119|  3.0580e-01|   -6.219138|   -8.017493|    1.796403|    0.182373|    0.054866|
|         120|  3.0628e-01|   -6.234969|   -7.997513|    1.788447|    0.181214|    0.055702|
|         121|  3.0621e-01|   -6.248164|   -7.977880|    1.782658|    0.181019|    0.057293|
|         122|  3.0566e-01|   -6.257001|   -7.958606|    1.779140|    0.181794|    0.059579|
|         123|  3.0534e-01|   -6.260420|   -7.939711|    1.777885|    0.183502|    0.062473|
|         124|  3.0493e-01|   -6.258454|   -7.921179|    1.778780|    0.186066|    0.065863|
|         125|  3.0472e-01|   -6.252258|   -7.903006|    1.781609|    0.189369|    0.069612|
|         126|  3.0440e-01|   -6.243702|   -7.885178|    1.786061|    0.193261|    0.073568|
|         127|  3.0417e-01|   -6.234818|   -7.867700|    1.791741|    0.197564|    0.077567|
|         128|  3.0477e-01|   -6.227371|   -7.850557|    1.798198|    0.202085|    0.081449|
|         129|  3.0462e-01|   -6.222680|   -7.833744|    1.804960|    0.206629|    0.085067|
|         130|  3.0421e-01|   -6.221580|   -7.817264|    1.811562|    0.211012|    0.088297|
|         131|  3.0383e-01|   -6.224473|   -7.801126|    1.817583|    0.215073|    0.091043|
|         132|  3.0354e-01|   -6.231386|   -7.785357|    1.822660|    0.218680|    0.093246|
|         133|  3.0364e-01|   -6.242044|   -7.770019|    1.826510|    0.221736|    0.094875|
|         134|  3.0343e-01|   -6.255900|   -7.755149|    1.828935|    0.224182|    0.095934|
|         135|  3.0327e-01|   -6.272194|   -7.740801|    1.829820|    0.225992|    0.096452|
|         136|  3.0297e-01|   -6.289998|   -7.727042|    1.829132|    0.227175|    0.096481|
|         137|  3.0298e-01|   -6.308300|   -7.713924|    1.826909|    0.227766|    0.096092|
|         138|  3.0277e-01|   -6.326127|   -7.701520|    1.823256|    0.227825|    0.095365|
|         139|  3.0357e-01|   -6.342675|   -7.689889|    1.818330|    0.227430|    0.094391|
|         140|  3.0359e-01|   -6.357419|   -7.679085|    1.812335|    0.226675|    0.093267|
|         141|  3.0378e-01|   -6.370193|   -7.669147|    1.805511|    0.225663|    0.092089|
|         142|  3.0375e-01|   -6.381153|   -7.660147|    1.798122|    0.224504|    0.090949|
|         143|  3.0352e-01|   -6.390670|   -7.652133|    1.790444|    0.223307|    0.089936|
|         144|  3.0315e-01|   -6.399167|   -7.645134|    1.782750|    0.222179|    0.089124|
|         145|  3.0277e-01|   -6.406998|   -7.639178|    1.775295|    0.221215|    0.088576|
|         146|  3.0230e-01|   -6.414340|   -7.634282|    1.768303|    0.220501|    0.088340|
|         147|  3.0201e-01|   -6.421174|   -7.630455|    1.761960|    0.220102|    0.088446|
|         148|  3.0200e-01|   -6.427317|   -7.627685|    1.756407|    0.220068|    0.088909|
|         149|  3.0191e-01|   -6.432503|   -7.625946|    1.751738|    0.220429|    0.089728|
|         150|  3.0203e-01|   -6.436489|   -7.625199|    1.748002|    0.221198|    0.090891|
|         151|  3.0185e-01|   -6.439157|   -7.625380|    1.745202|    0.222370|    0.092372|
|         152|  3.0180e-01|   -6.440585|   -7.626406|    1.743299|    0.223923|    0.094136|
|         153|  3.0151e-01|   -6.441054|   -7.628173|    1.742218|    0.225821|    0.096139|
|         154|  3.0110e-01|   -6.440992|   -7.630574|    1.741846|    0.228014|    0.098331|
|         155|  3.0079e-01|   -6.440865|   -7.633449|    1.742048|    0.230444|    0.100659|
|         156|  3.0038e-01|   -6.441071|   -7.636673|    1.742666|    0.233047|    0.103066|
|         157|  2.9995e-01|   -6.441868|   -7.640110|    1.743537|    0.235756|    0.105502|
|         158|  2.9965e-01|   -6.443319|   -7.643538|    1.744499|    0.238509|    0.107921|
|         159|  2.9973e-01|   -6.445273|   -7.646907|    1.745403|    0.241248|    0.110287|
|         160|  2.9952e-01|   -6.447389|   -7.650075|    1.746119|    0.243927|    0.112573|
|         161|  2.9959e-01|   -6.449190|   -7.652944|    1.746540|    0.246509|    0.114762|
|         162|  2.9935e-01|   -6.450150|   -7.655471|    1.746588|    0.248970|    0.116849|
|         163|  2.9911e-01|   -6.449784|   -7.657619|    1.746214|    0.251298|    0.118839|
|         164|  2.9884e-01|   -6.447757|   -7.659446|    1.745398|    0.253494|    0.120746|
|         165|  2.9861e-01|   -6.443929|   -7.660960|    1.744151|    0.255567|    0.122593|
|         166|  2.9874e-01|   -6.438368|   -7.662276|    1.742509|    0.257539|    0.124408|
|         167|  2.9855e-01|   -6.431332|   -7.663407|    1.740532|    0.259439|    0.126225|
|         168|  2.9827e-01|   -6.423189|   -7.664509|    1.738299|    0.261302|    0.128081|
|         169|  2.9803e-01|   -6.414353|   -7.665578|    1.735907|    0.263167|    0.130014|
|         170|  2.9778e-01|   -6.405212|   -7.666645|    1.733460|    0.265076|    0.132060|
|         171|  2.9750e-01|   -6.396061|   -7.667744|    1.731067|    0.267073|    0.134252|
|         172|  2.9730e-01|   -6.387094|   -7.668863|    1.728834|    0.269196|    0.136621|
|         173|  2.9741e-01|   -6.378399|   -7.669899|    1.726859|    0.271480|    0.139189|
|         174|  2.9723e-01|   -6.369979|   -7.670783|    1.725226|    0.273957|    0.141972|
|         175|  2.9693e-01|   -6.361786|   -7.671410|    1.724003|    0.276649|    0.144979|
|         176|  2.9679e-01|   -6.353751|   -7.671525|    1.723237|    0.279570|    0.148211|
|         177|  2.9651e-01|   -6.345792|   -7.671075|    1.722952|    0.282725|    0.151660|
|         178|  2.9630e-01|   -6.337853|   -7.669797|    1.723151|    0.286113|    0.155313|
|         179|  2.9607e-01|   -6.329904|   -7.667584|    1.723815|    0.289722|    0.159149|
|         180|  2.9615e-01|   -6.321955|   -7.664248|    1.724906|    0.293533|    0.163141|
|         181|  2.9628e-01|   -6.314064|   -7.659711|    1.726368|    0.297521|    0.167261|
|         182|  2.9633e-01|   -6.306294|   -7.654098|    1.728132|    0.301656|    0.171473|
|         183|  2.9652e-01|   -6.298708|   -7.647347|    1.730120|    0.305903|    0.175745|
|         184|  2.9626e-01|   -6.291348|   -7.639627|    1.732248|    0.310227|    0.180042|
|         185|  2.9601e-01|   -6.284242|   -7.631024|    1.734433|    0.314591|    0.184331|
|         186|  2.9570e-01|   -6.277391|   -7.621716|    1.736592|    0.318960|    0.188582|
|         187|  2.9535e-01|   -6.270791|   -7.611957|    1.738653|    0.323300|    0.192770|
|         188|  2.9519e-01|   -6.264383|   -7.601795|    1.740549|    0.327583|    0.196871|
|         189|  2.9518e-01|   -6.258077|   -7.591329|    1.742229|    0.331783|    0.200871|
|         190|  2.9490e-01|   -6.251767|   -7.580652|    1.743652|    0.335882|    0.204757|
|         191|  2.9472e-01|   -6.245339|   -7.569800|    1.744793|    0.339864|    0.208524|
|         192|  2.9448e-01|   -6.238696|   -7.558771|    1.745638|    0.343720|    0.212169|
|         193|  2.9431e-01|   -6.231756|   -7.547578|    1.746187|    0.347446|    0.215695|
|         194|  2.9422e-01|   -6.224425|   -7.536223|    1.746449|    0.351042|    0.219107|
|         195|  2.9409e-01|   -6.216616|   -7.524679|    1.746442|    0.354512|    0.222413|
|         196|  2.9396e-01|   -6.208274|   -7.512960|    1.746190|    0.357863|    0.225622|
|         197|  2.9397e-01|   -6.199380|   -7.500981|    1.745721|    0.361103|    0.228742|
|         198|  2.9426e-01|   -6.189983|   -7.488723|    1.745064|    0.364242|    0.231784|
|         199|  2.9430e-01|   -6.180120|   -7.476491|    1.744247|    0.367289|    0.234753|
|         200|  2.9414e-01|   -6.169829|   -7.464266|    1.743296|    0.370256|    0.237655|
|         201|  2.9424e-01|   -6.159164|   -7.452043|    1.742233|    0.373150|    0.240492|
|         202|  2.9414e-01|   -6.148191|   -7.439989|    1.741073|    0.375978|    0.243264|
|         203|  2.9389e-01|   -6.137022|   -7.428173|    1.739829|    0.378743|    0.245967|
|         204|  2.9372e-01|   -6.125774|   -7.416666|    1.738503|    0.381449|    0.248594|
|         205|  2.9347e-01|   -6.114526|   -7.405454|    1.737094|    0.384092|    0.251137|
|         206|  2.9317e-01|   -6.103353|   -7.394555|    1.735594|    0.386670|    0.253583|
|         207|  2.9294e-01|   -6.092345|   -7.383975|    1.733992|    0.389175|    0.255921|
|         208|  2.9272e-01|   -6.081604|   -7.373711|    1.732268|    0.391597|    0.258134|
|         209|  2.9280e-01|   -6.071262|   -7.363823|    1.730401|    0.393924|    0.260209|
|         210|  2.9280e-01|   -6.061389|   -7.354340|    1.728368|    0.396143|    0.262130|
|         211|  2.9267e-01|   -6.052024|   -7.345030|    1.726142|    0.398240|    0.263883|
|         212|  2.9237e-01|   -6.043198|   -7.336102|    1.723694|    0.400200|    0.265456|
|         213|  2.9218e-01|   -6.034930|   -7.327399|    1.720997|    0.402009|    0.266838|
|         214|  2.9194e-01|   -6.027279|   -7.319022|    1.718024|    0.403654|    0.268021|
|         215|  2.9188e-01|   -6.020257|   -7.310877|    1.714748|    0.405124|    0.268998|
|         216|  2.9172e-01|   -6.013834|   -7.302905|    1.711148|    0.406410|    0.269765|
|         217|  2.9154e-01|   -6.007963|   -7.295249|    1.707204|    0.407504|    0.270322|
|         218|  2.9157e-01|   -6.002593|   -7.287941|    1.702901|    0.408404|    0.270669|
|         219|  2.9149e-01|   -5.997678|   -7.280934|    1.698228|    0.409108|    0.270808|
|         220|  2.9132e-01|   -5.993231|   -7.274242|    1.693181|    0.409618|    0.270744|
|         221|  2.9148e-01|   -5.989215|   -7.267881|    1.687761|    0.409938|    0.270483|
|         222|  2.9148e-01|   -5.985580|   -7.261829|    1.681974|    0.410073|    0.270032|
|         223|  2.9152e-01|   -5.982278|   -7.256044|    1.675830|    0.410031|    0.269400|
|         224|  2.9156e-01|   -5.979275|   -7.250518|    1.669346|    0.409822|    0.268595|
|         225|  2.9141e-01|   -5.976550|   -7.245267|    1.662540|    0.409455|    0.267628|
|         226|  2.9123e-01|   -5.974117|   -7.240322|    1.655433|    0.408940|    0.266509|
|         227|  2.9107e-01|   -5.972010|   -7.235683|    1.648048|    0.408288|    0.265248|
|         228|  2.9092e-01|   -5.970229|   -7.231347|    1.640407|    0.407509|    0.263856|
|         229|  2.9077e-01|   -5.968771|   -7.227264|    1.632533|    0.406614|    0.262342|
|         230|  2.9062e-01|   -5.967642|   -7.223456|    1.624444|    0.405612|    0.260717|
|         231|  2.9051e-01|   -5.966853|   -7.219912|    1.616160|    0.404512|    0.258989|
|         232|  2.9033e-01|   -5.966421|   -7.216605|    1.607694|    0.403321|    0.257166|
|         233|  2.9014e-01|   -5.966365|   -7.213592|    1.599059|    0.402045|    0.255254|
|         234|  2.8999e-01|   -5.966743|   -7.210822|    1.590264|    0.400690|    0.253257|
|         235|  2.9028e-01|   -5.967563|   -7.208329|    1.581315|    0.399260|    0.251180|
|         236|  2.9032e-01|   -5.968820|   -7.206082|    1.572217|    0.397759|    0.249024|
|         237|  2.9024e-01|   -5.970505|   -7.204011|    1.562969|    0.396186|    0.246792|
|         238|  2.9013e-01|   -5.972613|   -7.202165|    1.553571|    0.394545|    0.244483|
|         239|  2.8998e-01|   -5.975132|   -7.200486|    1.544019|    0.392833|    0.242099|
|         240|  2.8981e-01|   -5.978044|   -7.198986|    1.534307|    0.391052|    0.239640|
|         241|  2.8972e-01|   -5.981333|   -7.197637|    1.524429|    0.389200|    0.237107|
|         242|  2.8957e-01|   -5.984988|   -7.196424|    1.514379|    0.387277|    0.234502|
|         243|  2.8945e-01|   -5.989003|   -7.195374|    1.504150|    0.385282|    0.231828|
|         244|  2.8931e-01|   -5.993343|   -7.194461|    1.493737|    0.383217|    0.229087|
|         245|  2.8916e-01|   -5.997965|   -7.193662|    1.483137|    0.381083|    0.226283|
|         246|  2.8907e-01|   -6.002828|   -7.192991|    1.472350|    0.378882|    0.223421|
|         247|  2.8905e-01|   -6.007890|   -7.192427|    1.461378|    0.376619|    0.220507|
|         248|  2.8891e-01|   -6.013111|   -7.191996|    1.450228|    0.374298|    0.217545|
|         249|  2.8870e-01|   -6.018450|   -7.191710|    1.438910|    0.371925|    0.214541|
|         250|  2.8849e-01|   -6.023865|   -7.191550|    1.427436|    0.369504|    0.211501|
+-----------------------------------------------------------------------+
|        File Writing Summary       |              Filename             |
+-----------------------------------------------------------------------+
|SU2 binary restart                 |restart_flow.dat                   |
|Paraview                           |flow.vtu                           |
|Paraview surface                   |surface_flow.vtu                   |
+-----------------------------------------------------------------------+
+------------------------------------------------------------------------------------------+
|  Inner_Iter|   Time(sec)|    rms[Rho]|     rms[nu]|          CL|          CD|         CMz|
+------------------------------------------------------------------------------------------+
|         251|  2.8878e-01|   -6.029319|   -7.191553|    1.415823|    0.367044|    0.208431|
|         252|  2.8867e-01|   -6.034778|   -7.191756|    1.404087|    0.364550|    0.205338|
|         253|  2.8862e-01|   -6.040216|   -7.192120|    1.392249|    0.362029|    0.202227|
|         254|  2.8856e-01|   -6.045625|   -7.192689|    1.380329|    0.359489|    0.199106|
|         255|  2.8872e-01|   -6.050977|   -7.193492|    1.368347|    0.356934|    0.195981|
|         256|  2.8873e-01|   -6.056251|   -7.194475|    1.356320|    0.354371|    0.192857|
|         257|  2.8863e-01|   -6.061429|   -7.195674|    1.344267|    0.351805|    0.189740|
|         258|  2.8892e-01|   -6.066498|   -7.197089|    1.332202|    0.349240|    0.186633|
|         259|  2.8889e-01|   -6.071448|   -7.198712|    1.320137|    0.346678|    0.183541|
|         260|  2.8882e-01|   -6.076271|   -7.200515|    1.308080|    0.344123|    0.180465|
|         261|  2.8873e-01|   -6.080955|   -7.202514|    1.296039|    0.341575|    0.177406|
|         262|  2.8862e-01|   -6.085484|   -7.204710|    1.284016|    0.339034|    0.174363|
|         263|  2.8856e-01|   -6.089837|   -7.207062|    1.272012|    0.336500|    0.171335|
|         264|  2.8838e-01|   -6.093984|   -7.209601|    1.260027|    0.333971|    0.168320|
|         265|  2.8820e-01|   -6.097881|   -7.212267|    1.248056|    0.331444|    0.165313|
|         266|  2.8825e-01|   -6.101474|   -7.215078|    1.236094|    0.328916|    0.162312|
|         267|  2.8820e-01|   -6.104693|   -7.218005|    1.224137|    0.326383|    0.159312|
|         268|  2.8808e-01|   -6.107463|   -7.221036|    1.212176|    0.323841|    0.156308|
|         269|  2.8795e-01|   -6.109696|   -7.224144|    1.200204|    0.321285|    0.153295|
|         270|  2.8787e-01|   -6.111292|   -7.227382|    1.188215|    0.318711|    0.150271|
|         271|  2.8767e-01|   -6.112146|   -7.230677|    1.176200|    0.316114|    0.147230|
|         272|  2.8748e-01|   -6.112168|   -7.234083|    1.164155|    0.313489|    0.144170|
|         273|  2.8748e-01|   -6.111279|   -7.237558|    1.152072|    0.310833|    0.141089|
|         274|  2.8738e-01|   -6.109419|   -7.241102|    1.139948|    0.308142|    0.137985|
|         275|  2.8730e-01|   -6.106554|   -7.244700|    1.127781|    0.305414|    0.134858|
|         276|  2.8713e-01|   -6.102695|   -7.248390|    1.115570|    0.302647|    0.131709|
|         277|  2.8700e-01|   -6.097882|   -7.252108|    1.103318|    0.299840|    0.128542|
|         278|  2.8687e-01|   -6.092171|   -7.255857|    1.091030|    0.296995|    0.125359|
|         279|  2.8678e-01|   -6.085666|   -7.259651|    1.078712|    0.294114|    0.122166|
|         280|  2.8660e-01|   -6.078488|   -7.263458|    1.066375|    0.291201|    0.118970|
|         281|  2.8642e-01|   -6.070754|   -7.267303|    1.054033|    0.288260|    0.115779|
|         282|  2.8622e-01|   -6.062588|   -7.271122|    1.041700|    0.285297|    0.112600|
|         283|  2.8610e-01|   -6.054128|   -7.274938|    1.029395|    0.282321|    0.109444|
|         284|  2.8593e-01|   -6.045474|   -7.278704|    1.017138|    0.279338|    0.106321|
|         285|  2.8584e-01|   -6.036720|   -7.282453|    1.004950|    0.276358|    0.103240|
|         286|  2.8570e-01|   -6.027959|   -7.286135|    0.992854|    0.273390|    0.100212|
|         287|  2.8562e-01|   -6.019235|   -7.289746|    0.980873|    0.270444|    0.097247|
|         288|  2.8550e-01|   -6.010583|   -7.293249|    0.969031|    0.267528|    0.094353|
|         289|  2.8542e-01|   -6.002034|   -7.296660|    0.957349|    0.264652|    0.091540|
|         290|  2.8575e-01|   -5.993574|   -7.299998|    0.945851|    0.261824|    0.088814|
|         291|  2.8581e-01|   -5.985188|   -7.303162|    0.934555|    0.259051|    0.086182|
|         292|  2.8579e-01|   -5.976855|   -7.306222|    0.923480|    0.256340|    0.083648|
|         293|  2.8561e-01|   -5.968521|   -7.309143|    0.912642|    0.253696|    0.081218|
|         294|  2.8546e-01|   -5.960150|   -7.311890|    0.902055|    0.251124|    0.078892|
|         295|  2.8531e-01|   -5.951679|   -7.314490|    0.891730|    0.248626|    0.076674|
|         296|  2.8516e-01|   -5.943061|   -7.316902|    0.881677|    0.246206|    0.074562|
|         297|  2.8499e-01|   -5.934253|   -7.319102|    0.871901|    0.243864|    0.072558|
|         298|  2.8507e-01|   -5.925204|   -7.321123|    0.862408|    0.241600|    0.070659|
|         299|  2.8500e-01|   -5.915897|   -7.322946|    0.853201|    0.239414|    0.068866|
|         300|  2.8493e-01|   -5.906293|   -7.324492|    0.844282|    0.237305|    0.067175|
|         301|  2.8494e-01|   -5.896399|   -7.325786|    0.835654|    0.235273|    0.065587|
|         302|  2.8499e-01|   -5.886216|   -7.326838|    0.827318|    0.233316|    0.064099|
|         303|  2.8522e-01|   -5.875768|   -7.327611|    0.819275|    0.231434|    0.062711|
|         304|  2.8529e-01|   -5.865090|   -7.328103|    0.811528|    0.229625|    0.061422|
|         305|  2.8542e-01|   -5.854230|   -7.328357|    0.804082|    0.227892|    0.060234|
|         306|  2.8544e-01|   -5.843247|   -7.328239|    0.796942|    0.226234|    0.059147|
|         307|  2.8540e-01|   -5.832202|   -7.327710|    0.790115|    0.224654|    0.058164|
|         308|  2.8542e-01|   -5.821179|   -7.326830|    0.783613|    0.223155|    0.057288|
|         309|  2.8556e-01|   -5.810249|   -7.325625|    0.777446|    0.221740|    0.056523|
|         310|  2.8576e-01|   -5.799501|   -7.323984|    0.771631|    0.220416|    0.055875|
|         311|  2.8585e-01|   -5.789018|   -7.321843|    0.766183|    0.219188|    0.055348|
|         312|  2.8578e-01|   -5.778884|   -7.319244|    0.761122|    0.218063|    0.054949|
|         313|  2.8577e-01|   -5.769184|   -7.316165|    0.756470|    0.217050|    0.054684|
|         314|  2.8579e-01|   -5.759998|   -7.312676|    0.752248|    0.216156|    0.054562|
|         315|  2.8593e-01|   -5.751409|   -7.308636|    0.748482|    0.215390|    0.054590|
|         316|  2.8580e-01|   -5.743481|   -7.304090|    0.745196|    0.214762|    0.054774|
|         317|  2.8570e-01|   -5.736292|   -7.299114|    0.742413|    0.214280|    0.055121|
|         318|  2.8565e-01|   -5.729898|   -7.293594|    0.740160|    0.213955|    0.055638|
|         319|  2.8554e-01|   -5.724366|   -7.287466|    0.738457|    0.213793|    0.056330|
|         320|  2.8565e-01|   -5.719753|   -7.281053|    0.737327|    0.213802|    0.057202|
|         321|  2.8558e-01|   -5.716109|   -7.273995|    0.736786|    0.213989|    0.058255|
|         322|  2.8597e-01|   -5.713484|   -7.266663|    0.736847|    0.214359|    0.059491|
|         323|  2.8612e-01|   -5.711915|   -7.258847|    0.737522|    0.214914|    0.060909|
|         324|  2.8610e-01|   -5.711445|   -7.250583|    0.738812|    0.215655|    0.062506|
|         325|  2.8605e-01|   -5.712105|   -7.242026|    0.740716|    0.216582|    0.064275|
|         326|  2.8606e-01|   -5.713923|   -7.233203|    0.743224|    0.217690|    0.066209|
|         327|  2.8597e-01|   -5.716920|   -7.224127|    0.746320|    0.218973|    0.068297|
|         328|  2.8592e-01|   -5.721107|   -7.214995|    0.749981|    0.220423|    0.070525|
|         329|  2.8592e-01|   -5.726495|   -7.205588|    0.754175|    0.222027|    0.072878|
|         330|  2.8616e-01|   -5.733078|   -7.196112|    0.758865|    0.223772|    0.075337|
|         331|  2.8628e-01|   -5.740846|   -7.186739|    0.764006|    0.225641|    0.077884|
|         332|  2.8628e-01|   -5.749775|   -7.177591|    0.769551|    0.227617|    0.080497|
|         333|  2.8620e-01|   -5.759827|   -7.168682|    0.775446|    0.229680|    0.083155|
|         334|  2.8651e-01|   -5.770954|   -7.160063|    0.781635|    0.231810|    0.085836|
|         335|  2.8656e-01|   -5.783082|   -7.151823|    0.788061|    0.233987|    0.088518|
|         336|  2.8680e-01|   -5.796125|   -7.144123|    0.794670|    0.236191|    0.091181|
|         337|  2.8705e-01|   -5.809969|   -7.136950|    0.801405|    0.238401|    0.093805|
|         338|  2.8702e-01|   -5.824476|   -7.130378|    0.808216|    0.240600|    0.096373|
|         339|  2.8698e-01|   -5.839473|   -7.124405|    0.815055|    0.242772|    0.098870|
|         340|  2.8706e-01|   -5.854761|   -7.119108|    0.821881|    0.244901|    0.101282|
|         341|  2.8714e-01|   -5.870105|   -7.114449|    0.828658|    0.246975|    0.103598|
|         342|  2.8726e-01|   -5.885245|   -7.110411|    0.835354|    0.248983|    0.105812|
|         343|  2.8734e-01|   -5.899894|   -7.106951|    0.841945|    0.250919|    0.107917|
|         344|  2.8725e-01|   -5.913764|   -7.103878|    0.848413|    0.252775|    0.109911|
|         345|  2.8717e-01|   -5.926567|   -7.101280|    0.854746|    0.254549|    0.111792|
|         346|  2.8707e-01|   -5.938057|   -7.098951|    0.860937|    0.256238|    0.113562|
|         347|  2.8699e-01|   -5.948040|   -7.096859|    0.866982|    0.257844|    0.115223|
|         348|  2.8694e-01|   -5.956410|   -7.094885|    0.872882|    0.259368|    0.116779|
|         349|  2.8692e-01|   -5.963156|   -7.092957|    0.878643|    0.260811|    0.118237|
|         350|  2.8679e-01|   -5.968367|   -7.090951|    0.884270|    0.262179|    0.119601|
|         351|  2.8667e-01|   -5.972225|   -7.088840|    0.889771|    0.263476|    0.120878|
|         352|  2.8656e-01|   -5.974983|   -7.086608|    0.895156|    0.264705|    0.122075|
|         353|  2.8644e-01|   -5.976942|   -7.084174|    0.900433|    0.265871|    0.123196|
|         354|  2.8635e-01|   -5.978422|   -7.081613|    0.905610|    0.266978|    0.124249|
|         355|  2.8625e-01|   -5.979738|   -7.078800|    0.910694|    0.268031|    0.125238|
|         356|  2.8616e-01|   -5.981183|   -7.075813|    0.915688|    0.269033|    0.126168|
|         357|  2.8606e-01|   -5.983016|   -7.072659|    0.920596|    0.269985|    0.127043|
|         358|  2.8596e-01|   -5.985451|   -7.069340|    0.925419|    0.270892|    0.127865|
|         359|  2.8584e-01|   -5.988662|   -7.065989|    0.930157|    0.271755|    0.128639|
|         360|  2.8575e-01|   -5.992778|   -7.062520|    0.934810|    0.272574|    0.129366|
|         361|  2.8566e-01|   -5.997891|   -7.059159|    0.939374|    0.273352|    0.130048|
|         362|  2.8553e-01|   -6.004067|   -7.055888|    0.943847|    0.274088|    0.130686|
|         363|  2.8542e-01|   -6.011335|   -7.052664|    0.948224|    0.274782|    0.131283|
|         364|  2.8544e-01|   -6.019702|   -7.049724|    0.952500|    0.275435|    0.131837|
|         365|  2.8542e-01|   -6.029149|   -7.047005|    0.956669|    0.276045|    0.132352|
|         366|  2.8531e-01|   -6.039633|   -7.044639|    0.960724|    0.276613|    0.132826|
|         367|  2.8521e-01|   -6.051091|   -7.042657|    0.964659|    0.277138|    0.133260|
|         368|  2.8508e-01|   -6.063443|   -7.041109|    0.968467|    0.277619|    0.133654|
|         369|  2.8504e-01|   -6.076590|   -7.040126|    0.972143|    0.278056|    0.134010|
|         370|  2.8494e-01|   -6.090418|   -7.039715|    0.975682|    0.278449|    0.134328|
|         371|  2.8483e-01|   -6.104796|   -7.039905|    0.979079|    0.278799|    0.134609|
|         372|  2.8472e-01|   -6.119577|   -7.040572|    0.982332|    0.279106|    0.134855|
|         373|  2.8462e-01|   -6.134606|   -7.041463|    0.985438|    0.279371|    0.135066|
|         374|  2.8463e-01|   -6.149717|   -7.042899|    0.988397|    0.279595|    0.135245|
|         375|  2.8455e-01|   -6.164743|   -7.045045|    0.991209|    0.279780|    0.135394|
|         376|  2.8444e-01|   -6.179517|   -7.047943|    0.993875|    0.279928|    0.135514|
|         377|  2.8435e-01|   -6.193879|   -7.051587|    0.996397|    0.280040|    0.135609|
|         378|  2.8425e-01|   -6.207685|   -7.056006|    0.998778|    0.280119|    0.135680|
|         379|  2.8416e-01|   -6.220810|   -7.061297|    1.001021|    0.280167|    0.135730|
|         380|  2.8405e-01|   -6.233166|   -7.067452|    1.003128|    0.280186|    0.135761|
|         381|  2.8392e-01|   -6.244693|   -7.074370|    1.005105|    0.280179|    0.135775|
|         382|  2.8388e-01|   -6.255369|   -7.082114|    1.006955|    0.280147|    0.135774|
|         383|  2.8382e-01|   -6.265211|   -7.090621|    1.008681|    0.280093|    0.135761|
|         384|  2.8375e-01|   -6.274269|   -7.099878|    1.010288|    0.280020|    0.135737|
|         385|  2.8369e-01|   -6.282621|   -7.109838|    1.011779|    0.279928|    0.135704|
|         386|  2.8371e-01|   -6.290369|   -7.120464|    1.013157|    0.279820|    0.135662|
|         387|  2.8366e-01|   -6.297631|   -7.131709|    1.014426|    0.279697|    0.135613|
|         388|  2.8363e-01|   -6.304529|   -7.143558|    1.015587|    0.279560|    0.135557|
|         389|  2.8350e-01|   -6.311186|   -7.155789|    1.016643|    0.279411|    0.135495|
|         390|  2.8343e-01|   -6.317720|   -7.167993|    1.017595|    0.279250|    0.135426|
|         391|  2.8340e-01|   -6.324237|   -7.180361|    1.018445|    0.279078|    0.135351|
|         392|  2.8338e-01|   -6.330829|   -7.192868|    1.019192|    0.278895|    0.135269|
|         393|  2.8333e-01|   -6.337573|   -7.205580|    1.019837|    0.278701|    0.135180|
|         394|  2.8342e-01|   -6.344525|   -7.218357|    1.020381|    0.278496|    0.135082|
|         395|  2.8334e-01|   -6.351722|   -7.231341|    1.020821|    0.278280|    0.134975|
|         396|  2.8355e-01|   -6.359181|   -7.244333|    1.021158|    0.278052|    0.134858|
|         397|  2.8355e-01|   -6.366902|   -7.257460|    1.021391|    0.277813|    0.134729|
|         398|  2.8348e-01|   -6.374866|   -7.270428|    1.021519|    0.277561|    0.134588|
|         399|  2.8346e-01|   -6.383036|   -7.283189|    1.021542|    0.277297|    0.134434|
|         400|  2.8355e-01|   -6.391358|   -7.295578|    1.021459|    0.277019|    0.134265|
|         401|  2.8348e-01|   -6.399764|   -7.307597|    1.021271|    0.276729|    0.134081|
|         402|  2.8346e-01|   -6.408174|   -7.318823|    1.020976|    0.276424|    0.133880|
|         403|  2.8347e-01|   -6.416495|   -7.329502|    1.020576|    0.276106|    0.133663|
|         404|  2.8341e-01|   -6.424630|   -7.339513|    1.020072|    0.275775|    0.133429|
|         405|  2.8344e-01|   -6.432474|   -7.348408|    1.019465|    0.275429|    0.133177|
|         406|  2.8369e-01|   -6.439923|   -7.356431|    1.018756|    0.275070|    0.132907|
|         407|  2.8366e-01|   -6.446872|   -7.363574|    1.017947|    0.274698|    0.132619|
|         408|  2.8365e-01|   -6.453227|   -7.369864|    1.017042|    0.274314|    0.132313|
|         409|  2.8358e-01|   -6.458904|   -7.375274|    1.016042|    0.273918|    0.131989|
|         410|  2.8390e-01|   -6.463831|   -7.379762|    1.014950|    0.273511|    0.131648|
|         411|  2.8422e-01|   -6.467958|   -7.383403|    1.013771|    0.273093|    0.131291|
|         412|  2.8436e-01|   -6.471252|   -7.386423|    1.012507|    0.272666|    0.130917|
|         413|  2.8437e-01|   -6.473704|   -7.388819|    1.011162|    0.272230|    0.130528|
|         414|  2.8439e-01|   -6.475329|   -7.390679|    1.009740|    0.271786|    0.130123|
|         415|  2.8445e-01|   -6.476160|   -7.392150|    1.008245|    0.271336|    0.129705|
|         416|  2.8462e-01|   -6.476250|   -7.393169|    1.006680|    0.270880|    0.129273|
|         417|  2.8483e-01|   -6.475661|   -7.393878|    1.005049|    0.270419|    0.128829|
|         418|  2.8498e-01|   -6.474469|   -7.394535|    1.003355|    0.269954|    0.128374|
|         419|  2.8492e-01|   -6.472758|   -7.394971|    1.001603|    0.269486|    0.127907|
|         420|  2.8489e-01|   -6.470610|   -7.395293|    0.999796|    0.269017|    0.127432|
|         421|  2.8480e-01|   -6.468110|   -7.395563|    0.997938|    0.268547|    0.126948|
|         422|  2.8499e-01|   -6.465339|   -7.395839|    0.996033|    0.268077|    0.126456|
|         423|  2.8503e-01|   -6.462373|   -7.396121|    0.994083|    0.267608|    0.125958|
|         424|  2.8495e-01|   -6.459284|   -7.396434|    0.992094|    0.267141|    0.125455|
|         425|  2.8486e-01|   -6.456139|   -7.396795|    0.990067|    0.266678|    0.124948|
|         426|  2.8476e-01|   -6.452995|   -7.397230|    0.988008|    0.266218|    0.124438|
|         427|  2.8470e-01|   -6.449907|   -7.397759|    0.985918|    0.265764|    0.123926|
|         428|  2.8461e-01|   -6.446921|   -7.398307|    0.983801|    0.265314|    0.123412|
|         429|  2.8453e-01|   -6.444079|   -7.399003|    0.981661|    0.264871|    0.122899|
|         430|  2.8444e-01|   -6.441418|   -7.399741|    0.979499|    0.264434|    0.122386|
|         431|  2.8442e-01|   -6.438972|   -7.400468|    0.977319|    0.264005|    0.121874|
|         432|  2.8438e-01|   -6.436770|   -7.401239|    0.975123|    0.263583|    0.121366|
|         433|  2.8430e-01|   -6.434839|   -7.402079|    0.972915|    0.263169|    0.120860|
|         434|  2.8433e-01|   -6.433203|   -7.402970|    0.970696|    0.262764|    0.120359|
|         435|  2.8425e-01|   -6.431884|   -7.403920|    0.968468|    0.262367|    0.119862|
|         436|  2.8421e-01|   -6.430904|   -7.404865|    0.966235|    0.261980|    0.119371|
|         437|  2.8412e-01|   -6.430285|   -7.405757|    0.963998|    0.261601|    0.118886|
|         438|  2.8406e-01|   -6.430045|   -7.406708|    0.961758|    0.261232|    0.118408|
|         439|  2.8404e-01|   -6.430205|   -7.407670|    0.959519|    0.260873|    0.117937|
|         440|  2.8405e-01|   -6.430784|   -7.408653|    0.957281|    0.260522|    0.117475|
|         441|  2.8399e-01|   -6.431800|   -7.409665|    0.955047|    0.260182|    0.117021|
|         442|  2.8390e-01|   -6.433272|   -7.410678|    0.952818|    0.259850|    0.116576|
|         443|  2.8400e-01|   -6.435221|   -7.411705|    0.950596|    0.259528|    0.116140|
|         444|  2.8399e-01|   -6.437664|   -7.412721|    0.948382|    0.259215|    0.115715|
|         445|  2.8391e-01|   -6.440623|   -7.413694|    0.946177|    0.258911|    0.115299|
|         446|  2.8386e-01|   -6.444115|   -7.414735|    0.943982|    0.258616|    0.114893|
|         447|  2.8401e-01|   -6.448161|   -7.415799|    0.941799|    0.258329|    0.114496|
|         448|  2.8393e-01|   -6.452780|   -7.416787|    0.939628|    0.258050|    0.114110|
|         449|  2.8398e-01|   -6.457990|   -7.417780|    0.937470|    0.257779|    0.113734|
|         450|  2.8391e-01|   -6.463811|   -7.418757|    0.935326|    0.257514|    0.113367|
|         451|  2.8383e-01|   -6.470261|   -7.419861|    0.933197|    0.257257|    0.113009|
|         452|  2.8374e-01|   -6.477354|   -7.420928|    0.931082|    0.257005|    0.112659|
|         453|  2.8371e-01|   -6.485107|   -7.422108|    0.928982|    0.256759|    0.112318|
|         454|  2.8370e-01|   -6.493531|   -7.423314|    0.926897|    0.256517|    0.111984|
|         455|  2.8372e-01|   -6.502634|   -7.424554|    0.924826|    0.256279|    0.111656|
|         456|  2.8370e-01|   -6.512422|   -7.425833|    0.922770|    0.256045|    0.111335|
|         457|  2.8366e-01|   -6.522893|   -7.427159|    0.920728|    0.255812|    0.111018|
|         458|  2.8388e-01|   -6.534040|   -7.428514|    0.918699|    0.255580|    0.110704|
|         459|  2.8403e-01|   -6.545849|   -7.429884|    0.916682|    0.255349|    0.110394|
|         460|  2.8400e-01|   -6.558295|   -7.431271|    0.914677|    0.255117|    0.110085|
|         461|  2.8397e-01|   -6.571341|   -7.432672|    0.912683|    0.254883|    0.109776|
|         462|  2.8400e-01|   -6.584940|   -7.434084|    0.910697|    0.254646|    0.109467|
|         463|  2.8400e-01|   -6.599027|   -7.435508|    0.908720|    0.254405|    0.109155|
|         464|  2.8392e-01|   -6.613524|   -7.436941|    0.906749|    0.254159|    0.108840|
|         465|  2.8395e-01|   -6.628332|   -7.438393|    0.904783|    0.253906|    0.108520|
|         466|  2.8398e-01|   -6.643337|   -7.439852|    0.902821|    0.253647|    0.108194|
|         467|  2.8390e-01|   -6.658405|   -7.441246|    0.900861|    0.253379|    0.107861|
|         468|  2.8387e-01|   -6.673387|   -7.442521|    0.898902|    0.253102|    0.107519|
|         469|  2.8384e-01|   -6.688121|   -7.443759|    0.896941|    0.252815|    0.107168|
|         470|  2.8396e-01|   -6.702436|   -7.444875|    0.894977|    0.252517|    0.106805|
|         471|  2.8390e-01|   -6.716162|   -7.445908|    0.893009|    0.252207|    0.106431|
|         472|  2.8393e-01|   -6.729136|   -7.446874|    0.891036|    0.251885|    0.106044|
|         473|  2.8396e-01|   -6.741213|   -7.447761|    0.889055|    0.251549|    0.105643|
|         474|  2.8388e-01|   -6.752275|   -7.448569|    0.887066|    0.251199|    0.105228|
|         475|  2.8382e-01|   -6.762239|   -7.449311|    0.885067|    0.250835|    0.104798|
|         476|  2.8375e-01|   -6.771062|   -7.449997|    0.883058|    0.250456|    0.104353|
|         477|  2.8368e-01|   -6.778742|   -7.450619|    0.881037|    0.250063|    0.103892|
|         478|  2.8363e-01|   -6.785314|   -7.451169|    0.879005|    0.249655|    0.103416|
|         479|  2.8354e-01|   -6.790844|   -7.451770|    0.876962|    0.249232|    0.102924|
|         480|  2.8348e-01|   -6.795420|   -7.452303|    0.874906|    0.248794|    0.102416|
|         481|  2.8341e-01|   -6.799138|   -7.452779|    0.872839|    0.248341|    0.101893|
|         482|  2.8344e-01|   -6.802093|   -7.453258|    0.870760|    0.247875|    0.101356|
|         483|  2.8342e-01|   -6.804365|   -7.453653|    0.868671|    0.247396|    0.100806|
|         484|  2.8340e-01|   -6.806018|   -7.453979|    0.866572|    0.246903|    0.100242|
|         485|  2.8335e-01|   -6.807088|   -7.454302|    0.864463|    0.246399|    0.099666|
|         486|  2.8330e-01|   -6.807584|   -7.454629|    0.862348|    0.245884|    0.099079|
|         487|  2.8325e-01|   -6.807486|   -7.454929|    0.860226|    0.245359|    0.098482|
|         488|  2.8318e-01|   -6.806753|   -7.455219|    0.858099|    0.244824|    0.097876|
|         489|  2.8310e-01|   -6.805323|   -7.455490|    0.855969|    0.244282|    0.097263|
|         490|  2.8303e-01|   -6.803118|   -7.455853|    0.853837|    0.243733|    0.096644|
|         491|  2.8300e-01|   -6.800059|   -7.456183|    0.851706|    0.243178|    0.096019|
|         492|  2.8294e-01|   -6.796074|   -7.456546|    0.849576|    0.242618|    0.095391|
|         493|  2.8286e-01|   -6.791102|   -7.456954|    0.847450|    0.242055|    0.094760|
|         494|  2.8278e-01|   -6.785107|   -7.457380|    0.845329|    0.241489|    0.094127|
|         495|  2.8293e-01|   -6.778081|   -7.457773|    0.843214|    0.240921|    0.093493|
|         496|  2.8284e-01|   -6.770043|   -7.458240|    0.841108|    0.240353|    0.092860|
|         497|  2.8280e-01|   -6.761045|   -7.458736|    0.839010|    0.239784|    0.092228|
|         498|  2.8272e-01|   -6.751167|   -7.459355|    0.836923|    0.239217|    0.091598|
|         499|  2.8263e-01|   -6.740510|   -7.459971|    0.834847|    0.238650|    0.090970|
|         500|  2.8254e-01|   -6.729191|   -7.460578|    0.832783|    0.238086|    0.090345|
+-----------------------------------------------------------------------+
|        File Writing Summary       |              Filename             |
+-----------------------------------------------------------------------+
|SU2 binary restart                 |restart_flow.dat                   |
|Paraview                           |flow.vtu                           |
|Paraview surface                   |surface_flow.vtu                   |
+-----------------------------------------------------------------------+
+------------------------------------------------------------------------------------------+
|  Inner_Iter|   Time(sec)|    rms[Rho]|     rms[nu]|          CL|          CD|         CMz|
+------------------------------------------------------------------------------------------+
|         501|  2.8270e-01|   -6.717337|   -7.461318|    0.830731|    0.237524|    0.089723|
|         502|  2.8266e-01|   -6.705078|   -7.461990|    0.828693|    0.236964|    0.089106|
|         503|  2.8270e-01|   -6.692542|   -7.462724|    0.826667|    0.236408|    0.088492|
|         504|  2.8272e-01|   -6.679850|   -7.463539|    0.824655|    0.235854|    0.087882|
|         505|  2.8271e-01|   -6.667112|   -7.464384|    0.822655|    0.235303|    0.087275|
|         506|  2.8287e-01|   -6.654430|   -7.465263|    0.820668|    0.234755|    0.086673|
|         507|  2.8296e-01|   -6.641889|   -7.466130|    0.818693|    0.234210|    0.086074|
|         508|  2.8294e-01|   -6.629564|   -7.467087|    0.816729|    0.233668|    0.085479|
|         509|  2.8287e-01|   -6.617517|   -7.468127|    0.814776|    0.233128|    0.084887|
|         510|  2.8281e-01|   -6.605800|   -7.469198|    0.812833|    0.232591|    0.084298|
|         511|  2.8273e-01|   -6.594453|   -7.470302|    0.810899|    0.232055|    0.083712|
|         512|  2.8266e-01|   -6.583508|   -7.471556|    0.808973|    0.231521|    0.083128|
|         513|  2.8280e-01|   -6.572989|   -7.472817|    0.807055|    0.230988|    0.082547|
|         514|  2.8283e-01|   -6.562914|   -7.474261|    0.805142|    0.230457|    0.081967|
|         515|  2.8275e-01|   -6.553296|   -7.475651|    0.803236|    0.229927|    0.081388|
|         516|  2.8266e-01|   -6.544141|   -7.476997|    0.801335|    0.229397|    0.080812|
|         517|  2.8262e-01|   -6.535452|   -7.478376|    0.799438|    0.228868|    0.080236|
|         518|  2.8253e-01|   -6.527233|   -7.479846|    0.797545|    0.228339|    0.079662|
|         519|  2.8250e-01|   -6.519479|   -7.481318|    0.795655|    0.227811|    0.079088|
|         520|  2.8243e-01|   -6.512189|   -7.482680|    0.793769|    0.227282|    0.078516|
|         521|  2.8235e-01|   -6.505359|   -7.484165|    0.791886|    0.226755|    0.077945|
|         522|  2.8235e-01|   -6.498982|   -7.485667|    0.790006|    0.226227|    0.077376|
|         523|  2.8227e-01|   -6.493052|   -7.487283|    0.788129|    0.225700|    0.076807|
|         524|  2.8223e-01|   -6.487564|   -7.488675|    0.786256|    0.225174|    0.076241|
|         525|  2.8218e-01|   -6.482509|   -7.490126|    0.784387|    0.224648|    0.075675|
|         526|  2.8214e-01|   -6.477881|   -7.491613|    0.782521|    0.224123|    0.075112|
|         527|  2.8211e-01|   -6.473672|   -7.493024|    0.780660|    0.223599|    0.074551|
|         528|  2.8208e-01|   -6.469874|   -7.494620|    0.778804|    0.223076|    0.073992|
|         529|  2.8229e-01|   -6.466478|   -7.496198|    0.776953|    0.222555|    0.073436|
|         530|  2.8244e-01|   -6.463477|   -7.497880|    0.775109|    0.222036|    0.072883|
|         531|  2.8253e-01|   -6.460862|   -7.499655|    0.773271|    0.221519|    0.072333|
|         532|  2.8250e-01|   -6.458623|   -7.501455|    0.771441|    0.221005|    0.071787|
|         533|  2.8246e-01|   -6.456753|   -7.503113|    0.769619|    0.220493|    0.071244|
|         534|  2.8243e-01|   -6.455241|   -7.504947|    0.767806|    0.219984|    0.070705|
|         535|  2.8240e-01|   -6.454076|   -7.506831|    0.766002|    0.219478|    0.070170|
|         536|  2.8237e-01|   -6.453248|   -7.508822|    0.764207|    0.218976|    0.069639|
|         537|  2.8235e-01|   -6.452745|   -7.510992|    0.762423|    0.218476|    0.069113|
|         538|  2.8234e-01|   -6.452554|   -7.513189|    0.760650|    0.217981|    0.068591|
|         539|  2.8238e-01|   -6.452662|   -7.515257|    0.758888|    0.217489|    0.068074|
|         540|  2.8231e-01|   -6.453054|   -7.517554|    0.757137|    0.217001|    0.067561|
|         541|  2.8242e-01|   -6.453716|   -7.519423|    0.755398|    0.216517|    0.067053|
|         542|  2.8254e-01|   -6.454632|   -7.521598|    0.753671|    0.216037|    0.066550|
|         543|  2.8257e-01|   -6.455785|   -7.523656|    0.751956|    0.215561|    0.066052|
|         544|  2.8275e-01|   -6.457158|   -7.525833|    0.750254|    0.215090|    0.065558|
|         545|  2.8277e-01|   -6.458735|   -7.527984|    0.748564|    0.214622|    0.065069|
|         546|  2.8275e-01|   -6.460496|   -7.530205|    0.746886|    0.214158|    0.064584|
|         547|  2.8280e-01|   -6.462423|   -7.532482|    0.745221|    0.213699|    0.064105|
|         548|  2.8275e-01|   -6.464495|   -7.534589|    0.743568|    0.213243|    0.063629|
|         549|  2.8267e-01|   -6.466694|   -7.536601|    0.741928|    0.212792|    0.063158|
|         550|  2.8258e-01|   -6.468999|   -7.538608|    0.740301|    0.212345|    0.062692|
|         551|  2.8266e-01|   -6.471391|   -7.540874|    0.738687|    0.211901|    0.062230|
|         552|  2.8267e-01|   -6.473849|   -7.543146|    0.737086|    0.211462|    0.061772|
|         553|  2.8264e-01|   -6.476354|   -7.545430|    0.735498|    0.211027|    0.061318|
|         554|  2.8264e-01|   -6.478889|   -7.547782|    0.733924|    0.210595|    0.060869|
|         555|  2.8270e-01|   -6.481434|   -7.550031|    0.732364|    0.210168|    0.060424|
|         556|  2.8293e-01|   -6.483973|   -7.552481|    0.730817|    0.209745|    0.059983|
|         557|  2.8308e-01|   -6.486489|   -7.554696|    0.729284|    0.209326|    0.059547|
|         558|  2.8322e-01|   -6.488968|   -7.557063|    0.727765|    0.208911|    0.059114|
|         559|  2.8336e-01|   -6.491396|   -7.559346|    0.726261|    0.208501|    0.058686|
|         560|  2.8334e-01|   -6.493761|   -7.561865|    0.724771|    0.208094|    0.058263|
|         561|  2.8336e-01|   -6.496051|   -7.564396|    0.723296|    0.207692|    0.057843|
|         562|  2.8330e-01|   -6.498257|   -7.566940|    0.721837|    0.207294|    0.057428|
|         563|  2.8338e-01|   -6.500373|   -7.569312|    0.720392|    0.206900|    0.057018|
|         564|  2.8343e-01|   -6.502393|   -7.571822|    0.718964|    0.206511|    0.056612|
|         565|  2.8361e-01|   -6.504310|   -7.574360|    0.717551|    0.206126|    0.056210|
|         566|  2.8358e-01|   -6.506124|   -7.576892|    0.716154|    0.205745|    0.055812|
|         567|  2.8352e-01|   -6.507830|   -7.579515|    0.714773|    0.205368|    0.055419|
|         568|  2.8348e-01|   -6.509429|   -7.582096|    0.713409|    0.204997|    0.055031|
|         569|  2.8340e-01|   -6.510919|   -7.584557|    0.712061|    0.204629|    0.054647|
|         570|  2.8340e-01|   -6.512301|   -7.586602|    0.710730|    0.204266|    0.054267|
|         571|  2.8341e-01|   -6.513576|   -7.588883|    0.709416|    0.203907|    0.053892|
|         572|  2.8335e-01|   -6.514745|   -7.591063|    0.708118|    0.203553|    0.053521|
|         573|  2.8328e-01|   -6.515811|   -7.593200|    0.706838|    0.203203|    0.053154|
|         574|  2.8325e-01|   -6.516775|   -7.595376|    0.705575|    0.202858|    0.052791|
|         575|  2.8319e-01|   -6.517639|   -7.597509|    0.704329|    0.202517|    0.052433|
|         576|  2.8314e-01|   -6.518406|   -7.599523|    0.703101|    0.202180|    0.052079|
|         577|  2.8323e-01|   -6.519076|   -7.601422|    0.701889|    0.201847|    0.051728|
|         578|  2.8322e-01|   -6.519653|   -7.603463|    0.700695|    0.201518|    0.051382|
|         579|  2.8321e-01|   -6.520138|   -7.605579|    0.699518|    0.201194|    0.051039|
|         580|  2.8318e-01|   -6.520532|   -7.607745|    0.698359|    0.200873|    0.050700|
|         581|  2.8311e-01|   -6.520838|   -7.609810|    0.697216|    0.200556|    0.050364|
|         582|  2.8309e-01|   -6.521056|   -7.611856|    0.696090|    0.200243|    0.050032|
|         583|  2.8307e-01|   -6.521188|   -7.613721|    0.694980|    0.199934|    0.049703|
|         584|  2.8299e-01|   -6.521236|   -7.615797|    0.693888|    0.199628|    0.049378|
|         585|  2.8292e-01|   -6.521200|   -7.617867|    0.692811|    0.199326|    0.049055|
|         586|  2.8286e-01|   -6.521081|   -7.619864|    0.691751|    0.199026|    0.048735|
|         587|  2.8290e-01|   -6.520881|   -7.621738|    0.690707|    0.198730|    0.048418|
|         588|  2.8293e-01|   -6.520602|   -7.623553|    0.689678|    0.198437|    0.048104|
|         589|  2.8297e-01|   -6.520243|   -7.625539|    0.688665|    0.198147|    0.047793|
|         590|  2.8292e-01|   -6.519808|   -7.627483|    0.687667|    0.197860|    0.047484|
|         591|  2.8286e-01|   -6.519299|   -7.629442|    0.686685|    0.197576|    0.047177|
|         592|  2.8291e-01|   -6.518718|   -7.631412|    0.685718|    0.197294|    0.046873|
|         593|  2.8285e-01|   -6.518069|   -7.633413|    0.684766|    0.197015|    0.046571|
|         594|  2.8279e-01|   -6.517355|   -7.635443|    0.683829|    0.196739|    0.046272|
|         595|  2.8274e-01|   -6.516581|   -7.637504|    0.682907|    0.196465|    0.045975|
|         596|  2.8269e-01|   -6.515751|   -7.639598|    0.681999|    0.196194|    0.045681|
|         597|  2.8275e-01|   -6.514871|   -7.641728|    0.681107|    0.195925|    0.045388|
|         598|  2.8269e-01|   -6.513948|   -7.643903|    0.680230|    0.195658|    0.045099|
|         599|  2.8267e-01|   -6.512986|   -7.646125|    0.679367|    0.195395|    0.044811|
|         600|  2.8272e-01|   -6.511992|   -7.648339|    0.678520|    0.195134|    0.044527|
|         601|  2.8267e-01|   -6.510975|   -7.650575|    0.677687|    0.194875|    0.044245|
|         602|  2.8270e-01|   -6.509940|   -7.652871|    0.676870|    0.194619|    0.043965|
|         603|  2.8275e-01|   -6.508895|   -7.655206|    0.676068|    0.194366|    0.043689|
|         604|  2.8268e-01|   -6.507848|   -7.657561|    0.675281|    0.194115|    0.043415|
|         605|  2.8263e-01|   -6.506806|   -7.660036|    0.674509|    0.193868|    0.043145|
|         606|  2.8258e-01|   -6.505776|   -7.662559|    0.673752|    0.193623|    0.042877|
|         607|  2.8251e-01|   -6.504765|   -7.665142|    0.673011|    0.193381|    0.042612|
|         608|  2.8246e-01|   -6.503779|   -7.667661|    0.672286|    0.193142|    0.042351|
|         609|  2.8239e-01|   -6.502824|   -7.670033|    0.671576|    0.192906|    0.042093|
|         610|  2.8233e-01|   -6.501907|   -7.672140|    0.670881|    0.192673|    0.041838|
|         611|  2.8255e-01|   -6.501032|   -7.674205|    0.670202|    0.192443|    0.041586|
|         612|  2.8254e-01|   -6.500204|   -7.676365|    0.669538|    0.192216|    0.041338|
|         613|  2.8263e-01|   -6.499427|   -7.678433|    0.668889|    0.191992|    0.041093|
|         614|  2.8258e-01|   -6.498706|   -7.680547|    0.668256|    0.191771|    0.040852|
|         615|  2.8254e-01|   -6.498043|   -7.682547|    0.667638|    0.191554|    0.040614|
|         616|  2.8251e-01|   -6.497441|   -7.684677|    0.667035|    0.191340|    0.040380|
|         617|  2.8251e-01|   -6.496903|   -7.686856|    0.666447|    0.191128|    0.040149|
|         618|  2.8250e-01|   -6.496431|   -7.689061|    0.665874|    0.190920|    0.039921|
|         619|  2.8246e-01|   -6.496026|   -7.691305|    0.665316|    0.190715|    0.039697|
|         620|  2.8240e-01|   -6.495689|   -7.693581|    0.664772|    0.190513|    0.039476|
|         621|  2.8236e-01|   -6.495421|   -7.695878|    0.664243|    0.190314|    0.039259|
|         622|  2.8231e-01|   -6.495223|   -7.698182|    0.663728|    0.190118|    0.039045|
|         623|  2.8226e-01|   -6.495096|   -7.700484|    0.663227|    0.189925|    0.038835|
|         624|  2.8224e-01|   -6.495039|   -7.702776|    0.662741|    0.189735|    0.038628|
|         625|  2.8244e-01|   -6.495053|   -7.705052|    0.662269|    0.189549|    0.038424|
|         626|  2.8244e-01|   -6.495137|   -7.707320|    0.661810|    0.189365|    0.038224|
|         627|  2.8243e-01|   -6.495290|   -7.709563|    0.661366|    0.189184|    0.038028|
|         628|  2.8240e-01|   -6.495512|   -7.711727|    0.660935|    0.189007|    0.037835|
|         629|  2.8243e-01|   -6.495802|   -7.713872|    0.660518|    0.188832|    0.037645|
|         630|  2.8236e-01|   -6.496159|   -7.716144|    0.660115|    0.188661|    0.037459|
|         631|  2.8243e-01|   -6.496581|   -7.718269|    0.659726|    0.188493|    0.037277|
|         632|  2.8244e-01|   -6.497068|   -7.720145|    0.659350|    0.188328|    0.037098|
|         633|  2.8240e-01|   -6.497618|   -7.722067|    0.658988|    0.188167|    0.036923|
|         634|  2.8238e-01|   -6.498231|   -7.723987|    0.658640|    0.188008|    0.036751|
|         635|  2.8237e-01|   -6.498905|   -7.725869|    0.658305|    0.187853|    0.036584|
|         636|  2.8239e-01|   -6.499641|   -7.727702|    0.657985|    0.187702|    0.036420|
|         637|  2.8251e-01|   -6.500436|   -7.729499|    0.657678|    0.187554|    0.036260|
|         638|  2.8258e-01|   -6.501292|   -7.731265|    0.657385|    0.187409|    0.036104|
|         639|  2.8257e-01|   -6.502207|   -7.732994|    0.657106|    0.187268|    0.035952|
|         640|  2.8260e-01|   -6.503181|   -7.734674|    0.656840|    0.187131|    0.035804|
|         641|  2.8257e-01|   -6.504215|   -7.736294|    0.656589|    0.186997|    0.035661|
|         642|  2.8256e-01|   -6.505308|   -7.737859|    0.656352|    0.186867|    0.035521|
|         643|  2.8258e-01|   -6.506461|   -7.739385|    0.656129|    0.186741|    0.035385|
|         644|  2.8260e-01|   -6.507671|   -7.740866|    0.655920|    0.186619|    0.035253|
|         645|  2.8259e-01|   -6.508941|   -7.742384|    0.655725|    0.186500|    0.035126|
|         646|  2.8255e-01|   -6.510267|   -7.743823|    0.655545|    0.186385|    0.035002|
|         647|  2.8259e-01|   -6.511651|   -7.745210|    0.655378|    0.186274|    0.034883|
|         648|  2.8255e-01|   -6.513090|   -7.746571|    0.655226|    0.186167|    0.034768|
|         649|  2.8263e-01|   -6.514584|   -7.747905|    0.655088|    0.186064|    0.034657|
|         650|  2.8256e-01|   -6.516129|   -7.749224|    0.654964|    0.185965|    0.034551|
|         651|  2.8251e-01|   -6.517725|   -7.750536|    0.654855|    0.185870|    0.034448|
|         652|  2.8245e-01|   -6.519369|   -7.751846|    0.654760|    0.185778|    0.034349|
|         653|  2.8238e-01|   -6.521058|   -7.753033|    0.654679|    0.185691|    0.034255|
|         654|  2.8231e-01|   -6.522790|   -7.754342|    0.654612|    0.185607|    0.034164|
|         655|  2.8223e-01|   -6.524561|   -7.755668|    0.654559|    0.185527|    0.034077|
|         656|  2.8217e-01|   -6.526368|   -7.757010|    0.654520|    0.185451|    0.033994|
|         657|  2.8210e-01|   -6.528208|   -7.758383|    0.654495|    0.185379|    0.033915|
|         658|  2.8204e-01|   -6.530078|   -7.759791|    0.654483|    0.185310|    0.033840|
|         659|  2.8199e-01|   -6.531973|   -7.761233|    0.654486|    0.185245|    0.033768|
|         660|  2.8193e-01|   -6.533892|   -7.762739|    0.654502|    0.185184|    0.033700|
|         661|  2.8185e-01|   -6.535829|   -7.764178|    0.654532|    0.185126|    0.033635|
|         662|  2.8181e-01|   -6.537783|   -7.765606|    0.654575|    0.185072|    0.033574|
|         663|  2.8172e-01|   -6.539749|   -7.767028|    0.654632|    0.185021|    0.033517|
|         664|  2.8166e-01|   -6.541725|   -7.768401|    0.654702|    0.184974|    0.033463|
|         665|  2.8169e-01|   -6.543708|   -7.769638|    0.654785|    0.184930|    0.033412|
|         666|  2.8174e-01|   -6.545696|   -7.770922|    0.654882|    0.184890|    0.033364|
|         667|  2.8174e-01|   -6.547685|   -7.772224|    0.654991|    0.184853|    0.033320|
|         668|  2.8176e-01|   -6.549675|   -7.773502|    0.655114|    0.184820|    0.033280|
|         669|  2.8186e-01|   -6.551664|   -7.774766|    0.655249|    0.184790|    0.033242|
|         670|  2.8186e-01|   -6.553650|   -7.776014|    0.655398|    0.184763|    0.033208|
|         671|  2.8185e-01|   -6.555633|   -7.777240|    0.655560|    0.184740|    0.033177|
|         672|  2.8183e-01|   -6.557613|   -7.778439|    0.655734|    0.184720|    0.033150|
|         673|  2.8194e-01|   -6.559589|   -7.779609|    0.655922|    0.184703|    0.033126|
|         674|  2.8195e-01|   -6.561562|   -7.780747|    0.656122|    0.184690|    0.033105|
|         675|  2.8194e-01|   -6.563532|   -7.781853|    0.656335|    0.184680|    0.033087|
|         676|  2.8191e-01|   -6.565501|   -7.782928|    0.656561|    0.184673|    0.033073|
|         677|  2.8185e-01|   -6.567470|   -7.783970|    0.656799|    0.184670|    0.033062|
|         678|  2.8177e-01|   -6.569439|   -7.784981|    0.657050|    0.184670|    0.033054|
|         679|  2.8184e-01|   -6.571411|   -7.785960|    0.657314|    0.184674|    0.033049|
|         680|  2.8187e-01|   -6.573387|   -7.786907|    0.657591|    0.184681|    0.033048|
|         681|  2.8194e-01|   -6.575367|   -7.787821|    0.657880|    0.184691|    0.033050|
|         682|  2.8198e-01|   -6.577353|   -7.788702|    0.658181|    0.184704|    0.033056|
|         683|  2.8196e-01|   -6.579347|   -7.789551|    0.658495|    0.184721|    0.033064|
|         684|  2.8192e-01|   -6.581349|   -7.790367|    0.658821|    0.184741|    0.033076|
|         685|  2.8192e-01|   -6.583360|   -7.791150|    0.659160|    0.184764|    0.033091|
|         686|  2.8192e-01|   -6.585380|   -7.791900|    0.659510|    0.184791|    0.033109|
|         687|  2.8193e-01|   -6.587409|   -7.792616|    0.659873|    0.184820|    0.033130|
|         688|  2.8200e-01|   -6.589448|   -7.793299|    0.660247|    0.184853|    0.033154|
|         689|  2.8205e-01|   -6.591496|   -7.793948|    0.660633|    0.184888|    0.033181|
|         690|  2.8208e-01|   -6.593554|   -7.794564|    0.661030|    0.184927|    0.033210|
|         691|  2.8210e-01|   -6.595621|   -7.795146|    0.661439|    0.184968|    0.033243|
|         692|  2.8205e-01|   -6.597697|   -7.795695|    0.661858|    0.185013|    0.033278|
|         693|  2.8200e-01|   -6.599781|   -7.796210|    0.662289|    0.185060|    0.033317|
|         694|  2.8194e-01|   -6.601872|   -7.796692|    0.662731|    0.185109|    0.033357|
|         695|  2.8196e-01|   -6.603970|   -7.797141|    0.663183|    0.185162|    0.033401|
|         696|  2.8198e-01|   -6.606076|   -7.797556|    0.663646|    0.185217|    0.033447|
|         697|  2.8201e-01|   -6.608188|   -7.797939|    0.664119|    0.185275|    0.033495|
|         698|  2.8195e-01|   -6.610308|   -7.798289|    0.664603|    0.185335|    0.033547|
|         699|  2.8203e-01|   -6.612436|   -7.798608|    0.665096|    0.185398|    0.033600|
|         700|  2.8203e-01|   -6.614571|   -7.798896|    0.665600|    0.185464|    0.033657|
|         701|  2.8201e-01|   -6.616716|   -7.799153|    0.666113|    0.185532|    0.033715|
|         702|  2.8198e-01|   -6.618871|   -7.799379|    0.666636|    0.185602|    0.033776|
|         703|  2.8199e-01|   -6.621038|   -7.799575|    0.667169|    0.185675|    0.033840|
|         704|  2.8194e-01|   -6.623217|   -7.799743|    0.667711|    0.185751|    0.033906|
|         705|  2.8187e-01|   -6.625413|   -7.799882|    0.668263|    0.185829|    0.033975|
|         706|  2.8183e-01|   -6.627626|   -7.799993|    0.668825|    0.185909|    0.034047|
|         707|  2.8191e-01|   -6.629858|   -7.800078|    0.669396|    0.185992|    0.034121|
|         708|  2.8198e-01|   -6.632113|   -7.800140|    0.669976|    0.186078|    0.034197|
|         709|  2.8197e-01|   -6.634390|   -7.800187|    0.670565|    0.186166|    0.034276|
|         710|  2.8202e-01|   -6.636694|   -7.800223|    0.671164|    0.186256|    0.034358|
|         711|  2.8198e-01|   -6.639025|   -7.800241|    0.671772|    0.186349|    0.034442|
|         712|  2.8190e-01|   -6.641386|   -7.800235|    0.672389|    0.186445|    0.034529|
|         713|  2.8187e-01|   -6.643777|   -7.800204|    0.673016|    0.186543|    0.034618|
|         714|  2.8183e-01|   -6.646202|   -7.800150|    0.673651|    0.186644|    0.034710|
|         715|  2.8180e-01|   -6.648660|   -7.800074|    0.674296|    0.186747|    0.034805|
|         716|  2.8179e-01|   -6.651152|   -7.799979|    0.674949|    0.186852|    0.034902|
|         717|  2.8176e-01|   -6.653680|   -7.799863|    0.675611|    0.186961|    0.035002|
|         718|  2.8170e-01|   -6.656243|   -7.799728|    0.676282|    0.187071|    0.035104|
|         719|  2.8163e-01|   -6.658843|   -7.799577|    0.676961|    0.187184|    0.035208|
|         720|  2.8170e-01|   -6.661478|   -7.799412|    0.677649|    0.187299|    0.035315|
|         721|  2.8169e-01|   -6.664148|   -7.799239|    0.678345|    0.187417|    0.035424|
|         722|  2.8162e-01|   -6.666852|   -7.799054|    0.679050|    0.187537|    0.035536|
|         723|  2.8156e-01|   -6.669589|   -7.798840|    0.679762|    0.187659|    0.035649|
|         724|  2.8149e-01|   -6.672357|   -7.798642|    0.680483|    0.187784|    0.035765|
|         725|  2.8143e-01|   -6.675157|   -7.798445|    0.681211|    0.187910|    0.035884|
|         726|  2.8136e-01|   -6.677985|   -7.798223|    0.681947|    0.188039|    0.036004|
|         727|  2.8129e-01|   -6.680842|   -7.798009|    0.682690|    0.188170|    0.036126|
|         728|  2.8124e-01|   -6.683725|   -7.797801|    0.683441|    0.188302|    0.036250|
|         729|  2.8124e-01|   -6.686634|   -7.797587|    0.684199|    0.188437|    0.036377|
|         730|  2.8125e-01|   -6.689566|   -7.797364|    0.684964|    0.188574|    0.036505|
|         731|  2.8129e-01|   -6.692521|   -7.797132|    0.685736|    0.188713|    0.036635|
|         732|  2.8138e-01|   -6.695497|   -7.796889|    0.686515|    0.188853|    0.036767|
|         733|  2.8133e-01|   -6.698492|   -7.796641|    0.687301|    0.188996|    0.036901|
|         734|  2.8134e-01|   -6.701506|   -7.796397|    0.688094|    0.189140|    0.037037|
|         735|  2.8128e-01|   -6.704537|   -7.796155|    0.688893|    0.189287|    0.037175|
|         736|  2.8122e-01|   -6.707585|   -7.795910|    0.689699|    0.189435|    0.037315|
|         737|  2.8120e-01|   -6.710648|   -7.795635|    0.690512|    0.189585|    0.037456|
|         738|  2.8116e-01|   -6.713725|   -7.795374|    0.691330|    0.189737|    0.037599|
|         739|  2.8111e-01|   -6.716815|   -7.795146|    0.692155|    0.189890|    0.037744|
|         740|  2.8106e-01|   -6.719917|   -7.794904|    0.692987|    0.190046|    0.037891|
|         741|  2.8101e-01|   -6.723029|   -7.794646|    0.693824|    0.190203|    0.038039|
|         742|  2.8096e-01|   -6.726151|   -7.794375|    0.694668|    0.190362|    0.038189|
|         743|  2.8101e-01|   -6.729282|   -7.794093|    0.695517|    0.190523|    0.038341|
|         744|  2.8102e-01|   -6.732420|   -7.793802|    0.696373|    0.190685|    0.038495|
|         745|  2.8100e-01|   -6.735566|   -7.793486|    0.697234|    0.190849|    0.038650|
|         746|  2.8097e-01|   -6.738719|   -7.793167|    0.698101|    0.191015|    0.038807|
|         747|  2.8094e-01|   -6.741877|   -7.792868|    0.698974|    0.191183|    0.038966|
|         748|  2.8091e-01|   -6.745042|   -7.792524|    0.699852|    0.191352|    0.039126|
|         749|  2.8088e-01|   -6.748211|   -7.792177|    0.700736|    0.191523|    0.039288|
|         750|  2.8084e-01|   -6.751386|   -7.791889|    0.701625|    0.191695|    0.039452|
+-----------------------------------------------------------------------+
|        File Writing Summary       |              Filename             |
+-----------------------------------------------------------------------+
|SU2 binary restart                 |restart_flow.dat                   |
|Paraview                           |flow.vtu                           |
|Paraview surface                   |surface_flow.vtu                   |
+-----------------------------------------------------------------------+
+------------------------------------------------------------------------------------------+
|  Inner_Iter|   Time(sec)|    rms[Rho]|     rms[nu]|          CL|          CD|         CMz|
+------------------------------------------------------------------------------------------+
|         751|  2.8093e-01|   -6.754564|   -7.791543|    0.702520|    0.191869|    0.039617|
|         752|  2.8088e-01|   -6.757746|   -7.791215|    0.703419|    0.192044|    0.039783|
|         753|  2.8087e-01|   -6.760932|   -7.790877|    0.704324|    0.192221|    0.039951|
|         754|  2.8086e-01|   -6.764122|   -7.790525|    0.705234|    0.192400|    0.040121|
|         755|  2.8094e-01|   -6.767313|   -7.790183|    0.706148|    0.192580|    0.040292|
|         756|  2.8097e-01|   -6.770508|   -7.789838|    0.707067|    0.192761|    0.040464|
|         757|  2.8096e-01|   -6.773704|   -7.789478|    0.707991|    0.192944|    0.040637|
|         758|  2.8098e-01|   -6.776901|   -7.789100|    0.708919|    0.193128|    0.040812|
|         759|  2.8098e-01|   -6.780099|   -7.788683|    0.709852|    0.193313|    0.040989|
|         760|  2.8097e-01|   -6.783298|   -7.788348|    0.710788|    0.193500|    0.041166|
|         761|  2.8092e-01|   -6.786497|   -7.787918|    0.711729|    0.193688|    0.041345|
|         762|  2.8089e-01|   -6.789695|   -7.787552|    0.712674|    0.193877|    0.041525|
|         763|  2.8085e-01|   -6.792894|   -7.787196|    0.713623|    0.194068|    0.041707|
|         764|  2.8082e-01|   -6.796091|   -7.786766|    0.714576|    0.194259|    0.041889|
|         765|  2.8084e-01|   -6.799288|   -7.786257|    0.715533|    0.194452|    0.042073|
|         766|  2.8086e-01|   -6.802485|   -7.785925|    0.716493|    0.194646|    0.042258|
|         767|  2.8084e-01|   -6.805681|   -7.785553|    0.717457|    0.194841|    0.042444|
|         768|  2.8077e-01|   -6.808878|   -7.785178|    0.718424|    0.195038|    0.042631|
|         769|  2.8074e-01|   -6.812075|   -7.784814|    0.719394|    0.195235|    0.042819|
|         770|  2.8069e-01|   -6.815274|   -7.784452|    0.720368|    0.195433|    0.043009|
|         771|  2.8065e-01|   -6.818475|   -7.784106|    0.721345|    0.195633|    0.043199|
|         772|  2.8058e-01|   -6.821680|   -7.783769|    0.722325|    0.195833|    0.043390|
|         773|  2.8058e-01|   -6.824889|   -7.783477|    0.723308|    0.196035|    0.043583|
|         774|  2.8056e-01|   -6.828102|   -7.783137|    0.724294|    0.196237|    0.043776|
|         775|  2.8054e-01|   -6.831321|   -7.782764|    0.725283|    0.196441|    0.043971|
|         776|  2.8048e-01|   -6.834545|   -7.782333|    0.726274|    0.196645|    0.044166|
|         777|  2.8042e-01|   -6.837777|   -7.781928|    0.727268|    0.196851|    0.044363|
|         778|  2.8039e-01|   -6.841016|   -7.781716|    0.728264|    0.197057|    0.044560|
|         779|  2.8041e-01|   -6.844263|   -7.781412|    0.729263|    0.197264|    0.044759|
|         780|  2.8039e-01|   -6.847518|   -7.781188|    0.730263|    0.197472|    0.044958|
|         781|  2.8035e-01|   -6.850783|   -7.780968|    0.731267|    0.197681|    0.045158|
|         782|  2.8031e-01|   -6.854057|   -7.780783|    0.732272|    0.197891|    0.045359|
|         783|  2.8025e-01|   -6.857342|   -7.780610|    0.733279|    0.198102|    0.045561|
|         784|  2.8021e-01|   -6.860639|   -7.780431|    0.734288|    0.198313|    0.045764|
|         785|  2.8014e-01|   -6.863945|   -7.780225|    0.735299|    0.198526|    0.045968|
|         786|  2.8011e-01|   -6.867263|   -7.780024|    0.736312|    0.198739|    0.046173|
|         787|  2.8005e-01|   -6.870591|   -7.779968|    0.737326|    0.198953|    0.046378|
|         788|  2.8001e-01|   -6.873929|   -7.779939|    0.738342|    0.199167|    0.046584|
|         789|  2.7996e-01|   -6.877277|   -7.779949|    0.739360|    0.199383|    0.046791|
|         790|  2.7992e-01|   -6.880634|   -7.779907|    0.740379|    0.199599|    0.046999|
|         791|  2.7989e-01|   -6.883999|   -7.779840|    0.741400|    0.199816|    0.047207|
|         792|  2.7988e-01|   -6.887370|   -7.779847|    0.742422|    0.200033|    0.047416|
|         793|  2.7986e-01|   -6.890747|   -7.779865|    0.743445|    0.200251|    0.047626|
|         794|  2.7983e-01|   -6.894127|   -7.779848|    0.744469|    0.200470|    0.047836|
|         795|  2.7980e-01|   -6.897509|   -7.779834|    0.745493|    0.200689|    0.048047|
|         796|  2.7976e-01|   -6.900893|   -7.779753|    0.746519|    0.200909|    0.048258|
|         797|  2.7972e-01|   -6.904276|   -7.779777|    0.747546|    0.201129|    0.048470|
|         798|  2.7968e-01|   -6.907657|   -7.779826|    0.748573|    0.201350|    0.048683|
|         799|  2.7963e-01|   -6.911034|   -7.779939|    0.749600|    0.201571|    0.048896|
|         800|  2.7958e-01|   -6.914408|   -7.780046|    0.750628|    0.201793|    0.049109|
|         801|  2.7952e-01|   -6.917777|   -7.779982|    0.751657|    0.202015|    0.049323|
|         802|  2.7947e-01|   -6.921139|   -7.780279|    0.752685|    0.202237|    0.049537|
|         803|  2.7944e-01|   -6.924493|   -7.780613|    0.753714|    0.202460|    0.049751|
|         804|  2.7938e-01|   -6.927837|   -7.780965|    0.754743|    0.202683|    0.049966|
|         805|  2.7941e-01|   -6.931169|   -7.781470|    0.755772|    0.202907|    0.050182|
|         806|  2.7936e-01|   -6.934489|   -7.781927|    0.756800|    0.203131|    0.050397|
|         807|  2.7935e-01|   -6.937795|   -7.782453|    0.757829|    0.203355|    0.050613|
|         808|  2.7932e-01|   -6.941085|   -7.782908|    0.758857|    0.203579|    0.050829|
|         809|  2.7934e-01|   -6.944357|   -7.783342|    0.759885|    0.203803|    0.051045|
|         810|  2.7931e-01|   -6.947612|   -7.783743|    0.760913|    0.204028|    0.051262|
|         811|  2.7928e-01|   -6.950846|   -7.784094|    0.761940|    0.204253|    0.051479|
|         812|  2.7924e-01|   -6.954061|   -7.784379|    0.762967|    0.204479|    0.051696|
|         813|  2.7921e-01|   -6.957253|   -7.784566|    0.763993|    0.204704|    0.051913|
|         814|  2.7918e-01|   -6.960421|   -7.784835|    0.765019|    0.204930|    0.052130|
|         815|  2.7915e-01|   -6.963564|   -7.785307|    0.766044|    0.205156|    0.052348|
|         816|  2.7911e-01|   -6.966680|   -7.785671|    0.767068|    0.205382|    0.052566|
|         817|  2.7915e-01|   -6.969768|   -7.786025|    0.768091|    0.205608|    0.052784|
|         818|  2.7913e-01|   -6.972827|   -7.786372|    0.769114|    0.205834|    0.053002|
|         819|  2.7909e-01|   -6.975853|   -7.786760|    0.770135|    0.206060|    0.053220|
|         820|  2.7905e-01|   -6.978846|   -7.787220|    0.771156|    0.206287|    0.053438|
|         821|  2.7904e-01|   -6.981804|   -7.787621|    0.772175|    0.206513|    0.053656|
|         822|  2.7898e-01|   -6.984724|   -7.787937|    0.773193|    0.206739|    0.053875|
|         823|  2.7892e-01|   -6.987606|   -7.788548|    0.774210|    0.206966|    0.054093|
|         824|  2.7887e-01|   -6.990448|   -7.789034|    0.775226|    0.207192|    0.054311|
|         825|  2.7882e-01|   -6.993248|   -7.789556|    0.776240|    0.207419|    0.054529|
|         826|  2.7877e-01|   -6.996005|   -7.790074|    0.777253|    0.207645|    0.054747|
|         827|  2.7871e-01|   -6.998720|   -7.790748|    0.778263|    0.207871|    0.054965|
|         828|  2.7865e-01|   -7.001389|   -7.791347|    0.779273|    0.208097|    0.055183|
|         829|  2.7865e-01|   -7.004013|   -7.791826|    0.780280|    0.208323|    0.055401|
|         830|  2.7870e-01|   -7.006589|   -7.792292|    0.781286|    0.208549|    0.055619|
|         831|  2.7874e-01|   -7.009116|   -7.792848|    0.782289|    0.208775|    0.055836|
|         832|  2.7871e-01|   -7.011592|   -7.793454|    0.783291|    0.209001|    0.056053|
|         833|  2.7867e-01|   -7.014016|   -7.793873|    0.784290|    0.209226|    0.056270|
|         834|  2.7865e-01|   -7.016387|   -7.794475|    0.785288|    0.209451|    0.056487|
|         835|  2.7862e-01|   -7.018703|   -7.795078|    0.786283|    0.209676|    0.056704|
|         836|  2.7858e-01|   -7.020962|   -7.795591|    0.787275|    0.209900|    0.056920|
|         837|  2.7857e-01|   -7.023165|   -7.796108|    0.788265|    0.210125|    0.057136|
|         838|  2.7853e-01|   -7.025308|   -7.796485|    0.789253|    0.210349|    0.057352|
|         839|  2.7848e-01|   -7.027392|   -7.797002|    0.790238|    0.210572|    0.057568|
|         840|  2.7844e-01|   -7.029416|   -7.797406|    0.791221|    0.210796|    0.057783|
|         841|  2.7839e-01|   -7.031381|   -7.797927|    0.792201|    0.211019|    0.057998|
|         842|  2.7842e-01|   -7.033285|   -7.798369|    0.793178|    0.211242|    0.058212|
|         843|  2.7841e-01|   -7.035130|   -7.798779|    0.794152|    0.211464|    0.058426|
|         844|  2.7852e-01|   -7.036915|   -7.799179|    0.795123|    0.211686|    0.058640|
|         845|  2.7846e-01|   -7.038639|   -7.799665|    0.796092|    0.211907|    0.058854|
|         846|  2.7841e-01|   -7.040304|   -7.800236|    0.797057|    0.212129|    0.059067|
|         847|  2.7838e-01|   -7.041910|   -7.800842|    0.798019|    0.212349|    0.059279|
|         848|  2.7834e-01|   -7.043456|   -7.801464|    0.798978|    0.212570|    0.059491|
|         849|  2.7833e-01|   -7.044943|   -7.802101|    0.799934|    0.212789|    0.059703|
|         850|  2.7831e-01|   -7.046373|   -7.802758|    0.800886|    0.213009|    0.059914|
|         851|  2.7828e-01|   -7.047744|   -7.803538|    0.801835|    0.213227|    0.060125|
|         852|  2.7825e-01|   -7.049059|   -7.804415|    0.802780|    0.213446|    0.060335|
|         853|  2.7820e-01|   -7.050318|   -7.805271|    0.803722|    0.213663|    0.060544|
|         854|  2.7815e-01|   -7.051522|   -7.806232|    0.804660|    0.213881|    0.060753|
|         855|  2.7820e-01|   -7.052673|   -7.807276|    0.805595|    0.214097|    0.060962|
|         856|  2.7817e-01|   -7.053771|   -7.808245|    0.806525|    0.214313|    0.061170|
|         857|  2.7814e-01|   -7.054817|   -7.809427|    0.807452|    0.214528|    0.061377|
|         858|  2.7813e-01|   -7.055812|   -7.810546|    0.808375|    0.214743|    0.061583|
|         859|  2.7808e-01|   -7.056756|   -7.811653|    0.809294|    0.214957|    0.061789|
|         860|  2.7806e-01|   -7.057648|   -7.812734|    0.810209|    0.215171|    0.061995|
|         861|  2.7806e-01|   -7.058491|   -7.814154|    0.811119|    0.215383|    0.062199|
|         862|  2.7802e-01|   -7.059282|   -7.815465|    0.812026|    0.215595|    0.062404|
|         863|  2.7803e-01|   -7.060024|   -7.816531|    0.812929|    0.215807|    0.062607|
|         864|  2.7803e-01|   -7.060716|   -7.817844|    0.813827|    0.216017|    0.062810|
|         865|  2.7800e-01|   -7.061359|   -7.819050|    0.814721|    0.216227|    0.063012|
|         866|  2.7796e-01|   -7.061954|   -7.820192|    0.815611|    0.216437|    0.063213|
|         867|  2.7792e-01|   -7.062502|   -7.821288|    0.816497|    0.216645|    0.063413|
|         868|  2.7798e-01|   -7.063003|   -7.822187|    0.817378|    0.216853|    0.063613|
|         869|  2.7795e-01|   -7.063457|   -7.823470|    0.818255|    0.217060|    0.063812|
|         870|  2.7798e-01|   -7.063866|   -7.824705|    0.819127|    0.217266|    0.064011|
|         871|  2.7797e-01|   -7.064230|   -7.825979|    0.819995|    0.217472|    0.064208|
|         872|  2.7794e-01|   -7.064551|   -7.827340|    0.820858|    0.217676|    0.064405|
|         873|  2.7793e-01|   -7.064828|   -7.828684|    0.821717|    0.217880|    0.064601|
|         874|  2.7791e-01|   -7.065064|   -7.830460|    0.822570|    0.218083|    0.064796|
|         875|  2.7790e-01|   -7.065260|   -7.832296|    0.823420|    0.218286|    0.064990|
|         876|  2.7785e-01|   -7.065419|   -7.834166|    0.824264|    0.218487|    0.065184|
|         877|  2.7780e-01|   -7.065541|   -7.836063|    0.825104|    0.218688|    0.065376|
|         878|  2.7775e-01|   -7.065627|   -7.837892|    0.825939|    0.218887|    0.065568|
|         879|  2.7772e-01|   -7.065680|   -7.839684|    0.826768|    0.219086|    0.065758|
|         880|  2.7780e-01|   -7.065699|   -7.841431|    0.827593|    0.219284|    0.065948|
|         881|  2.7780e-01|   -7.065688|   -7.843045|    0.828413|    0.219481|    0.066137|
|         882|  2.7783e-01|   -7.065647|   -7.844465|    0.829228|    0.219677|    0.066325|
|         883|  2.7785e-01|   -7.065580|   -7.846173|    0.830037|    0.219872|    0.066512|
|         884|  2.7780e-01|   -7.065488|   -7.847801|    0.830841|    0.220066|    0.066698|
|         885|  2.7776e-01|   -7.065372|   -7.849389|    0.831640|    0.220259|    0.066883|
|         886|  2.7772e-01|   -7.065237|   -7.850989|    0.832434|    0.220450|    0.067066|
|         887|  2.7768e-01|   -7.065082|   -7.852639|    0.833222|    0.220641|    0.067249|
|         888|  2.7763e-01|   -7.064911|   -7.854286|    0.834005|    0.220831|    0.067431|
|         889|  2.7759e-01|   -7.064725|   -7.855866|    0.834783|    0.221020|    0.067612|
|         890|  2.7755e-01|   -7.064525|   -7.857413|    0.835555|    0.221208|    0.067791|
|         891|  2.7751e-01|   -7.064311|   -7.858897|    0.836321|    0.221395|    0.067970|
|         892|  2.7746e-01|   -7.064085|   -7.860379|    0.837082|    0.221580|    0.068147|
|         893|  2.7743e-01|   -7.063849|   -7.861971|    0.837838|    0.221765|    0.068324|
|         894|  2.7745e-01|   -7.063602|   -7.863561|    0.838587|    0.221948|    0.068499|
|         895|  2.7737e-01|   -7.063348|   -7.865285|    0.839331|    0.222130|    0.068673|
|         896|  2.7737e-01|   -7.063086|   -7.867009|    0.840070|    0.222312|    0.068846|
|         897|  2.7730e-01|   -7.062820|   -7.868743|    0.840802|    0.222492|    0.069018|
|         898|  2.7722e-01|   -7.062549|   -7.870503|    0.841529|    0.222671|    0.069189|
|         899|  2.7713e-01|   -7.062276|   -7.872280|    0.842251|    0.222848|    0.069359|
|         900|  2.7708e-01|   -7.062001|   -7.874082|    0.842966|    0.223025|    0.069527|
|         901|  2.7706e-01|   -7.061726|   -7.875918|    0.843676|    0.223201|    0.069695|
|         902|  2.7700e-01|   -7.061451|   -7.877778|    0.844379|    0.223375|    0.069861|
|         903|  2.7696e-01|   -7.061176|   -7.879649|    0.845077|    0.223548|    0.070026|
|         904|  2.7691e-01|   -7.060904|   -7.881507|    0.845769|    0.223720|    0.070190|
|         905|  2.7687e-01|   -7.060633|   -7.883286|    0.846455|    0.223891|    0.070353|
|         906|  2.7687e-01|   -7.060366|   -7.884920|    0.847135|    0.224061|    0.070514|
|         907|  2.7684e-01|   -7.060103|   -7.886857|    0.847809|    0.224229|    0.070674|
|         908|  2.7678e-01|   -7.059844|   -7.888505|    0.848476|    0.224396|    0.070833|
|         909|  2.7679e-01|   -7.059590|   -7.890156|    0.849138|    0.224562|    0.070991|
|         910|  2.7679e-01|   -7.059342|   -7.891769|    0.849793|    0.224727|    0.071148|
|         911|  2.7674e-01|   -7.059101|   -7.893625|    0.850442|    0.224891|    0.071303|
|         912|  2.7668e-01|   -7.058868|   -7.895360|    0.851085|    0.225053|    0.071457|
|         913|  2.7661e-01|   -7.058644|   -7.897228|    0.851722|    0.225214|    0.071609|
|         914|  2.7657e-01|   -7.058429|   -7.899168|    0.852352|    0.225373|    0.071761|
|         915|  2.7652e-01|   -7.058226|   -7.901241|    0.852976|    0.225532|    0.071911|
|         916|  2.7648e-01|   -7.058034|   -7.903566|    0.853593|    0.225689|    0.072059|
|         917|  2.7643e-01|   -7.057856|   -7.905712|    0.854204|    0.225844|    0.072207|
|         918|  2.7636e-01|   -7.057692|   -7.907882|    0.854809|    0.225999|    0.072353|
|         919|  2.7629e-01|   -7.057542|   -7.910079|    0.855407|    0.226152|    0.072498|
|         920|  2.7623e-01|   -7.057408|   -7.912206|    0.855999|    0.226303|    0.072641|
|         921|  2.7616e-01|   -7.057290|   -7.914258|    0.856584|    0.226454|    0.072783|
|         922|  2.7615e-01|   -7.057189|   -7.916411|    0.857162|    0.226603|    0.072923|
|         923|  2.7618e-01|   -7.057106|   -7.918467|    0.857734|    0.226750|    0.073063|
|         924|  2.7614e-01|   -7.057042|   -7.920477|    0.858299|    0.226896|    0.073200|
|         925|  2.7610e-01|   -7.056996|   -7.922476|    0.858858|    0.227041|    0.073337|
|         926|  2.7610e-01|   -7.056970|   -7.924469|    0.859410|    0.227185|    0.073472|
|         927|  2.7606e-01|   -7.056963|   -7.926460|    0.859955|    0.227327|    0.073606|
|         928|  2.7603e-01|   -7.056975|   -7.928458|    0.860494|    0.227467|    0.073738|
|         929|  2.7599e-01|   -7.057007|   -7.930433|    0.861026|    0.227606|    0.073869|
|         930|  2.7594e-01|   -7.057059|   -7.932495|    0.861551|    0.227744|    0.073998|
|         931|  2.7588e-01|   -7.057131|   -7.934593|    0.862069|    0.227881|    0.074126|
|         932|  2.7581e-01|   -7.057223|   -7.936663|    0.862581|    0.228015|    0.074252|
|         933|  2.7575e-01|   -7.057336|   -7.938727|    0.863086|    0.228149|    0.074378|
|         934|  2.7569e-01|   -7.057469|   -7.940799|    0.863584|    0.228281|    0.074501|
|         935|  2.7564e-01|   -7.057622|   -7.942891|    0.864076|    0.228412|    0.074623|
|         936|  2.7562e-01|   -7.057796|   -7.945001|    0.864560|    0.228541|    0.074744|
|         937|  2.7565e-01|   -7.057991|   -7.947129|    0.865038|    0.228669|    0.074863|
|         938|  2.7559e-01|   -7.058208|   -7.949271|    0.865509|    0.228795|    0.074981|
|         939|  2.7553e-01|   -7.058446|   -7.951420|    0.865973|    0.228920|    0.075098|
|         940|  2.7546e-01|   -7.058707|   -7.953563|    0.866431|    0.229043|    0.075212|
|         941|  2.7541e-01|   -7.058992|   -7.955671|    0.866881|    0.229165|    0.075326|
|         942|  2.7537e-01|   -7.059300|   -7.957537|    0.867325|    0.229285|    0.075438|
|         943|  2.7533e-01|   -7.059633|   -7.959783|    0.867762|    0.229404|    0.075548|
|         944|  2.7526e-01|   -7.059991|   -7.961998|    0.868192|    0.229522|    0.075657|
|         945|  2.7520e-01|   -7.060376|   -7.964211|    0.868615|    0.229637|    0.075764|
|         946|  2.7515e-01|   -7.060788|   -7.966473|    0.869031|    0.229752|    0.075870|
|         947|  2.7510e-01|   -7.061228|   -7.968769|    0.869441|    0.229865|    0.075974|
|         948|  2.7504e-01|   -7.061696|   -7.971106|    0.869843|    0.229976|    0.076077|
|         949|  2.7500e-01|   -7.062194|   -7.973478|    0.870238|    0.230086|    0.076178|
|         950|  2.7504e-01|   -7.062722|   -7.976059|    0.870627|    0.230194|    0.076278|
|         951|  2.7500e-01|   -7.063279|   -7.978525|    0.871008|    0.230301|    0.076376|
|         952|  2.7495e-01|   -7.063867|   -7.980903|    0.871383|    0.230406|    0.076473|
|         953|  2.7489e-01|   -7.064484|   -7.983122|    0.871751|    0.230510|    0.076568|
|         954|  2.7483e-01|   -7.065132|   -7.985535|    0.872111|    0.230612|    0.076661|
|         955|  2.7477e-01|   -7.065808|   -7.987983|    0.872465|    0.230713|    0.076753|
|         956|  2.7471e-01|   -7.066514|   -7.990386|    0.872812|    0.230812|    0.076844|
|         957|  2.7470e-01|   -7.067248|   -7.992797|    0.873151|    0.230910|    0.076933|
|         958|  2.7466e-01|   -7.068011|   -7.995230|    0.873484|    0.231006|    0.077020|
|         959|  2.7462e-01|   -7.068801|   -7.997692|    0.873810|    0.231100|    0.077106|
|         960|  2.7457e-01|   -7.069618|   -8.000212|    0.874129|    0.231193|    0.077190|
|         961|  2.7453e-01|   -7.070461|   -8.002777|    0.874441|    0.231284|    0.077273|
|         962|  2.7449e-01|   -7.071330|   -8.005378|    0.874746|    0.231374|    0.077354|
|         963|  2.7448e-01|   -7.072224|   -8.008001|    0.875044|    0.231463|    0.077433|
|         964|  2.7444e-01|   -7.073143|   -8.010623|    0.875336|    0.231549|    0.077511|
|         965|  2.7442e-01|   -7.074086|   -8.013230|    0.875620|    0.231635|    0.077588|
|         966|  2.7439e-01|   -7.075053|   -8.015786|    0.875898|    0.231718|    0.077663|
|         967|  2.7439e-01|   -7.076045|   -8.018399|    0.876169|    0.231801|    0.077737|
|         968|  2.7433e-01|   -7.077062|   -8.020967|    0.876433|    0.231881|    0.077809|
|         969|  2.7428e-01|   -7.078104|   -8.023414|    0.876690|    0.231961|    0.077879|
|         970|  2.7423e-01|   -7.079172|   -8.025777|    0.876940|    0.232038|    0.077948|
|         971|  2.7418e-01|   -7.080265|   -8.028083|    0.877184|    0.232115|    0.078015|
|         972|  2.7412e-01|   -7.081385|   -8.030323|    0.877421|    0.232189|    0.078081|
|         973|  2.7408e-01|   -7.082533|   -8.032459|    0.877651|    0.232262|    0.078146|
|         974|  2.7403e-01|   -7.083708|   -8.034576|    0.877874|    0.232334|    0.078208|
|         975|  2.7399e-01|   -7.084913|   -8.036734|    0.878090|    0.232404|    0.078270|
|         976|  2.7395e-01|   -7.086147|   -8.038825|    0.878300|    0.232473|    0.078329|
|         977|  2.7389e-01|   -7.087412|   -8.040886|    0.878503|    0.232539|    0.078387|
|         978|  2.7385e-01|   -7.088708|   -8.042943|    0.878699|    0.232605|    0.078444|
|         979|  2.7379e-01|   -7.090036|   -8.045009|    0.878888|    0.232669|    0.078499|
|         980|  2.7377e-01|   -7.091396|   -8.047105|    0.879070|    0.232731|    0.078552|
|         981|  2.7373e-01|   -7.092789|   -8.049235|    0.879246|    0.232792|    0.078604|
|         982|  2.7371e-01|   -7.094213|   -8.051399|    0.879415|    0.232851|    0.078654|
|         983|  2.7366e-01|   -7.095669|   -8.053588|    0.879577|    0.232909|    0.078703|
|         984|  2.7362e-01|   -7.097157|   -8.055778|    0.879732|    0.232965|    0.078750|
|         985|  2.7357e-01|   -7.098676|   -8.057938|    0.879881|    0.233019|    0.078796|
|         986|  2.7352e-01|   -7.100224|   -8.060162|    0.880023|    0.233072|    0.078840|
|         987|  2.7346e-01|   -7.101802|   -8.062308|    0.880158|    0.233124|    0.078883|
|         988|  2.7339e-01|   -7.103408|   -8.064342|    0.880287|    0.233174|    0.078924|
|         989|  2.7335e-01|   -7.105041|   -8.066259|    0.880409|    0.233223|    0.078964|
|         990|  2.7333e-01|   -7.106701|   -8.068415|    0.880524|    0.233269|    0.079002|
|         991|  2.7328e-01|   -7.108387|   -8.070435|    0.880633|    0.233315|    0.079038|
|         992|  2.7323e-01|   -7.110097|   -8.072435|    0.880736|    0.233359|    0.079073|
|         993|  2.7319e-01|   -7.111833|   -8.074430|    0.880832|    0.233401|    0.079107|
|         994|  2.7315e-01|   -7.113592|   -8.076426|    0.880921|    0.233442|    0.079139|
|         995|  2.7311e-01|   -7.115375|   -8.078432|    0.881004|    0.233482|    0.079170|
|         996|  2.7306e-01|   -7.117183|   -8.080437|    0.881080|    0.233520|    0.079199|
|         997|  2.7299e-01|   -7.119014|   -8.082433|    0.881151|    0.233557|    0.079227|
|         998|  2.7306e-01|   -7.120870|   -8.084413|    0.881214|    0.233592|    0.079253|