        +------------------------------------------------------------------------------------------+
|  Inner_Iter|   Time(sec)|    rms[Rho]|     rms[nu]|          CL|          CD|         CMz|
+------------------------------------------------------------------------------------------+
|           0|  2.4361e-01|   -4.166610|  -10.669432|    3.543227|    1.014150|    1.096024|
|           1|  2.3913e-01|   -5.005108|  -10.770702|    2.646431|    0.901592|    0.849080|
|           2|  2.3629e-01|   -4.895156|  -10.986538|    2.064566|    0.698190|    0.653884|
|           3|  2.3450e-01|   -4.920135|  -10.961697|    1.792760|    0.566229|    0.539362|
|           4|  2.3563e-01|   -5.016796|  -10.953969|    1.620820|    0.466667|    0.444075|
|           5|  2.3442e-01|   -5.106311|  -10.956003|    1.473344|    0.376527|    0.346632|
|           6|  2.3503e-01|   -5.161955|  -10.948779|    1.329988|    0.291013|    0.246412|
|           7|  2.3583e-01|   -5.187444|  -10.931577|    1.184965|    0.210710|    0.148802|
|           8|  2.3685e-01|   -5.193694|  -10.904952|    1.036400|    0.137574|    0.059620|
|           9|  2.3609e-01|   -5.189389|  -10.877904|    0.883011|    0.073617|   -0.017277|
|          10|  2.3550e-01|   -5.181916|  -10.855366|    0.725178|    0.020470|   -0.080204|
|          11|  2.3514e-01|   -5.178475|  -10.831473|    0.565406|   -0.021095|   -0.129285|
|          12|  2.3495e-01|   -5.183281|  -10.804603|    0.408302|   -0.051274|   -0.165608|
|          13|  2.3616e-01|   -5.195947|  -10.777711|    0.260328|   -0.070936|   -0.190329|
|          14|  2.3690e-01|   -5.212831|  -10.755959|    0.129319|   -0.081259|   -0.204205|
|          15|  2.3733e-01|   -5.229882|  -10.741910|    0.023513|   -0.083489|   -0.207638|
|          16|  2.3655e-01|   -5.245394|  -10.735306|   -0.049742|   -0.078828|   -0.200971|
|          17|  2.3600e-01|   -5.260642|  -10.733795|   -0.085119|   -0.068382|   -0.184750|
|          18|  2.3539e-01|   -5.278255|  -10.734547|   -0.079870|   -0.053153|   -0.159868|
|          19|  2.3817e-01|   -5.300027|  -10.734942|   -0.033941|   -0.034086|   -0.127651|
|          20|  2.3886e-01|   -5.325137|  -10.734442|    0.049867|   -0.012149|   -0.089930|
|          21|  2.3974e-01|   -5.349313|  -10.732510|    0.165733|    0.011601|   -0.048986|
|          22|  2.4070e-01|   -5.366081|  -10.729599|    0.305075|    0.036002|   -0.007337|
|          23|  2.4178e-01|   -5.370900|  -10.725942|    0.457687|    0.059863|    0.032607|
|          24|  2.4220e-01|   -5.365372|  -10.721663|    0.613082|    0.082042|    0.068795|
|          25|  2.4242e-01|   -5.356252|  -10.716983|    0.761607|    0.101533|    0.099665|
|          26|  2.4257e-01|   -5.350797|  -10.712580|    0.895055|    0.117507|    0.124130|
|          27|  2.4243e-01|   -5.353787|  -10.708612|    1.006855|    0.129337|    0.141491|
|          28|  2.4208e-01|   -5.367225|  -10.705043|    1.092119|    0.136612|    0.151363|
|          29|  2.4158e-01|   -5.390955|  -10.701235|    1.147847|    0.139179|    0.153672|
|          30|  2.4223e-01|   -5.423110|  -10.696547|    1.173132|    0.137166|    0.148685|
|          31|  2.4284e-01|   -5.460289|  -10.690604|    1.169117|    0.130968|    0.137005|
|          32|  2.4290e-01|   -5.497805|  -10.682794|    1.138653|    0.121196|    0.119521|
|          33|  2.4324e-01|   -5.530559|  -10.672576|    1.085893|    0.108616|    0.097368|
|          34|  2.4383e-01|   -5.554801|  -10.660029|    1.016034|    0.094113|    0.071928|
|          35|  2.4403e-01|   -5.569890|  -10.645432|    0.935136|    0.078659|    0.044815|
|          36|  2.4432e-01|   -5.578350|  -10.629919|    0.849649|    0.063233|    0.017755|
|          37|  2.4467e-01|   -5.584080|  -10.614504|    0.765790|    0.048734|   -0.007585|
|          38|  2.4496e-01|   -5.590711|  -10.599571|    0.689104|    0.035937|   -0.029701|
|          39|  2.4496e-01|   -5.600953|  -10.585317|    0.624160|    0.025461|   -0.047344|
|          40|  2.4483e-01|   -5.616484|  -10.572244|    0.574333|    0.017740|   -0.059606|
|          41|  2.4438e-01|   -5.637919|  -10.560336|    0.541670|    0.013000|   -0.065992|
|          42|  2.4407e-01|   -5.664674|  -10.549435|    0.526920|    0.011257|   -0.066435|
|          43|  2.4387e-01|   -5.694830|  -10.539292|    0.529714|    0.012338|   -0.061250|
|          44|  2.4358e-01|   -5.724772|  -10.529822|    0.548976|    0.015955|   -0.051004|
|          45|  2.4494e-01|   -5.749370|  -10.521078|    0.583246|    0.021759|   -0.036446|
|          46|  2.4500e-01|   -5.764081|  -10.512925|    0.630470|    0.029311|   -0.018590|
|          47|  2.4520e-01|   -5.767864|  -10.505335|    0.687586|    0.038034|    0.001196|
|          48|  2.4537e-01|   -5.763881|  -10.498156|    0.750654|    0.047250|    0.021313|
|          49|  2.4559e-01|   -5.757451|  -10.491371|    0.815450|    0.056278|    0.040194|
|          50|  2.4580e-01|   -5.753527|  -10.484914|    0.878018|    0.064516|    0.056517|
|          51|  2.4582e-01|   -5.755414|  -10.478500|    0.934963|    0.071486|    0.069312|
|          52|  2.4594e-01|   -5.764717|  -10.471854|    0.983591|    0.076848|    0.077990|
|          53|  2.4620e-01|   -5.781668|  -10.464883|    1.021973|    0.080398|    0.082344|
|          54|  2.4626e-01|   -5.805383|  -10.457676|    1.048973|    0.082058|    0.082498|
|          55|  2.4668e-01|   -5.833946|  -10.450156|    1.064204|    0.081857|    0.078842|
|          56|  2.4667e-01|   -5.864423|  -10.442269|    1.067891|    0.079899|    0.071930|
|          57|  2.4670e-01|   -5.893103|  -10.433849|    1.060641|    0.076319|    0.062374|
|          58|  2.4671e-01|   -5.916416|  -10.424857|    1.043332|    0.071281|    0.050822|
|          59|  2.4637e-01|   -5.932477|  -10.415309|    1.017298|    0.065027|    0.038019|
|          60|  2.4644e-01|   -5.941745|  -10.405274|    0.984591|    0.057910|    0.024837|
|          61|  2.4729e-01|   -5.946265|  -10.394795|    0.947902|    0.050378|    0.012180|
|          62|  2.4737e-01|   -5.949048|  -10.383999|    0.910201|    0.042914|    0.000852|
|          63|  2.4729e-01|   -5.953393|  -10.372934|    0.874363|    0.035978|   -0.008526|
|          64|  2.4703e-01|   -5.962011|  -10.361649|    0.842892|    0.029969|   -0.015550|
|          65|  2.4693e-01|   -5.976541|  -10.350181|    0.817755|    0.025194|   -0.020024|
|          66|  2.4678e-01|   -5.997389|  -10.338538|    0.800291|    0.021856|   -0.021932|
|          67|  2.4655e-01|   -6.023593|  -10.326666|    0.791183|    0.020043|   -0.021409|
|          68|  2.4634e-01|   -6.052602|  -10.314584|    0.790514|    0.019739|   -0.018699|
|          69|  2.4616e-01|   -6.080146|  -10.302275|    0.797916|    0.020847|   -0.014106|
|          70|  2.4582e-01|   -6.100959|  -10.289729|    0.812721|    0.023219|   -0.007967|
|          71|  2.4550e-01|   -6.111346|  -10.276978|    0.833920|    0.026646|   -0.000689|
|          72|  2.4516e-01|   -6.112104|  -10.264048|    0.859995|    0.030830|    0.007213|
|          73|  2.4491e-01|   -6.107719|  -10.250932|    0.888971|    0.035396|    0.015152|
|          74|  2.4460e-01|   -6.103300|  -10.237647|    0.918723|    0.039943|    0.022561|
|          75|  2.4439e-01|   -6.103021|  -10.224229|    0.947275|    0.044104|    0.028965|
|          76|  2.4438e-01|   -6.109764|  -10.210688|    0.972983|    0.047585|    0.034019|
|          77|  2.4469e-01|   -6.125085|  -10.197061|    0.994619|    0.050180|    0.037511|
|          78|  2.4484e-01|   -6.149231|  -10.183393|    1.011380|    0.051775|    0.039358|
|          79|  2.4493e-01|   -6.181002|  -10.169707|    1.022880|    0.052339|    0.039587|
|          80|  2.4468e-01|   -6.217325|  -10.156004|    1.029093|    0.051914|    0.038321|
|          81|  2.4476e-01|   -6.252787|  -10.142300|    1.030263|    0.050583|    0.035734|
|          82|  2.4482e-01|   -6.280054|  -10.128604|    1.026757|    0.048443|    0.032012|
|          83|  2.4488e-01|   -6.292813|  -10.114952|    1.019004|    0.045606|    0.027361|
|          84|  2.4469e-01|   -6.290485|  -10.101327|    1.007621|    0.042230|    0.022048|
|          85|  2.4454e-01|   -6.278682|  -10.087803|    0.993524|    0.038532|    0.016423|
|          86|  2.4465e-01|   -6.264601|  -10.074398|    0.977859|    0.034757|    0.010872|
|          87|  2.4452e-01|   -6.253933|  -10.061128|    0.961834|    0.031143|    0.005758|
|          88|  2.4432e-01|   -6.250382|  -10.047971|    0.946576|    0.027896|    0.001380|
|          89|  2.4424e-01|   -6.255968|  -10.034911|    0.933045|    0.025174|   -0.002049|
|          90|  2.4512e-01|   -6.271433|  -10.021948|    0.921986|    0.023085|   -0.004402|
|          91|  2.4547e-01|   -6.296473|  -10.009092|    0.913913|    0.021685|   -0.005636|
|          92|  2.4551e-01|   -6.329668|   -9.996287|    0.909110|    0.020981|   -0.005775|
|          93|  2.4533e-01|   -6.368095|   -9.983549|    0.907655|    0.020942|   -0.004903|
|          94|  2.4525e-01|   -6.406832|   -9.970873|    0.909469|    0.021509|   -0.003137|
|          95|  2.4510e-01|   -6.439165|   -9.958244|    0.914361|    0.022610|   -0.000620|
|          96|  2.4510e-01|   -6.459077|   -9.945656|    0.922015|    0.024151|    0.002474|
|          97|  2.4509e-01|   -6.465380|   -9.933110|    0.931926|    0.026011|    0.005920|
|          98|  2.4497e-01|   -6.462437|   -9.920631|    0.943393|    0.028041|    0.009463|
|          99|  2.4494e-01|   -6.456608|   -9.908240|    0.955615|    0.030082|    0.012850|
|         100|  2.4496e-01|   -6.453393|   -9.895954|    0.967798|    0.031987|    0.015866|
|         101|  2.4482e-01|   -6.456527|   -9.883792|    0.979232|    0.033632|    0.018345|
|         102|  2.4472e-01|   -6.468038|   -9.871767|    0.989331|    0.034924|    0.020178|
|         103|  2.4458e-01|   -6.488526|   -9.859879|    0.997652|    0.035805|    0.021308|
|         104|  2.4442e-01|   -6.517301|   -9.848133|    1.003900|    0.036245|    0.021725|
|         105|  2.4427e-01|   -6.552210|   -9.836534|    1.007926|    0.036245|    0.021460|
|         106|  2.4426e-01|   -6.589222|   -9.825068|    1.009706|    0.035825|    0.020572|
|         107|  2.4403e-01|   -6.622265|   -9.813730|    1.009312|    0.035023|    0.019142|
|         108|  2.4383e-01|   -6.644593|   -9.802515|    1.006889|    0.033889|    0.017264|
|         109|  2.4385e-01|   -6.652358|   -9.791418|    1.002683|    0.032491|    0.015059|
|         110|  2.4371e-01|   -6.647330|   -9.780433|    0.997070|    0.030926|    0.012678|
|         111|  2.4353e-01|   -6.635331|   -9.769557|    0.990532|    0.029300|    0.010284|
|         112|  2.4354e-01|   -6.622734|   -9.758780|    0.983598|    0.027718|    0.008036|
|         113|  2.4337e-01|   -6.614344|   -9.748091|    0.976777|    0.026276|    0.006067|
|         114|  2.4317e-01|   -6.612988|   -9.737478|    0.970523|    0.025051|    0.004476|
|         115|  2.4302e-01|   -6.619890|   -9.726928|    0.965204|    0.024096|    0.003329|
|         116|  2.4286e-01|   -6.635056|   -9.716429|    0.961090|    0.023441|    0.002655|
|         117|  2.4271e-01|   -6.657400|   -9.705974|    0.958352|    0.023096|    0.002453|
|         118|  2.4253e-01|   -6.684583|   -9.695555|    0.957066|    0.023050|    0.002698|
|         119|  2.4245e-01|   -6.712731|   -9.685161|    0.957234|    0.023281|    0.003348|
|         120|  2.4230e-01|   -6.736598|   -9.674785|    0.958806|    0.023757|    0.004348|
|         121|  2.4217e-01|   -6.751113|   -9.664432|    0.961674|    0.024439|    0.005631|
|         122|  2.4201e-01|   -6.754085|   -9.654099|    0.965661|    0.025276|    0.007113|
|         123|  2.4202e-01|   -6.747397|   -9.643793|    0.970511|    0.026210|    0.008694|
|         124|  2.4229e-01|   -6.735486|   -9.633512|    0.975913|    0.027173|    0.010272|
|         125|  2.4229e-01|   -6.723086|   -9.623266|    0.981529|    0.028101|    0.011751|
|         126|  2.4231e-01|   -6.713865|   -9.613043|    0.987038|    0.028937|    0.013048|
|         127|  2.4240e-01|   -6.710045|   -9.602860|    0.992150|    0.029635|    0.014101|
|         128|  2.4250e-01|   -6.712551|   -9.592696|    0.996629|    0.030162|    0.014872|
|         129|  2.4243e-01|   -6.721276|   -9.582573|    1.000300|    0.030501|    0.015341|
|         130|  2.4261e-01|   -6.735261|   -9.572492|    1.003049|    0.030646|    0.015507|
|         131|  2.4253e-01|   -6.752792|   -9.562478|    1.004828|    0.030603|    0.015388|
|         132|  2.4282e-01|   -6.771504|   -9.552564|    1.005637|    0.030389|    0.015013|
|         133|  2.4286e-01|   -6.788681|   -9.542779|    1.005525|    0.030025|    0.014418|
|         134|  2.4275e-01|   -6.801883|   -9.533180|    1.004577|    0.029537|    0.013651|
|         135|  2.4290e-01|   -6.809751|   -9.523790|    1.002913|    0.028957|    0.012761|
|         136|  2.4301e-01|   -6.812523|   -9.514640|    1.000688|    0.028320|    0.011805|
|         137|  2.4319e-01|   -6.811853|   -9.505738|    0.998083|    0.027665|    0.010843|
|         138|  2.4413e-01|   -6.810093|   -9.497096|    0.995299|    0.027027|    0.009933|
|         139|  2.4452e-01|   -6.809533|   -9.488712|    0.992536|    0.026442|    0.009125|
|         140|  2.4480e-01|   -6.811918|   -9.480536|    0.989979|    0.025938|    0.008463|
|         141|  2.4522e-01|   -6.818268|   -9.472510|    0.987789|    0.025538|    0.007975|
|         142|  2.4550e-01|   -6.828855|   -9.464558|    0.986091|    0.025254|    0.007679|
|         143|  2.4568e-01|   -6.843242|   -9.456569|    0.984971|    0.025092|    0.007580|
|         144|  2.4569e-01|   -6.860340|   -9.448424|    0.984477|    0.025052|    0.007671|
|         145|  2.4578e-01|   -6.878511|   -9.439997|    0.984621|    0.025125|    0.007937|
|         146|  2.4570e-01|   -6.895813|   -9.431151|    0.985381|    0.025299|    0.008353|
|         147|  2.4565e-01|   -6.910439|   -9.421747|    0.986705|    0.025556|    0.008891|
|         148|  2.4580e-01|   -6.921281|   -9.411648|    0.988509|    0.025876|    0.009512|
|         149|  2.4612e-01|   -6.928330|   -9.400753|    0.990686|    0.026235|    0.010178|
|         150|  2.4635e-01|   -6.932640|   -9.388888|    0.993106|    0.026608|    0.010846|
|         151|  2.4643e-01|   -6.935891|   -9.376019|    0.995630|    0.026970|    0.011476|
|         152|  2.4656e-01|   -6.939812|   -9.362082|    0.998120|    0.027296|    0.012030|
|         153|  2.4662e-01|   -6.945739|   -9.347041|    1.000448|    0.027569|    0.012481|
|         154|  2.4679e-01|   -6.954370|   -9.330924|    1.002506|    0.027772|    0.012808|
|         155|  2.4736e-01|   -6.965675|   -9.313748|    1.004211|    0.027898|    0.012999|
|         156|  2.4738e-01|   -6.978871|   -9.295563|    1.005511|    0.027941|    0.013054|
|         157|  2.4741e-01|   -6.992489|   -9.276435|    1.006378|    0.027902|    0.012977|
|         158|  2.4728e-01|   -7.004566|   -9.256512|    1.006811|    0.027787|    0.012780|
|         159|  2.4725e-01|   -7.013065|   -9.235826|    1.006826|    0.027603|    0.012478|
|         160|  2.4723e-01|   -7.016468|   -9.214560|    1.006454|    0.027359|    0.012090|
|         161|  2.4731e-01|   -7.014272|   -9.192846|    1.005740|    0.027067|    0.011637|
|         162|  2.4737e-01|   -7.007112|   -9.170784|    1.004743|    0.026740|    0.011141|
|         163|  2.4749e-01|   -6.996443|   -9.148487|    1.003535|    0.026394|    0.010629|
|         164|  2.4759e-01|   -6.984008|   -9.126051|    1.002196|    0.026044|    0.010125|
|         165|  2.4765e-01|   -6.971385|   -9.103577|    1.000811|    0.025706|    0.009653|
|         166|  2.4757e-01|   -6.959724|   -9.081143|    0.999461|    0.025393|    0.009234|
|         167|  2.4796e-01|   -6.949684|   -9.058804|    0.998221|    0.025118|    0.008886|
|         168|  2.4785e-01|   -6.941478|   -9.036613|    0.997151|    0.024889|    0.008618|
|         169|  2.4770e-01|   -6.934973|   -9.014649|    0.996301|    0.024712|    0.008437|
|         170|  2.4763e-01|   -6.929814|   -8.992959|    0.995703|    0.024590|    0.008345|
|         171|  2.4754e-01|   -6.925546|   -8.971569|    0.995375|    0.024521|    0.008339|
|         172|  2.4748e-01|   -6.921735|   -8.950467|    0.995320|    0.024504|    0.008411|
|         173|  2.4788e-01|   -6.918061|   -8.929687|    0.995528|    0.024533|    0.008552|
|         174|  2.4795e-01|   -6.914382|   -8.909266|    0.995976|    0.024601|    0.008749|
|         175|  2.4800e-01|   -6.910748|   -8.889216|    0.996629|    0.024701|    0.008986|
|         176|  2.4815e-01|   -6.907373|   -8.869548|    0.997441|    0.024821|    0.009246|
|         177|  2.4802e-01|   -6.904568|   -8.850254|    0.998362|    0.024953|    0.009513|
|         178|  2.4792e-01|   -6.902673|   -8.831353|    0.999335|    0.025085|    0.009769|
|         179|  2.4836e-01|   -6.901997|   -8.812868|    1.000305|    0.025208|    0.010001|
|         180|  2.4841e-01|   -6.902765|   -8.794805|    1.001219|    0.025313|    0.010195|
|         181|  2.4843e-01|   -6.905099|   -8.777168|    1.002031|    0.025392|    0.010343|
|         182|  2.4851e-01|   -6.909011|   -8.759985|    1.002702|    0.025442|    0.010438|
|         183|  2.4859e-01|   -6.914408|   -8.743269|    1.003205|    0.025459|    0.010477|
|         184|  2.4846e-01|   -6.921117|   -8.727031|    1.003522|    0.025441|    0.010463|
|         185|  2.4835e-01|   -6.928919|   -8.711280|    1.003648|    0.025391|    0.010398|
|         186|  2.4825e-01|   -6.937579|   -8.696034|    1.003586|    0.025311|    0.010290|
|         187|  2.4840e-01|   -6.946887|   -8.681312|    1.003351|    0.025206|    0.010146|
|         188|  2.4827e-01|   -6.956683|   -8.667125|    1.002966|    0.025082|    0.009978|
|         189|  2.4822e-01|   -6.966873|   -8.653491|    1.002461|    0.024946|    0.009797|
|         190|  2.4820e-01|   -6.977431|   -8.640418|    1.001869|    0.024804|    0.009612|
|         191|  2.4815e-01|   -6.988379|   -8.627921|    1.001227|    0.024664|    0.009437|
|         192|  2.4825e-01|   -6.999763|   -8.616015|    1.000573|    0.024532|    0.009280|
|         193|  2.4833e-01|   -7.011613|   -8.604719|    0.999943|    0.024415|    0.009150|
|         194|  2.4836e-01|   -7.023917|   -8.594047|    0.999369|    0.024317|    0.009054|
|         195|  2.4825e-01|   -7.036594|   -8.584023|    0.998878|    0.024242|    0.008996|
|         196|  2.4806e-01|   -7.049490|   -8.574664|    0.998492|    0.024193|    0.008979|
|         197|  2.4793e-01|   -7.062383|   -8.565979|    0.998224|    0.024170|    0.009002|
|         198|  2.4786e-01|   -7.075011|   -8.557989|    0.998083|    0.024173|    0.009065|
|         199|  2.4777e-01|   -7.087116|   -8.550724|    0.998070|    0.024200|    0.009164|
|         200|  2.4766e-01|   -7.098486|   -8.544204|    0.998179|    0.024249|    0.009293|
|         201|  2.4755e-01|   -7.108999|   -8.538454|    0.998399|    0.024316|    0.009447|
|         202|  2.4750e-01|   -7.118652|   -8.533496|    0.998715|    0.024398|    0.009619|
|         203|  2.4746e-01|   -7.127558|   -8.529345|    0.999107|    0.024490|    0.009800|
|         204|  2.4737e-01|   -7.135929|   -8.526016|    0.999550|    0.024586|    0.009982|
|         205|  2.4730e-01|   -7.144034|   -8.523538|    1.000021|    0.024682|    0.010159|
|         206|  2.4710e-01|   -7.152154|   -8.521922|    1.000493|    0.024772|    0.010322|
|         207|  2.4696e-01|   -7.160537|   -8.521182|    1.000941|    0.024854|    0.010465|
|         208|  2.4678e-01|   -7.169356|   -8.521337|    1.001343|    0.024922|    0.010583|
|         209|  2.4655e-01|   -7.178689|   -8.522399|    1.001680|    0.024975|    0.010673|
|         210|  2.4637e-01|   -7.188512|   -8.524379|    1.001938|    0.025010|    0.010733|
|         211|  2.4626e-01|   -7.198706|   -8.527279|    1.002106|    0.025027|    0.010763|
|         212|  2.4618e-01|   -7.209085|   -8.531085|    1.002180|    0.025026|    0.010764|
|         213|  2.4609e-01|   -7.219432|   -8.535818|    1.002161|    0.025009|    0.010739|
|         214|  2.4602e-01|   -7.229545|   -8.541491|    1.002052|    0.024977|    0.010692|
|         215|  2.4597e-01|   -7.239280|   -8.548106|    1.001862|    0.024932|    0.010626|
|         216|  2.4588e-01|   -7.248577|   -8.555666|    1.001603|    0.024878|    0.010547|
|         217|  2.4584e-01|   -7.257462|   -8.564171|    1.001289|    0.024818|    0.010460|
|         218|  2.4583e-01|   -7.266032|   -8.573615|    1.000937|    0.024755|    0.010370|
|         219|  2.4577e-01|   -7.274421|   -8.583994|    1.000565|    0.024692|    0.010283|
|         220|  2.4587e-01|   -7.282762|   -8.595304|    1.000191|    0.024633|    0.010202|
|         221|  2.4591e-01|   -7.291159|   -8.607543|    0.999831|    0.024580|    0.010131|
|         222|  2.4587e-01|   -7.299669|   -8.620698|    0.999500|    0.024535|    0.010074|
|         223|  2.4605e-01|   -7.308289|   -8.634768|    0.999210|    0.024501|    0.010032|
|         224|  2.4630e-01|   -7.316962|   -8.649738|    0.998967|    0.024476|    0.010006|
|         225|  2.4647e-01|   -7.325591|   -8.665594|    0.998777|    0.024463|    0.009995|
|         226|  2.4672e-01|   -7.334062|   -8.682333|    0.998641|    0.024459|    0.009997|
|         227|  2.4713e-01|   -7.342273|   -8.699944|    0.998555|    0.024463|    0.010011|
|         228|  2.4727e-01|   -7.350157|   -8.718422|    0.998516|    0.024475|    0.010034|
|         229|  2.4748e-01|   -7.357703|   -8.737757|    0.998515|    0.024493|    0.010063|
|         230|  2.4761e-01|   -7.364957|   -8.757940|    0.998544|    0.024513|    0.010095|
|         231|  2.4813e-01|   -7.372018|   -8.778957|    0.998592|    0.024535|    0.010125|
|         232|  2.4831e-01|   -7.379015|   -8.800797|    0.998648|    0.024556|    0.010151|
|         233|  2.4844e-01|   -7.386085|   -8.823423|    0.998700|    0.024574|    0.010170|
|         234|  2.4858e-01|   -7.393342|   -8.846854|    0.998738|    0.024587|    0.010178|
|         235|  2.4875e-01|   -7.400860|   -8.871071|    0.998753|    0.024594|    0.010174|
|         236|  2.4902e-01|   -7.408654|   -8.896052|    0.998734|    0.024593|    0.010157|
|         237|  2.4916e-01|   -7.416681|   -8.921772|    0.998676|    0.024584|    0.010125|
|         238|  2.4926e-01|   -7.424841|   -8.948202|    0.998575|    0.024567|    0.010079|
|         239|  2.4937e-01|   -7.432998|   -8.975310|    0.998427|    0.024541|    0.010018|
|         240|  2.4946e-01|   -7.440998|   -9.003048|    0.998231|    0.024507|    0.009945|
|         241|  2.4971e-01|   -7.448700|   -9.031325|    0.997991|    0.024466|    0.009860|
|         242|  2.4984e-01|   -7.455994|   -9.060099|    0.997708|    0.024418|    0.009765|
|         243|  2.5015e-01|   -7.462822|   -9.089297|    0.997388|    0.024366|    0.009664|
|         244|  2.5024e-01|   -7.469182|   -9.118849|    0.997039|    0.024310|    0.009557|
|         245|  2.5037e-01|   -7.475117|   -9.148634|    0.996667|    0.024253|    0.009449|
|         246|  2.5056e-01|   -7.480703|   -9.178543|    0.996282|    0.024195|    0.009341|
|         247|  2.5065e-01|   -7.486022|   -9.208445|    0.995891|    0.024139|    0.009236|
|         248|  2.5077e-01|   -7.491143|   -9.238159|    0.995503|    0.024086|    0.009136|
|         249|  2.5111e-01|   -7.496103|   -9.267474|    0.995125|    0.024036|    0.009042|
|         250|  2.5141e-01|   -7.500902|   -9.296085|    0.994763|    0.023991|    0.008955|
+-----------------------------------------------------------------------+
|        File Writing Summary       |              Filename             |
+-----------------------------------------------------------------------+
|SU2 binary restart                 |restart_flow.dat                   |
|Paraview                           |flow.vtu                           |
|Paraview surface                   |surface_flow.vtu                   |
+-----------------------------------------------------------------------+
+------------------------------------------------------------------------------------------+
|  Inner_Iter|   Time(sec)|    rms[Rho]|     rms[nu]|          CL|          CD|         CMz|
+------------------------------------------------------------------------------------------+
|         251|  2.5198e-01|   -7.505504|   -9.323686|    0.994421|    0.023951|    0.008877|
|         252|  2.5219e-01|   -7.509849|   -9.349998|    0.994102|    0.023916|    0.008806|
|         253|  2.5250e-01|   -7.513867|   -9.374783|    0.993808|    0.023887|    0.008743|
|         254|  2.5259e-01|   -7.517493|   -9.397733|    0.993537|    0.023862|    0.008686|
|         255|  2.5274e-01|   -7.520685|   -9.418495|    0.993289|    0.023842|    0.008636|
|         256|  2.5304e-01|   -7.523427|   -9.436888|    0.993061|    0.023824|    0.008589|
|         257|  2.5322e-01|   -7.525731|   -9.452768|    0.992847|    0.023810|    0.008544|
|         258|  2.5335e-01|   -7.527635|   -9.466026|    0.992643|    0.023796|    0.008500|
|         259|  2.5363e-01|   -7.529183|   -9.476681|    0.992444|    0.023783|    0.008456|
|         260|  2.5376e-01|   -7.530423|   -9.484781|    0.992245|    0.023769|    0.008409|
|         261|  2.5386e-01|   -7.531387|   -9.490489|    0.992039|    0.023754|    0.008357|
|         262|  2.5405e-01|   -7.532092|   -9.494133|    0.991821|    0.023736|    0.008301|
|         263|  2.5425e-01|   -7.532535|   -9.495907|    0.991588|    0.023715|    0.008239|
|         264|  2.5435e-01|   -7.532697|   -9.496054|    0.991335|    0.023691|    0.008171|
|         265|  2.5442e-01|   -7.532556|   -9.494888|    0.991061|    0.023663|    0.008096|
|         266|  2.5459e-01|   -7.532097|   -9.492488|    0.990763|    0.023631|    0.008015|
|         267|  2.5482e-01|   -7.531326|   -9.489097|    0.990441|    0.023596|    0.007928|
|         268|  2.5500e-01|   -7.530277|   -9.484873|    0.990096|    0.023558|    0.007836|
|         269|  2.5524e-01|   -7.529013|   -9.480048|    0.989731|    0.023518|    0.007740|
|         270|  2.5548e-01|   -7.527628|   -9.474698|    0.989347|    0.023475|    0.007642|
|         271|  2.5568e-01|   -7.526233|   -9.469000|    0.988949|    0.023432|    0.007542|
|         272|  2.5591e-01|   -7.524948|   -9.462876|    0.988541|    0.023389|    0.007442|
|         273|  2.5621e-01|   -7.523888|   -9.456428|    0.988127|    0.023346|    0.007343|
|         274|  2.5634e-01|   -7.523155|   -9.449730|    0.987712|    0.023305|    0.007246|
|         275|  2.5649e-01|   -7.522829|   -9.442835|    0.987300|    0.023266|    0.007153|
|         276|  2.5658e-01|   -7.522963|   -9.435729|    0.986893|    0.023229|    0.007064|
|         277|  2.5671e-01|   -7.523583|   -9.428297|    0.986496|    0.023195|    0.006979|
|         278|  2.5686e-01|   -7.524690|   -9.420686|    0.986110|    0.023164|    0.006899|
|         279|  2.5701e-01|   -7.526258|   -9.413022|    0.985736|    0.023136|    0.006823|
|         280|  2.5722e-01|   -7.528245|   -9.405324|    0.985374|    0.023111|    0.006752|
|         281|  2.5744e-01|   -7.530589|   -9.397566|    0.985024|    0.023089|    0.006684|
|         282|  2.5757e-01|   -7.533218|   -9.389779|    0.984685|    0.023069|    0.006619|
|         283|  2.5762e-01|   -7.536051|   -9.382024|    0.984354|    0.023051|    0.006557|
|         284|  2.5770e-01|   -7.539004|   -9.374298|    0.984030|    0.023034|    0.006496|
|         285|  2.5789e-01|   -7.541988|   -9.366577|    0.983710|    0.023018|    0.006435|
|         286|  2.5795e-01|   -7.544917|   -9.358947|    0.983392|    0.023003|    0.006374|
|         287|  2.5813e-01|   -7.547709|   -9.351425|    0.983073|    0.022987|    0.006313|
|         288|  2.5818e-01|   -7.550289|   -9.344024|    0.982750|    0.022971|    0.006250|
|         289|  2.5820e-01|   -7.552592|   -9.336819|    0.982421|    0.022954|    0.006185|
|         290|  2.5824e-01|   -7.554567|   -9.329822|    0.982086|    0.022936|    0.006118|
|         291|  2.5826e-01|   -7.556180|   -9.322948|    0.981741|    0.022917|    0.006049|
|         292|  2.5849e-01|   -7.557415|   -9.316259|    0.981388|    0.022897|    0.005978|
|         293|  2.5855e-01|   -7.558279|   -9.309703|    0.981025|    0.022876|    0.005905|
|         294|  2.5862e-01|   -7.558797|   -9.303301|    0.980653|    0.022854|    0.005830|
|         295|  2.5881e-01|   -7.559013|   -9.297069|    0.980273|    0.022831|    0.005754|
|         296|  2.5890e-01|   -7.558985|   -9.291006|    0.979885|    0.022808|    0.005677|
|         297|  2.5899e-01|   -7.558777|   -9.285087|    0.979491|    0.022785|    0.005600|
|         298|  2.5899e-01|   -7.558460|   -9.279297|    0.979093|    0.022762|    0.005523|
|         299|  2.5915e-01|   -7.558101|   -9.273564|    0.978694|    0.022740|    0.005447|
|         300|  2.5917e-01|   -7.557761|   -9.267891|    0.978293|    0.022719|    0.005373|
|         301|  2.5921e-01|   -7.557490|   -9.262266|    0.977895|    0.022699|    0.005300|
|         302|  2.5928e-01|   -7.557329|   -9.256684|    0.977499|    0.022680|    0.005230|
|         303|  2.5929e-01|   -7.557306|   -9.251099|    0.977108|    0.022663|    0.005162|
|         304|  2.5925e-01|   -7.557436|   -9.245548|    0.976722|    0.022648|    0.005096|
|         305|  2.5927e-01|   -7.557728|   -9.240072|    0.976343|    0.022635|    0.005033|
|         306|  2.5930e-01|   -7.558180|   -9.234676|    0.975971|    0.022623|    0.004972|
|         307|  2.5930e-01|   -7.558789|   -9.229368|    0.975605|    0.022613|    0.004914|
|         308|  2.5945e-01|   -7.559546|   -9.224124|    0.975245|    0.022604|    0.004857|
|         309|  2.5950e-01|   -7.560443|   -9.218977|    0.974892|    0.022597|    0.004802|
|         310|  2.5957e-01|   -7.561470|   -9.213933|    0.974543|    0.022591|    0.004749|
|         311|  2.5975e-01|   -7.562620|   -9.209006|    0.974197|    0.022585|    0.004696|
|         312|  2.5975e-01|   -7.563888|   -9.204202|    0.973855|    0.022581|    0.004643|
|         313|  2.5977e-01|   -7.565268|   -9.199519|    0.973514|    0.022576|    0.004590|
|         314|  2.5999e-01|   -7.566756|   -9.194986|    0.973173|    0.022571|    0.004537|
|         315|  2.6015e-01|   -7.568351|   -9.190613|    0.972831|    0.022567|    0.004484|
|         316|  2.6028e-01|   -7.570049|   -9.186410|    0.972488|    0.022562|    0.004429|
|         317|  2.6031e-01|   -7.571850|   -9.182383|    0.972142|    0.022556|    0.004374|
|         318|  2.6034e-01|   -7.573751|   -9.178558|    0.971793|    0.022550|    0.004318|
|         319|  2.6038e-01|   -7.575751|   -9.174929|    0.971442|    0.022544|    0.004261|
|         320|  2.6040e-01|   -7.577848|   -9.171507|    0.971087|    0.022537|    0.004204|
|         321|  2.6053e-01|   -7.580040|   -9.168314|    0.970729|    0.022530|    0.004146|
|         322|  2.6056e-01|   -7.582326|   -9.165352|    0.970370|    0.022523|    0.004087|
|         323|  2.6079e-01|   -7.584701|   -9.162645|    0.970008|    0.022516|    0.004029|
|         324|  2.6104e-01|   -7.587163|   -9.160207|    0.969646|    0.022508|    0.003970|
|         325|  2.6114e-01|   -7.589704|   -9.158016|    0.969284|    0.022501|    0.003912|
|         326|  2.6113e-01|   -7.592319|   -9.156112|    0.968923|    0.022495|    0.003855|
|         327|  2.6123e-01|   -7.594997|   -9.154495|    0.968564|    0.022488|    0.003799|
|         328|  2.6133e-01|   -7.597729|   -9.153171|    0.968207|    0.022483|    0.003744|
|         329|  2.6142e-01|   -7.600501|   -9.152145|    0.967854|    0.022478|    0.003690|
|         330|  2.6144e-01|   -7.603301|   -9.151393|    0.967505|    0.022473|    0.003637|
|         331|  2.6148e-01|   -7.606115|   -9.150947|    0.967160|    0.022470|    0.003585|
|         332|  2.6170e-01|   -7.608931|   -9.150801|    0.966820|    0.022467|    0.003535|
|         333|  2.6214e-01|   -7.611738|   -9.150954|    0.966485|    0.022464|    0.003486|
|         334|  2.6279e-01|   -7.614526|   -9.151405|    0.966154|    0.022463|    0.003437|
|         335|  2.6314e-01|   -7.617290|   -9.152151|    0.965827|    0.022462|    0.003390|
|         336|  2.6336e-01|   -7.620024|   -9.153182|    0.965504|    0.022461|    0.003343|
|         337|  2.6340e-01|   -7.622727|   -9.154484|    0.965184|    0.022460|    0.003297|
|         338|  2.6337e-01|   -7.625399|   -9.156072|    0.964867|    0.022460|    0.003251|
|         339|  2.6339e-01|   -7.628044|   -9.157931|    0.964552|    0.022460|    0.003206|
|         340|  2.6348e-01|   -7.630667|   -9.160052|    0.964239|    0.022459|    0.003160|
|         341|  2.6371e-01|   -7.633272|   -9.162434|    0.963926|    0.022459|    0.003114|
|         342|  2.6395e-01|   -7.635867|   -9.165033|    0.963614|    0.022458|    0.003068|
|         343|  2.6398e-01|   -7.638461|   -9.167866|    0.963302|    0.022456|    0.003021|
|         344|  2.6399e-01|   -7.641062|   -9.170918|    0.962990|    0.022455|    0.002975|
|         345|  2.6402e-01|   -7.643680|   -9.174186|    0.962677|    0.022453|    0.002928|
|         346|  2.6420e-01|   -7.646325|   -9.177611|    0.962365|    0.022451|    0.002881|
|         347|  2.6433e-01|   -7.649009|   -9.181222|    0.962052|    0.022448|    0.002833|
|         348|  2.6464e-01|   -7.651740|   -9.184929|    0.961739|    0.022445|    0.002786|
|         349|  2.6497e-01|   -7.654531|   -9.188790|    0.961427|    0.022443|    0.002739|
|         350|  2.6500e-01|   -7.657388|   -9.192775|    0.961115|    0.022440|    0.002692|
|         351|  2.6505e-01|   -7.660320|   -9.196864|    0.960805|    0.022437|    0.002645|
|         352|  2.6518e-01|   -7.663332|   -9.201039|    0.960496|    0.022434|    0.002599|
|         353|  2.6534e-01|   -7.666427|   -9.205281|    0.960188|    0.022431|    0.002553|
|         354|  2.6535e-01|   -7.669604|   -9.209574|    0.959883|    0.022428|    0.002508|
|         355|  2.6534e-01|   -7.672859|   -9.213899|    0.959581|    0.022426|    0.002463|
|         356|  2.6538e-01|   -7.676185|   -9.218239|    0.959281|    0.022424|    0.002420|
|         357|  2.6567e-01|   -7.679571|   -9.222577|    0.958984|    0.022422|    0.002377|
|         358|  2.6572e-01|   -7.683005|   -9.226899|    0.958690|    0.022421|    0.002335|
|         359|  2.6571e-01|   -7.686472|   -9.231190|    0.958399|    0.022420|    0.002293|
|         360|  2.6575e-01|   -7.689954|   -9.235418|    0.958110|    0.022419|    0.002252|
|         361|  2.6585e-01|   -7.693434|   -9.239591|    0.957825|    0.022418|    0.002212|
|         362|  2.6586e-01|   -7.696897|   -9.243692|    0.957542|    0.022418|    0.002172|
|         363|  2.6593e-01|   -7.700326|   -9.247711|    0.957261|    0.022418|    0.002132|
|         364|  2.6601e-01|   -7.703708|   -9.251618|    0.956983|    0.022418|    0.002093|
|         365|  2.6602e-01|   -7.707033|   -9.255417|    0.956706|    0.022418|    0.002054|
|         366|  2.6603e-01|   -7.710294|   -9.259109|    0.956430|    0.022418|    0.002016|
|         367|  2.6603e-01|   -7.713488|   -9.262689|    0.956156|    0.022417|    0.001977|
|         368|  2.6602e-01|   -7.716614|   -9.266154|    0.955883|    0.022417|    0.001939|
|         369|  2.6610e-01|   -7.719676|   -9.269496|    0.955611|    0.022417|    0.001900|
|         370|  2.6614e-01|   -7.722682|   -9.272711|    0.955339|    0.022417|    0.001862|
|         371|  2.6614e-01|   -7.725643|   -9.275811|    0.955068|    0.022417|    0.001824|
|         372|  2.6633e-01|   -7.728569|   -9.278796|    0.954798|    0.022417|    0.001785|
|         373|  2.6647e-01|   -7.731477|   -9.281669|    0.954529|    0.022416|    0.001747|
|         374|  2.6649e-01|   -7.734380|   -9.284434|    0.954260|    0.022416|    0.001709|
|         375|  2.6655e-01|   -7.737295|   -9.287096|    0.953992|    0.022415|    0.001671|
|         376|  2.6648e-01|   -7.740236|   -9.289664|    0.953726|    0.022415|    0.001634|
|         377|  2.6668e-01|   -7.743218|   -9.292146|    0.953460|    0.022415|    0.001596|
|         378|  2.6671e-01|   -7.746252|   -9.294549|    0.953196|    0.022415|    0.001559|
|         379|  2.6670e-01|   -7.749348|   -9.296881|    0.952934|    0.022415|    0.001523|
|         380|  2.6658e-01|   -7.752514|   -9.299156|    0.952673|    0.022415|    0.001486|
|         381|  2.6643e-01|   -7.755753|   -9.301380|    0.952415|    0.022415|    0.001450|
|         382|  2.6629e-01|   -7.759067|   -9.303564|    0.952158|    0.022416|    0.001415|
|         383|  2.6613e-01|   -7.762455|   -9.305717|    0.951903|    0.022416|    0.001380|
|         384|  2.6599e-01|   -7.765913|   -9.307849|    0.951651|    0.022417|    0.001346|
|         385|  2.6587e-01|   -7.769433|   -9.309969|    0.951400|    0.022418|    0.001312|
|         386|  2.6581e-01|   -7.773008|   -9.312101|    0.951152|    0.022419|    0.001278|
|         387|  2.6572e-01|   -7.776628|   -9.314201|    0.950906|    0.022420|    0.001244|
|         388|  2.6563e-01|   -7.780281|   -9.316327|    0.950662|    0.022422|    0.001211|
|         389|  2.6554e-01|   -7.783956|   -9.318475|    0.950420|    0.022423|    0.001179|
|         390|  2.6546e-01|   -7.787641|   -9.320654|    0.950179|    0.022425|    0.001146|
|         391|  2.6536e-01|   -7.791324|   -9.322870|    0.949940|    0.022426|    0.001114|
|         392|  2.6526e-01|   -7.794996|   -9.325130|    0.949703|    0.022428|    0.001082|
|         393|  2.6516e-01|   -7.798646|   -9.327442|    0.949467|    0.022429|    0.001050|
|         394|  2.6508e-01|   -7.802266|   -9.329804|    0.949233|    0.022431|    0.001018|
|         395|  2.6499e-01|   -7.805851|   -9.332218|    0.949000|    0.022432|    0.000986|
|         396|  2.6491e-01|   -7.809395|   -9.334699|    0.948768|    0.022434|    0.000954|
|         397|  2.6487e-01|   -7.812897|   -9.337244|    0.948537|    0.022435|    0.000923|
|         398|  2.6478e-01|   -7.816356|   -9.339855|    0.948307|    0.022436|    0.000891|
|         399|  2.6470e-01|   -7.819774|   -9.342533|    0.948079|    0.022438|    0.000860|
|         400|  2.6461e-01|   -7.823154|   -9.345279|    0.947851|    0.022439|    0.000829|
|         401|  2.6453e-01|   -7.826503|   -9.348091|    0.947625|    0.022440|    0.000798|
|         402|  2.6440e-01|   -7.829826|   -9.350969|    0.947401|    0.022441|    0.000767|
|         403|  2.6428e-01|   -7.833131|   -9.353912|    0.947177|    0.022442|    0.000736|
|         404|  2.6419e-01|   -7.836426|   -9.356915|    0.946955|    0.022443|    0.000706|
|         405|  2.6411e-01|   -7.839719|   -9.359975|    0.946735|    0.022444|    0.000676|
|         406|  2.6402e-01|   -7.843020|   -9.363100|    0.946516|    0.022445|    0.000646|
|         407|  2.6391e-01|   -7.846336|   -9.366245|    0.946299|    0.022447|    0.000616|
|         408|  2.6378e-01|   -7.849674|   -9.369439|    0.946083|    0.022448|    0.000587|
|         409|  2.6367e-01|   -7.853041|   -9.372670|    0.945869|    0.022449|    0.000557|
|         410|  2.6353e-01|   -7.856442|   -9.375931|    0.945657|    0.022450|    0.000529|
|         411|  2.6338e-01|   -7.859882|   -9.379213|    0.945446|    0.022452|    0.000500|
|         412|  2.6324e-01|   -7.863362|   -9.382520|    0.945237|    0.022453|    0.000472|
|         413|  2.6309e-01|   -7.866884|   -9.385840|    0.945029|    0.022454|    0.000444|
|         414|  2.6300e-01|   -7.870448|   -9.389166|    0.944823|    0.022456|    0.000416|
|         415|  2.6288e-01|   -7.874051|   -9.392489|    0.944619|    0.022457|    0.000388|
|         416|  2.6273e-01|   -7.877693|   -9.395804|    0.944416|    0.022459|    0.000361|
|         417|  2.6259e-01|   -7.881368|   -9.399104|    0.944214|    0.022460|    0.000334|
|         418|  2.6245e-01|   -7.885072|   -9.402384|    0.944014|    0.022461|    0.000307|
|         419|  2.6236e-01|   -7.888800|   -9.405640|    0.943814|    0.022463|    0.000280|
|         420|  2.6221e-01|   -7.892546|   -9.408859|    0.943616|    0.022464|    0.000253|
|         421|  2.6209e-01|   -7.896306|   -9.412038|    0.943419|    0.022465|    0.000226|
|         422|  2.6195e-01|   -7.900072|   -9.415196|    0.943224|    0.022467|    0.000200|
|         423|  2.6180e-01|   -7.903839|   -9.418259|    0.943029|    0.022468|    0.000173|
|         424|  2.6168e-01|   -7.907603|   -9.421287|    0.942835|    0.022469|    0.000147|
|         425|  2.6154e-01|   -7.911360|   -9.424264|    0.942642|    0.022470|    0.000121|
|         426|  2.6140e-01|   -7.915104|   -9.427187|    0.942450|    0.022471|    0.000095|
|         427|  2.6127e-01|   -7.918835|   -9.430055|    0.942260|    0.022473|    0.000069|
|         428|  2.6114e-01|   -7.922548|   -9.432869|    0.942070|    0.022474|    0.000044|
|         429|  2.6101e-01|   -7.926244|   -9.435629|    0.941882|    0.022475|    0.000018|
|         430|  2.6093e-01|   -7.929922|   -9.438335|    0.941694|    0.022476|   -0.000007|
|         431|  2.6085e-01|   -7.933581|   -9.440989|    0.941508|    0.022477|   -0.000032|
|         432|  2.6077e-01|   -7.937223|   -9.443593|    0.941323|    0.022479|   -0.000057|
|         433|  2.6068e-01|   -7.940848|   -9.446151|    0.941139|    0.022480|   -0.000082|
|         434|  2.6060e-01|   -7.944459|   -9.448659|    0.940957|    0.022481|   -0.000106|
|         435|  2.6053e-01|   -7.948057|   -9.451095|    0.940775|    0.022482|   -0.000131|
|         436|  2.6046e-01|   -7.951644|   -9.453498|    0.940595|    0.022484|   -0.000155|
|         437|  2.6036e-01|   -7.955222|   -9.455871|    0.940416|    0.022485|   -0.000179|
|         438|  2.6027e-01|   -7.958792|   -9.458195|    0.940238|    0.022486|   -0.000202|
|         439|  2.6014e-01|   -7.962357|   -9.460479|    0.940061|    0.022488|   -0.000226|
|         440|  2.6003e-01|   -7.965917|   -9.462747|    0.939886|    0.022489|   -0.000249|
|         441|  2.5991e-01|   -7.969474|   -9.465003|    0.939712|    0.022491|   -0.000273|
|         442|  2.5982e-01|   -7.973029|   -9.467252|    0.939538|    0.022492|   -0.000296|
|         443|  2.5971e-01|   -7.976580|   -9.469501|    0.939366|    0.022494|   -0.000319|
|         444|  2.5959e-01|   -7.980129|   -9.471757|    0.939195|    0.022495|   -0.000341|
|         445|  2.5961e-01|   -7.983674|   -9.474027|    0.939025|    0.022496|   -0.000364|
|         446|  2.5954e-01|   -7.987215|   -9.476318|    0.938856|    0.022498|   -0.000387|
|         447|  2.5948e-01|   -7.990750|   -9.478639|    0.938688|    0.022499|   -0.000409|
|         448|  2.5941e-01|   -7.994277|   -9.480988|    0.938521|    0.022501|   -0.000431|
|         449|  2.5935e-01|   -7.997794|   -9.483373|    0.938355|    0.022502|   -0.000453|
|         450|  2.5931e-01|   -8.001299|   -9.485791|    0.938190|    0.022503|   -0.000475|
|         451|  2.5924e-01|   -8.004790|   -9.488257|    0.938026|    0.022505|   -0.000497|
|         452|  2.5918e-01|   -8.008265|   -9.490765|    0.937863|    0.022506|   -0.000519|
|         453|  2.5916e-01|   -8.011721|   -9.493320|    0.937701|    0.022507|   -0.000541|
|         454|  2.5910e-01|   -8.015156|   -9.495914|    0.937540|    0.022509|   -0.000562|
|         455|  2.5903e-01|   -8.018568|   -9.498560|    0.937380|    0.022510|   -0.000584|
|         456|  2.5895e-01|   -8.021957|   -9.501263|    0.937220|    0.022511|   -0.000605|
|         457|  2.5887e-01|   -8.025321|   -9.503985|    0.937062|    0.022513|   -0.000626|
|         458|  2.5881e-01|   -8.028659|   -9.506742|    0.936905|    0.022514|   -0.000647|
|         459|  2.5874e-01|   -8.031972|   -9.509545|    0.936749|    0.022515|   -0.000668|
|         460|  2.5874e-01|   -8.035260|   -9.512384|    0.936594|    0.022517|   -0.000688|
|         461|  2.5881e-01|   -8.038524|   -9.515258|    0.936440|    0.022518|   -0.000709|
|         462|  2.5882e-01|   -8.041765|   -9.518165|    0.936288|    0.022519|   -0.000729|
|         463|  2.5885e-01|   -8.044987|   -9.521100|    0.936136|    0.022520|   -0.000749|
|         464|  2.5895e-01|   -8.048192|   -9.524058|    0.935985|    0.022522|   -0.000770|
|         465|  2.5901e-01|   -8.051382|   -9.527042|    0.935835|    0.022523|   -0.000789|
|         466|  2.5913e-01|   -8.054561|   -9.530043|    0.935686|    0.022524|   -0.000809|
|         467|  2.5923e-01|   -8.057734|   -9.533058|    0.935538|    0.022526|   -0.000829|
|         468|  2.5935e-01|   -8.060903|   -9.536082|    0.935391|    0.022527|   -0.000849|
|         469|  2.5937e-01|   -8.064073|   -9.539111|    0.935245|    0.022528|   -0.000868|
|         470|  2.5941e-01|   -8.067248|   -9.542140|    0.935100|    0.022530|   -0.000887|
|         471|  2.5943e-01|   -8.070431|   -9.545165|    0.934956|    0.022531|   -0.000906|
|         472|  2.5950e-01|   -8.073626|   -9.548182|    0.934812|    0.022532|   -0.000926|
|         473|  2.5955e-01|   -8.076835|   -9.551187|    0.934670|    0.022533|   -0.000945|
|         474|  2.5961e-01|   -8.080062|   -9.554176|    0.934528|    0.022534|   -0.000963|
|         475|  2.5972e-01|   -8.083309|   -9.557146|    0.934387|    0.022536|   -0.000982|
|         476|  2.5976e-01|   -8.086576|   -9.560095|    0.934247|    0.022537|   -0.001001|
|         477|  2.5991e-01|   -8.089866|   -9.563020|    0.934108|    0.022538|   -0.001019|
|         478|  2.6003e-01|   -8.093178|   -9.565923|    0.933969|    0.022539|   -0.001038|
|         479|  2.6007e-01|   -8.096512|   -9.568791|    0.933832|    0.022540|   -0.001056|
|         480|  2.6011e-01|   -8.099866|   -9.571623|    0.933695|    0.022541|   -0.001074|
|         481|  2.6015e-01|   -8.103240|   -9.574413|    0.933559|    0.022542|   -0.001092|
|         482|  2.6016e-01|   -8.106630|   -9.577172|    0.933424|    0.022544|   -0.001111|
|         483|  2.6024e-01|   -8.110033|   -9.579897|    0.933289|    0.022545|   -0.001128|
|         484|  2.6031e-01|   -8.113447|   -9.582583|    0.933155|    0.022546|   -0.001146|
|         485|  2.6032e-01|   -8.116867|   -9.585227|    0.933022|    0.022547|   -0.001164|
|         486|  2.6035e-01|   -8.120289|   -9.587835|    0.932890|    0.022548|   -0.001181|
|         487|  2.6036e-01|   -8.123708|   -9.590404|    0.932759|    0.022549|   -0.001199|
|         488|  2.6045e-01|   -8.127120|   -9.592934|    0.932628|    0.022550|   -0.001216|
|         489|  2.6052e-01|   -8.130522|   -9.595426|    0.932498|    0.022551|   -0.001233|
|         490|  2.6066e-01|   -8.133907|   -9.597880|    0.932369|    0.022552|   -0.001251|
|         491|  2.6080e-01|   -8.137272|   -9.600303|    0.932240|    0.022553|   -0.001268|
|         492|  2.6082e-01|   -8.140614|   -9.602700|    0.932112|    0.022554|   -0.001285|
|         493|  2.6087e-01|   -8.143930|   -9.605081|    0.931985|    0.022556|   -0.001301|
|         494|  2.6102e-01|   -8.147216|   -9.607370|    0.931859|    0.022557|   -0.001318|
|         495|  2.6112e-01|   -8.150470|   -9.609659|    0.931733|    0.022558|   -0.001335|
|         496|  2.6116e-01|   -8.153692|   -9.611924|    0.931608|    0.022559|   -0.001351|
|         497|  2.6124e-01|   -8.156879|   -9.614167|    0.931484|    0.022560|   -0.001368|
|         498|  2.6128e-01|   -8.160033|   -9.616401|    0.931360|    0.022561|   -0.001384|
|         499|  2.6142e-01|   -8.163153|   -9.618587|    0.931237|    0.022562|   -0.001400|
|         500|  2.6162e-01|   -8.166240|   -9.620739|    0.931115|    0.022563|   -0.001417|
+-----------------------------------------------------------------------+
|        File Writing Summary       |              Filename             |
+-----------------------------------------------------------------------+
|SU2 binary restart                 |restart_flow.dat                   |
|Paraview                           |flow.vtu                           |
|Paraview surface                   |surface_flow.vtu                   |
+-----------------------------------------------------------------------+
+------------------------------------------------------------------------------------------+
|  Inner_Iter|   Time(sec)|    rms[Rho]|     rms[nu]|          CL|          CD|         CMz|
+------------------------------------------------------------------------------------------+
|         501|  2.6213e-01|   -8.169296|   -9.622882|    0.930993|    0.022564|   -0.001433|
|         502|  2.6226e-01|   -8.172323|   -9.625016|    0.930872|    0.022565|   -0.001449|
|         503|  2.6253e-01|   -8.175322|   -9.627143|    0.930751|    0.022566|   -0.001465|
|         504|  2.6261e-01|   -8.178297|   -9.629261|    0.930631|    0.022567|   -0.001481|
|         505|  2.6265e-01|   -8.181249|   -9.631372|    0.930512|    0.022568|   -0.001496|
|         506|  2.6266e-01|   -8.184182|   -9.633480|    0.930393|    0.022569|   -0.001512|
|         507|  2.6273e-01|   -8.187098|   -9.635586|    0.930275|    0.022570|   -0.001528|
|         508|  2.6277e-01|   -8.190000|   -9.637686|    0.930158|    0.022571|   -0.001543|
|         509|  2.6282e-01|   -8.192890|   -9.639795|    0.930041|    0.022572|   -0.001559|
|         510|  2.6286e-01|   -8.195770|   -9.641912|    0.929925|    0.022573|   -0.001574|
|         511|  2.6287e-01|   -8.198642|   -9.644039|    0.929809|    0.022574|   -0.001589|
|         512|  2.6298e-01|   -8.201508|   -9.646173|    0.929694|    0.022575|   -0.001604|
|         513|  2.6298e-01|   -8.204370|   -9.648315|    0.929580|    0.022576|   -0.001620|
|         514|  2.6301e-01|   -8.207228|   -9.650459|    0.929466|    0.022577|   -0.001635|
|         515|  2.6302e-01|   -8.210085|   -9.652622|    0.929353|    0.022578|   -0.001650|
|         516|  2.6305e-01|   -8.212940|   -9.654804|    0.929241|    0.022579|   -0.001664|
|         517|  2.6302e-01|   -8.215795|   -9.657002|    0.929129|    0.022580|   -0.001679|
|         518|  2.6309e-01|   -8.218650|   -9.659216|    0.929017|    0.022581|   -0.001694|
|         519|  2.6319e-01|   -8.221506|   -9.661446|    0.928907|    0.022582|   -0.001709|
|         520|  2.6321e-01|   -8.224363|   -9.663678|    0.928796|    0.022583|   -0.001723|
|         521|  2.6326e-01|   -8.227222|   -9.665885|    0.928687|    0.022584|   -0.001738|
|         522|  2.6339e-01|   -8.230082|   -9.668108|    0.928578|    0.022585|   -0.001752|
|         523|  2.6346e-01|   -8.232945|   -9.670344|    0.928470|    0.022586|   -0.001766|
|         524|  2.6357e-01|   -8.235811|   -9.672590|    0.928362|    0.022587|   -0.001780|
|         525|  2.6373e-01|   -8.238680|   -9.674889|    0.928254|    0.022588|   -0.001795|
|         526|  2.6379e-01|   -8.241553|   -9.677082|    0.928148|    0.022588|   -0.001809|
|         527|  2.6385e-01|   -8.244430|   -9.679314|    0.928042|    0.022589|   -0.001823|
|         528|  2.6388e-01|   -8.247313|   -9.681551|    0.927936|    0.022590|   -0.001837|
|         529|  2.6389e-01|   -8.250201|   -9.683793|    0.927831|    0.022591|   -0.001851|
|         530|  2.6391e-01|   -8.253095|   -9.686060|    0.927727|    0.022592|   -0.001864|
|         531|  2.6393e-01|   -8.255995|   -9.688267|    0.927623|    0.022593|   -0.001878|
|         532|  2.6392e-01|   -8.258903|   -9.690469|    0.927519|    0.022594|   -0.001892|
|         533|  2.6391e-01|   -8.261818|   -9.692672|    0.927417|    0.022594|   -0.001905|
|         534|  2.6398e-01|   -8.264740|   -9.694875|    0.927314|    0.022595|   -0.001919|
|         535|  2.6403e-01|   -8.267670|   -9.697071|    0.927212|    0.022596|   -0.001932|
|         536|  2.6424e-01|   -8.270607|   -9.699261|    0.927111|    0.022597|   -0.001946|
|         537|  2.6438e-01|   -8.273551|   -9.701442|    0.927011|    0.022598|   -0.001959|
|         538|  2.6439e-01|   -8.276502|   -9.703613|    0.926910|    0.022599|   -0.001972|
|         539|  2.6447e-01|   -8.279458|   -9.705778|    0.926811|    0.022599|   -0.001985|
|         540|  2.6448e-01|   -8.282420|   -9.707932|    0.926712|    0.022600|   -0.001998|
|         541|  2.6452e-01|   -8.285385|   -9.710075|    0.926613|    0.022601|   -0.002011|
|         542|  2.6453e-01|   -8.288354|   -9.712206|    0.926515|    0.022602|   -0.002024|
|         543|  2.6456e-01|   -8.291325|   -9.714326|    0.926417|    0.022603|   -0.002037|
|         544|  2.6461e-01|   -8.294295|   -9.716438|    0.926320|    0.022603|   -0.002050|
|         545|  2.6470e-01|   -8.297266|   -9.718531|    0.926224|    0.022604|   -0.002062|
|         546|  2.6476e-01|   -8.300234|   -9.720604|    0.926128|    0.022605|   -0.002075|
|         547|  2.6493e-01|   -8.303198|   -9.722660|    0.926032|    0.022606|   -0.002087|
|         548|  2.6514e-01|   -8.306158|   -9.724687|    0.925937|    0.022607|   -0.002100|
|         549|  2.6521e-01|   -8.309113|   -9.726719|    0.925842|    0.022607|   -0.002112|
|         550|  2.6524e-01|   -8.312060|   -9.728738|    0.925748|    0.022608|   -0.002125|
|         551|  2.6529e-01|   -8.315000|   -9.730747|    0.925654|    0.022609|   -0.002137|
|         552|  2.6531e-01|   -8.317932|   -9.732747|    0.925561|    0.022610|   -0.002149|
|         553|  2.6536e-01|   -8.320855|   -9.734739|    0.925469|    0.022610|   -0.002161|
|         554|  2.6543e-01|   -8.323768|   -9.736725|    0.925376|    0.022611|   -0.002173|
|         555|  2.6556e-01|   -8.326673|   -9.738705|    0.925284|    0.022612|   -0.002185|
|         556|  2.6565e-01|   -8.329567|   -9.740681|    0.925193|    0.022613|   -0.002197|
|         557|  2.6579e-01|   -8.332453|   -9.742653|    0.925102|    0.022614|   -0.002209|
|         558|  2.6584e-01|   -8.335329|   -9.744622|    0.925012|    0.022614|   -0.002221|
|         559|  2.6586e-01|   -8.338197|   -9.746587|    0.924922|    0.022615|   -0.002233|
|         560|  2.6592e-01|   -8.341057|   -9.748551|    0.924832|    0.022616|   -0.002244|
|         561|  2.6596e-01|   -8.343910|   -9.750514|    0.924743|    0.022617|   -0.002256|
|         562|  2.6605e-01|   -8.346756|   -9.752475|    0.924655|    0.022617|   -0.002267|
|         563|  2.6607e-01|   -8.349596|   -9.754434|    0.924566|    0.022618|   -0.002279|
|         564|  2.6618e-01|   -8.352430|   -9.756395|    0.924479|    0.022619|   -0.002290|
|         565|  2.6619e-01|   -8.355260|   -9.758360|    0.924391|    0.022620|   -0.002302|
|         566|  2.6619e-01|   -8.358085|   -9.760325|    0.924304|    0.022621|   -0.002313|
|         567|  2.6633e-01|   -8.360908|   -9.762290|    0.924218|    0.022621|   -0.002324|
|         568|  2.6642e-01|   -8.363727|   -9.764285|    0.924132|    0.022622|   -0.002335|
|         569|  2.6652e-01|   -8.366544|   -9.766255|    0.924046|    0.022623|   -0.002346|
|         570|  2.6653e-01|   -8.369359|   -9.768166|    0.923961|    0.022624|   -0.002357|
|         571|  2.6653e-01|   -8.372172|   -9.770108|    0.923877|    0.022624|   -0.002368|
|         572|  2.6658e-01|   -8.374983|   -9.772056|    0.923792|    0.022625|   -0.002379|
|         573|  2.6660e-01|   -8.377793|   -9.774011|    0.923709|    0.022626|   -0.002390|
|         574|  2.6673e-01|   -8.380602|   -9.775976|    0.923625|    0.022627|   -0.002401|
|         575|  2.6674e-01|   -8.383409|   -9.777949|    0.923542|    0.022627|   -0.002412|
|         576|  2.6673e-01|   -8.386216|   -9.779934|    0.923459|    0.022628|   -0.002422|
|         577|  2.6686e-01|   -8.389020|   -9.781934|    0.923377|    0.022629|   -0.002433|
|         578|  2.6704e-01|   -8.391823|   -9.783938|    0.923296|    0.022630|   -0.002444|
|         579|  2.6728e-01|   -8.394625|   -9.785945|    0.923214|    0.022630|   -0.002454|
|         580|  2.6731e-01|   -8.397424|   -9.787961|    0.923133|    0.022631|   -0.002465|
|         581|  2.6741e-01|   -8.400222|   -9.789966|    0.923053|    0.022632|   -0.002475|
|         582|  2.6750e-01|   -8.403018|   -9.792006|    0.922973|    0.022633|   -0.002485|
|         583|  2.6753e-01|   -8.405811|   -9.794060|    0.922893|    0.022634|   -0.002496|
|         584|  2.6760e-01|   -8.408603|   -9.796170|    0.922814|    0.022634|   -0.002506|
|         585|  2.6779e-01|   -8.411393|   -9.798153|    0.922735|    0.022635|   -0.002516|
|         586|  2.6781e-01|   -8.414181|   -9.800189|    0.922656|    0.022636|   -0.002526|
|         587|  2.6786e-01|   -8.416967|   -9.802236|    0.922578|    0.022637|   -0.002536|
|         588|  2.6803e-01|   -8.419752|   -9.804289|    0.922500|    0.022637|   -0.002546|
|         589|  2.6815e-01|   -8.422535|   -9.806350|    0.922423|    0.022638|   -0.002556|
|         590|  2.6815e-01|   -8.425318|   -9.808418|    0.922346|    0.022639|   -0.002566|
|         591|  2.6819e-01|   -8.428101|   -9.810491|    0.922270|    0.022640|   -0.002576|
|         592|  2.6825e-01|   -8.430883|   -9.812569|    0.922193|    0.022640|   -0.002586|
|         593|  2.6839e-01|   -8.433666|   -9.814653|    0.922118|    0.022641|   -0.002595|
|         594|  2.6865e-01|   -8.436449|   -9.816740|    0.922042|    0.022642|   -0.002605|
|         595|  2.6870e-01|   -8.439234|   -9.818829|    0.921967|    0.022642|   -0.002615|
|         596|  2.6873e-01|   -8.442020|   -9.820922|    0.921893|    0.022643|   -0.002624|
|         597|  2.6882e-01|   -8.444808|   -9.823017|    0.921819|    0.022644|   -0.002634|
|         598|  2.6896e-01|   -8.447598|   -9.825117|    0.921745|    0.022645|   -0.002643|
|         599|  2.6899e-01|   -8.450391|   -9.827219|    0.921671|    0.022645|   -0.002653|
|         600|  2.6899e-01|   -8.453187|   -9.829323|    0.921598|    0.022646|   -0.002662|
|         601|  2.6902e-01|   -8.455985|   -9.831431|    0.921525|    0.022647|   -0.002671|
|         602|  2.6909e-01|   -8.458787|   -9.833543|    0.921453|    0.022648|   -0.002681|
|         603|  2.6909e-01|   -8.461592|   -9.835657|    0.921381|    0.022648|   -0.002690|
|         604|  2.6910e-01|   -8.464400|   -9.837776|    0.921309|    0.022649|   -0.002699|
|         605|  2.6910e-01|   -8.467212|   -9.839903|    0.921238|    0.022650|   -0.002708|
|         606|  2.6912e-01|   -8.470026|   -9.842058|    0.921167|    0.022650|   -0.002717|
|         607|  2.6911e-01|   -8.472843|   -9.844192|    0.921097|    0.022651|   -0.002726|
|         608|  2.6923e-01|   -8.475664|   -9.846265|    0.921026|    0.022652|   -0.002735|
|         609|  2.6939e-01|   -8.478486|   -9.848388|    0.920956|    0.022653|   -0.002744|
|         610|  2.6948e-01|   -8.481311|   -9.850505|    0.920887|    0.022653|   -0.002753|
|         611|  2.6952e-01|   -8.484138|   -9.852616|    0.920818|    0.022654|   -0.002762|
|         612|  2.6953e-01|   -8.486967|   -9.854727|    0.920749|    0.022655|   -0.002771|
|         613|  2.6956e-01|   -8.489798|   -9.856819|    0.920680|    0.022655|   -0.002779|
|         614|  2.6957e-01|   -8.492629|   -9.858922|    0.920612|    0.022656|   -0.002788|
|         615|  2.6959e-01|   -8.495462|   -9.861038|    0.920544|    0.022657|   -0.002797|
|         616|  2.6968e-01|   -8.498295|   -9.863151|    0.920477|    0.022657|   -0.002805|
|         617|  2.6972e-01|   -8.501129|   -9.865263|    0.920410|    0.022658|   -0.002814|
|         618|  2.6969e-01|   -8.503963|   -9.867387|    0.920343|    0.022659|   -0.002822|
|         619|  2.6963e-01|   -8.506797|   -9.869514|    0.920276|    0.022660|   -0.002831|
|         620|  2.6957e-01|   -8.509631|   -9.871644|    0.920210|    0.022660|   -0.002839|
|         621|  2.6947e-01|   -8.512465|   -9.873777|    0.920144|    0.022661|   -0.002848|
|         622|  2.6937e-01|   -8.515298|   -9.875913|    0.920078|    0.022662|   -0.002856|
|         623|  2.6927e-01|   -8.518131|   -9.878052|    0.920013|    0.022662|   -0.002864|
|         624|  2.6918e-01|   -8.520963|   -9.880194|    0.919948|    0.022663|   -0.002872|
|         625|  2.6909e-01|   -8.523795|   -9.882339|    0.919884|    0.022664|   -0.002881|
|         626|  2.6899e-01|   -8.526626|   -9.884487|    0.919819|    0.022665|   -0.002889|
|         627|  2.6889e-01|   -8.529456|   -9.886640|    0.919755|    0.022665|   -0.002897|
|         628|  2.6879e-01|   -8.532285|   -9.888794|    0.919691|    0.022666|   -0.002905|
|         629|  2.6870e-01|   -8.535112|   -9.890955|    0.919628|    0.022667|   -0.002913|
|         630|  2.6861e-01|   -8.537939|   -9.893122|    0.919565|    0.022667|   -0.002921|
|         631|  2.6851e-01|   -8.540763|   -9.895292|    0.919502|    0.022668|   -0.002929|
|         632|  2.6842e-01|   -8.543587|   -9.897467|    0.919440|    0.022669|   -0.002937|
|         633|  2.6833e-01|   -8.546408|   -9.899647|    0.919378|    0.022669|   -0.002945|
|         634|  2.6826e-01|   -8.549227|   -9.901834|    0.919316|    0.022670|   -0.002953|
|         635|  2.6818e-01|   -8.552044|   -9.904027|    0.919254|    0.022671|   -0.002960|
|         636|  2.6809e-01|   -8.554859|   -9.906226|    0.919193|    0.022671|   -0.002968|
|         637|  2.6800e-01|   -8.557671|   -9.908433|    0.919132|    0.022672|   -0.002976|
|         638|  2.6791e-01|   -8.560480|   -9.910648|    0.919071|    0.022673|   -0.002983|
|         639|  2.6783e-01|   -8.563286|   -9.912878|    0.919011|    0.022673|   -0.002991|
|         640|  2.6774e-01|   -8.566089|   -9.915120|    0.918951|    0.022674|   -0.002999|
|         641|  2.6766e-01|   -8.568889|   -9.917376|    0.918891|    0.022675|   -0.003006|
|         642|  2.6756e-01|   -8.571685|   -9.919637|    0.918831|    0.022675|   -0.003014|
|         643|  2.6747e-01|   -8.574477|   -9.921872|    0.918772|    0.022676|   -0.003021|
|         644|  2.6738e-01|   -8.577266|   -9.924031|    0.918713|    0.022677|   -0.003029|
|         645|  2.6729e-01|   -8.580051|   -9.926214|    0.918655|    0.022677|   -0.003036|
|         646|  2.6720e-01|   -8.582832|   -9.928429|    0.918596|    0.022678|   -0.003043|
|         647|  2.6710e-01|   -8.585609|   -9.930650|    0.918538|    0.022679|   -0.003051|
|         648|  2.6701e-01|   -8.588381|   -9.932870|    0.918481|    0.022679|   -0.003058|
|         649|  2.6693e-01|   -8.591150|   -9.935092|    0.918423|    0.022680|   -0.003065|
|         650|  2.6687e-01|   -8.593915|   -9.937313|    0.918366|    0.022681|   -0.003072|
|         651|  2.6679e-01|   -8.596677|   -9.939535|    0.918309|    0.022681|   -0.003079|
|         652|  2.6671e-01|   -8.599435|   -9.941756|    0.918253|    0.022682|   -0.003086|
|         653|  2.6664e-01|   -8.602189|   -9.943975|    0.918196|    0.022683|   -0.003094|
|         654|  2.6654e-01|   -8.604941|   -9.946192|    0.918140|    0.022683|   -0.003101|
|         655|  2.6647e-01|   -8.607690|   -9.948406|    0.918084|    0.022684|   -0.003108|
|         656|  2.6639e-01|   -8.610436|   -9.950616|    0.918029|    0.022685|   -0.003115|
|         657|  2.6629e-01|   -8.613180|   -9.952820|    0.917974|    0.022685|   -0.003121|
|         658|  2.6622e-01|   -8.615921|   -9.955018|    0.917919|    0.022686|   -0.003128|
|         659|  2.6615e-01|   -8.618661|   -9.957210|    0.917864|    0.022687|   -0.003135|
|         660|  2.6608e-01|   -8.621398|   -9.959394|    0.917810|    0.022687|   -0.003142|
|         661|  2.6599e-01|   -8.624134|   -9.961570|    0.917756|    0.022688|   -0.003149|
|         662|  2.6590e-01|   -8.626869|   -9.963738|    0.917702|    0.022689|   -0.003156|
|         663|  2.6582e-01|   -8.629601|   -9.965899|    0.917648|    0.022689|   -0.003162|
|         664|  2.6574e-01|   -8.632333|   -9.968053|    0.917595|    0.022690|   -0.003169|
|         665|  2.6567e-01|   -8.635063|   -9.970202|    0.917542|    0.022691|   -0.003176|
|         666|  2.6557e-01|   -8.637792|   -9.972354|    0.917489|    0.022691|   -0.003182|
|         667|  2.6549e-01|   -8.640520|   -9.974584|    0.917436|    0.022692|   -0.003189|
|         668|  2.6542e-01|   -8.643247|   -9.976640|    0.917384|    0.022692|   -0.003195|
|         669|  2.6535e-01|   -8.645973|   -9.978717|    0.917332|    0.022693|   -0.003202|
|         670|  2.6527e-01|   -8.648697|   -9.980799|    0.917280|    0.022694|   -0.003208|
|         671|  2.6518e-01|   -8.651421|   -9.982880|    0.917229|    0.022694|   -0.003215|
|         672|  2.6509e-01|   -8.654143|   -9.984950|    0.917178|    0.022695|   -0.003221|
|         673|  2.6501e-01|   -8.656864|   -9.987027|    0.917127|    0.022696|   -0.003227|
|         674|  2.6493e-01|   -8.659583|   -9.989130|    0.917076|    0.022696|   -0.003234|
|         675|  2.6485e-01|   -8.662301|   -9.991211|    0.917025|    0.022697|   -0.003240|
|         676|  2.6476e-01|   -8.665018|   -9.993256|    0.916975|    0.022698|   -0.003246|
|         677|  2.6468e-01|   -8.667732|   -9.995311|    0.916925|    0.022698|   -0.003252|
|         678|  2.6460e-01|   -8.670445|   -9.997403|    0.916875|    0.022699|   -0.003259|
|         679|  2.6452e-01|   -8.673156|   -9.999499|    0.916826|    0.022699|   -0.003265|
|         680|  2.6446e-01|   -8.675865|  -10.001621|    0.916777|    0.022700|   -0.003271|
|         681|  2.6440e-01|   -8.678572|  -10.003757|    0.916728|    0.022701|   -0.003277|
|         682|  2.6432e-01|   -8.681276|  -10.005909|    0.916679|    0.022701|   -0.003283|
|         683|  2.6424e-01|   -8.683979|  -10.008072|    0.916630|    0.022702|   -0.003289|
|         684|  2.6415e-01|   -8.686678|  -10.010243|    0.916582|    0.022703|   -0.003295|
|         685|  2.6407e-01|   -8.689375|  -10.012435|    0.916534|    0.022703|   -0.003301|
|         686|  2.6399e-01|   -8.692070|  -10.014640|    0.916486|    0.022704|   -0.003307|
|         687|  2.6391e-01|   -8.694761|  -10.016855|    0.916438|    0.022704|   -0.003313|
|         688|  2.6382e-01|   -8.697449|  -10.019073|    0.916391|    0.022705|   -0.003319|
|         689|  2.6374e-01|   -8.700134|  -10.021300|    0.916344|    0.022706|   -0.003325|
|         690|  2.6365e-01|   -8.702816|  -10.023534|    0.916297|    0.022706|   -0.003330|
|         691|  2.6357e-01|   -8.705494|  -10.025780|    0.916250|    0.022707|   -0.003336|
|         692|  2.6348e-01|   -8.708168|  -10.028046|    0.916204|    0.022707|   -0.003342|
|         693|  2.6340e-01|   -8.710838|  -10.030320|    0.916157|    0.022708|   -0.003348|
|         694|  2.6332e-01|   -8.713503|  -10.032647|    0.916111|    0.022709|   -0.003353|
|         695|  2.6326e-01|   -8.716163|  -10.034778|    0.916066|    0.022709|   -0.003359|
|         696|  2.6320e-01|   -8.718819|  -10.036983|    0.916020|    0.022710|   -0.003365|
|         697|  2.6313e-01|   -8.721468|  -10.039144|    0.915975|    0.022710|   -0.003370|
|         698|  2.6305e-01|   -8.724112|  -10.041395|    0.915929|    0.022711|   -0.003376|
|         699|  2.6297e-01|   -8.726750|  -10.043658|    0.915885|    0.022712|   -0.003381|
|         700|  2.6289e-01|   -8.729382|  -10.045917|    0.915840|    0.022712|   -0.003387|
|         701|  2.6281e-01|   -8.732006|  -10.048178|    0.915795|    0.022713|   -0.003392|
|         702|  2.6273e-01|   -8.734624|  -10.050403|    0.915751|    0.022713|   -0.003398|
|         703|  2.6265e-01|   -8.737235|  -10.052670|    0.915707|    0.022714|   -0.003403|
|         704|  2.6258e-01|   -8.739838|  -10.054974|    0.915663|    0.022715|   -0.003409|
|         705|  2.6250e-01|   -8.742433|  -10.057287|    0.915620|    0.022715|   -0.003414|
|         706|  2.6242e-01|   -8.745021|  -10.059612|    0.915576|    0.022716|   -0.003419|
|         707|  2.6234e-01|   -8.747600|  -10.061952|    0.915533|    0.022716|   -0.003425|
|         708|  2.6226e-01|   -8.750172|  -10.064303|    0.915490|    0.022717|   -0.003430|
|         709|  2.6218e-01|   -8.752737|  -10.066666|    0.915448|    0.022718|   -0.003435|
|         710|  2.6210e-01|   -8.755293|  -10.069054|    0.915405|    0.022718|   -0.003440|
|         711|  2.6202e-01|   -8.757843|  -10.071451|    0.915363|    0.022719|   -0.003446|
|         712|  2.6194e-01|   -8.760385|  -10.073843|    0.915321|    0.022719|   -0.003451|
|         713|  2.6187e-01|   -8.762920|  -10.076317|    0.915279|    0.022720|   -0.003456|
|         714|  2.6179e-01|   -8.765448|  -10.078709|    0.915237|    0.022720|   -0.003461|
|         715|  2.6171e-01|   -8.767969|  -10.080917|    0.915196|    0.022721|   -0.003466|
|         716|  2.6166e-01|   -8.770485|  -10.083217|    0.915154|    0.022722|   -0.003471|
|         717|  2.6160e-01|   -8.772993|  -10.085537|    0.915113|    0.022722|   -0.003476|
|         718|  2.6155e-01|   -8.775496|  -10.087830|    0.915072|    0.022723|   -0.003481|
|         719|  2.6147e-01|   -8.777993|  -10.090111|    0.915032|    0.022723|   -0.003486|
|         720|  2.6139e-01|   -8.780484|  -10.092310|    0.914991|    0.022724|   -0.003491|
|         721|  2.6132e-01|   -8.782970|  -10.094602|    0.914951|    0.022724|   -0.003496|
|         722|  2.6124e-01|   -8.785450|  -10.096892|    0.914911|    0.022725|   -0.003501|
|         723|  2.6116e-01|   -8.787925|  -10.099163|    0.914871|    0.022726|   -0.003506|
|         724|  2.6108e-01|   -8.790396|  -10.101434|    0.914831|    0.022726|   -0.003511|
|         725|  2.6101e-01|   -8.792862|  -10.103692|    0.914792|    0.022727|   -0.003516|
|         726|  2.6093e-01|   -8.795324|  -10.105885|    0.914753|    0.022727|   -0.003521|
|         727|  2.6086e-01|   -8.797782|  -10.108121|    0.914713|    0.022728|   -0.003525|
|         728|  2.6078e-01|   -8.800235|  -10.110301|    0.914675|    0.022728|   -0.003530|
|         729|  2.6071e-01|   -8.802683|  -10.112547|    0.914636|    0.022729|   -0.003535|
|         730|  2.6064e-01|   -8.805128|  -10.114801|    0.914597|    0.022729|   -0.003540|
|         731|  2.6056e-01|   -8.807567|  -10.117063|    0.914559|    0.022730|   -0.003544|
|         732|  2.6049e-01|   -8.810003|  -10.119333|    0.914521|    0.022731|   -0.003549|
|         733|  2.6041e-01|   -8.812434|  -10.121609|    0.914483|    0.022731|   -0.003554|
|         734|  2.6033e-01|   -8.814860|  -10.123891|    0.914445|    0.022732|   -0.003558|
|         735|  2.6026e-01|   -8.817282|  -10.126209|    0.914408|    0.022732|   -0.003563|
|         736|  2.6018e-01|   -8.819699|  -10.128412|    0.914370|    0.022733|   -0.003567|
|         737|  2.6010e-01|   -8.822111|  -10.130616|    0.914333|    0.022733|   -0.003572|
|         738|  2.6003e-01|   -8.824518|  -10.132859|    0.914296|    0.022734|   -0.003576|
|         739|  2.5995e-01|   -8.826921|  -10.135110|    0.914259|    0.022734|   -0.003581|
|         740|  2.5988e-01|   -8.829317|  -10.137364|    0.914222|    0.022735|   -0.003585|
|         741|  2.5980e-01|   -8.831709|  -10.139615|    0.914186|    0.022735|   -0.003590|
|         742|  2.5973e-01|   -8.834094|  -10.141861|    0.914149|    0.022736|   -0.003594|
|         743|  2.5966e-01|   -8.836473|  -10.144103|    0.914113|    0.022737|   -0.003599|
|         744|  2.5958e-01|   -8.838846|  -10.146340|    0.914077|    0.022737|   -0.003603|
|         745|  2.5951e-01|   -8.841213|  -10.148574|    0.914042|    0.022738|   -0.003607|
|         746|  2.5944e-01|   -8.843573|  -10.150809|    0.914006|    0.022738|   -0.003612|
|         747|  2.5937e-01|   -8.845925|  -10.153045|    0.913970|    0.022739|   -0.003616|
|         748|  2.5930e-01|   -8.848270|  -10.155286|    0.913935|    0.022739|   -0.003620|
|         749|  2.5922e-01|   -8.850608|  -10.157534|    0.913900|    0.022740|   -0.003625|
|         750|  2.5915e-01|   -8.852938|  -10.159792|    0.913865|    0.022740|   -0.003629|
+-----------------------------------------------------------------------+
|        File Writing Summary       |              Filename             |
+-----------------------------------------------------------------------+
|SU2 binary restart                 |restart_flow.dat                   |
|Paraview                           |flow.vtu                           |
|Paraview surface                   |surface_flow.vtu                   |
+-----------------------------------------------------------------------+
+------------------------------------------------------------------------------------------+
|  Inner_Iter|   Time(sec)|    rms[Rho]|     rms[nu]|          CL|          CD|         CMz|
+------------------------------------------------------------------------------------------+
|         751|  2.5916e-01|   -8.855260|  -10.162060|    0.913830|    0.022741|   -0.003633|
|         752|  2.5912e-01|   -8.857574|  -10.164343|    0.913796|    0.022741|   -0.003637|
|         753|  2.5904e-01|   -8.859879|  -10.166640|    0.913761|    0.022742|   -0.003642|
|         754|  2.5897e-01|   -8.862176|  -10.168953|    0.913727|    0.022742|   -0.003646|
|         755|  2.5891e-01|   -8.864464|  -10.171282|    0.913693|    0.022743|   -0.003650|
|         756|  2.5884e-01|   -8.866743|  -10.173629|    0.913659|    0.022743|   -0.003654|
|         757|  2.5877e-01|   -8.869014|  -10.175991|    0.913625|    0.022744|   -0.003658|
|         758|  2.5871e-01|   -8.871275|  -10.178367|    0.913592|    0.022744|   -0.003662|
|         759|  2.5865e-01|   -8.873528|  -10.180757|    0.913558|    0.022745|   -0.003666|
|         760|  2.5859e-01|   -8.875771|  -10.183163|    0.913525|    0.022745|   -0.003670|
|         761|  2.5853e-01|   -8.878005|  -10.185584|    0.913492|    0.022746|   -0.003674|
|         762|  2.5848e-01|   -8.880230|  -10.188018|    0.913459|    0.022746|   -0.003678|
|         763|  2.5842e-01|   -8.882446|  -10.190464|    0.913426|    0.022747|   -0.003682|
|         764|  2.5836e-01|   -8.884653|  -10.192920|    0.913394|    0.022747|   -0.003686|
|         765|  2.5831e-01|   -8.886851|  -10.195383|    0.913361|    0.022748|   -0.003690|
|         766|  2.5825e-01|   -8.889039|  -10.197854|    0.913329|    0.022748|   -0.003694|
|         767|  2.5820e-01|   -8.891218|  -10.200334|    0.913297|    0.022749|   -0.003698|
|         768|  2.5815e-01|   -8.893388|  -10.202821|    0.913265|    0.022749|   -0.003702|
|         769|  2.5809e-01|   -8.895550|  -10.205317|    0.913233|    0.022750|   -0.003706|
|         770|  2.5803e-01|   -8.897702|  -10.207821|    0.913201|    0.022750|   -0.003710|
|         771|  2.5796e-01|   -8.899846|  -10.210333|    0.913170|    0.022751|   -0.003713|
|         772|  2.5789e-01|   -8.901982|  -10.212854|    0.913138|    0.022751|   -0.003717|
|         773|  2.5782e-01|   -8.904109|  -10.215383|    0.913107|    0.022752|   -0.003721|
|         774|  2.5775e-01|   -8.906228|  -10.217921|    0.913076|    0.022752|   -0.003725|
|         775|  2.5768e-01|   -8.908339|  -10.220467|    0.913045|    0.022753|   -0.003729|
|         776|  2.5761e-01|   -8.910442|  -10.223022|    0.913015|    0.022753|   -0.003732|
|         777|  2.5755e-01|   -8.912538|  -10.225586|    0.912984|    0.022754|   -0.003736|
|         778|  2.5748e-01|   -8.914626|  -10.228158|    0.912954|    0.022754|   -0.003740|
|         779|  2.5744e-01|   -8.916708|  -10.230739|    0.912923|    0.022755|   -0.003743|
|         780|  2.5738e-01|   -8.918783|  -10.233329|    0.912893|    0.022755|   -0.003747|
|         781|  2.5732e-01|   -8.920852|  -10.235922|    0.912863|    0.022756|   -0.003751|
|         782|  2.5726e-01|   -8.922914|  -10.238521|    0.912833|    0.022756|   -0.003754|
|         783|  2.5720e-01|   -8.924971|  -10.241124|    0.912804|    0.022757|   -0.003758|
|         784|  2.5714e-01|   -8.927022|  -10.243713|    0.912774|    0.022757|   -0.003761|
|         785|  2.5709e-01|   -8.929067|  -10.246302|    0.912745|    0.022757|   -0.003765|
|         786|  2.5703e-01|   -8.931108|  -10.248906|    0.912715|    0.022758|   -0.003768|
|         787|  2.5697e-01|   -8.933143|  -10.251520|    0.912686|    0.022758|   -0.003772|
|         788|  2.5690e-01|   -8.935174|  -10.254132|    0.912657|    0.022759|   -0.003775|
|         789|  2.5684e-01|   -8.937200|  -10.256743|    0.912628|    0.022759|   -0.003779|
|         790|  2.5678e-01|   -8.939221|  -10.259354|    0.912600|    0.022760|   -0.003782|
|         791|  2.5672e-01|   -8.941239|  -10.261967|    0.912571|    0.022760|   -0.003786|
|         792|  2.5665e-01|   -8.943252|  -10.264577|    0.912543|    0.022761|   -0.003789|
|         793|  2.5659e-01|   -8.945261|  -10.267182|    0.912515|    0.022761|   -0.003793|
|         794|  2.5653e-01|   -8.947266|  -10.269788|    0.912486|    0.022762|   -0.003796|
|         795|  2.5648e-01|   -8.949267|  -10.272391|    0.912458|    0.022762|   -0.003799|
|         796|  2.5645e-01|   -8.951265|  -10.274993|    0.912431|    0.022763|   -0.003803|
|         797|  2.5639e-01|   -8.953258|  -10.277594|    0.912403|    0.022763|   -0.003806|
|         798|  2.5633e-01|   -8.955248|  -10.280193|    0.912375|    0.022763|   -0.003809|
|         799|  2.5626e-01|   -8.957234|  -10.282789|    0.912348|    0.022764|   -0.003813|
|         800|  2.5621e-01|   -8.959216|  -10.285383|    0.912321|    0.022764|   -0.003816|
|         801|  2.5614e-01|   -8.961195|  -10.287978|    0.912293|    0.022765|   -0.003819|
|         802|  2.5608e-01|   -8.963168|  -10.290568|    0.912266|    0.022765|   -0.003823|
|         803|  2.5602e-01|   -8.965138|  -10.293148|    0.912239|    0.022766|   -0.003826|
|         804|  2.5595e-01|   -8.967103|  -10.295726|    0.912213|    0.022766|   -0.003829|
|         805|  2.5589e-01|   -8.969064|  -10.298308|    0.912186|    0.022767|   -0.003832|
|         806|  2.5582e-01|   -8.971020|  -10.300889|    0.912159|    0.022767|   -0.003835|
|         807|  2.5576e-01|   -8.972970|  -10.303468|    0.912133|    0.022767|   -0.003839|
|         808|  2.5570e-01|   -8.974916|  -10.306043|    0.912107|    0.022768|   -0.003842|
|         809|  2.5563e-01|   -8.976856|  -10.308615|    0.912081|    0.022768|   -0.003845|
|         810|  2.5557e-01|   -8.978791|  -10.311183|    0.912055|    0.022769|   -0.003848|
|         811|  2.5554e-01|   -8.980719|  -10.313747|    0.912029|    0.022769|   -0.003851|
|         812|  2.5548e-01|   -8.982642|  -10.316308|    0.912003|    0.022770|   -0.003854|
|         813|  2.5543e-01|   -8.984558|  -10.318864|    0.911977|    0.022770|   -0.003857|
|         814|  2.5537e-01|   -8.986468|  -10.321415|    0.911952|    0.022770|   -0.003860|
|         815|  2.5531e-01|   -8.988372|  -10.323963|    0.911926|    0.022771|   -0.003863|
|         816|  2.5525e-01|   -8.990269|  -10.326506|    0.911901|    0.022771|   -0.003866|
|         817|  2.5519e-01|   -8.992159|  -10.329046|    0.911876|    0.022772|   -0.003869|
|         818|  2.5514e-01|   -8.994043|  -10.331589|    0.911851|    0.022772|   -0.003872|
|         819|  2.5508e-01|   -8.995920|  -10.334115|    0.911826|    0.022773|   -0.003875|
|         820|  2.5502e-01|   -8.997791|  -10.336630|    0.911801|    0.022773|   -0.003878|
|         821|  2.5496e-01|   -8.999655|  -10.339137|    0.911777|    0.022773|   -0.003881|
|         822|  2.5490e-01|   -9.001512|  -10.341637|    0.911752|    0.022774|   -0.003884|
|         823|  2.5485e-01|   -9.003364|  -10.344128|    0.911728|    0.022774|   -0.003887|
|         824|  2.5479e-01|   -9.005208|  -10.346611|    0.911704|    0.022775|   -0.003890|
|         825|  2.5474e-01|   -9.007047|  -10.349086|    0.911680|    0.022775|   -0.003893|
|         826|  2.5470e-01|   -9.008879|  -10.351555|    0.911655|    0.022775|   -0.003896|
|         827|  2.5465e-01|   -9.010705|  -10.354017|    0.911632|    0.022776|   -0.003899|
|         828|  2.5459e-01|   -9.012526|  -10.356474|    0.911608|    0.022776|   -0.003902|
|         829|  2.5453e-01|   -9.014341|  -10.358925|    0.911584|    0.022777|   -0.003904|
|         830|  2.5447e-01|   -9.016150|  -10.361372|    0.911561|    0.022777|   -0.003907|
|         831|  2.5441e-01|   -9.017954|  -10.363814|    0.911537|    0.022777|   -0.003910|
|         832|  2.5434e-01|   -9.019752|  -10.366251|    0.911514|    0.022778|   -0.003913|
|         833|  2.5428e-01|   -9.021546|  -10.368685|    0.911490|    0.022778|   -0.003916|
|         834|  2.5422e-01|   -9.023336|  -10.371117|    0.911467|    0.022779|   -0.003918|
|         835|  2.5416e-01|   -9.025120|  -10.373541|    0.911444|    0.022779|   -0.003921|
|         836|  2.5410e-01|   -9.026901|  -10.375945|    0.911422|    0.022779|   -0.003924|
|         837|  2.5404e-01|   -9.028678|  -10.378360|    0.911399|    0.022780|   -0.003927|
|         838|  2.5399e-01|   -9.030451|  -10.380786|    0.911376|    0.022780|   -0.003929|
|         839|  2.5392e-01|   -9.032221|  -10.383212|    0.911354|    0.022781|   -0.003932|
|         840|  2.5387e-01|   -9.033988|  -10.385640|    0.911331|    0.022781|   -0.003935|
|         841|  2.5382e-01|   -9.035752|  -10.388076|    0.911309|    0.022781|   -0.003937|
|         842|  2.5376e-01|   -9.037513|  -10.390508|    0.911287|    0.022782|   -0.003940|
|         843|  2.5371e-01|   -9.039271|  -10.392937|    0.911264|    0.022782|   -0.003943|
|         844|  2.5364e-01|   -9.041028|  -10.395367|    0.911242|    0.022783|   -0.003945|
|         845|  2.5358e-01|   -9.042782|  -10.397801|    0.911221|    0.022783|   -0.003948|
|         846|  2.5352e-01|   -9.044535|  -10.400241|    0.911199|    0.022783|   -0.003951|
|         847|  2.5346e-01|   -9.046285|  -10.402686|    0.911177|    0.022784|   -0.003953|
|         848|  2.5340e-01|   -9.048034|  -10.405143|    0.911156|    0.022784|   -0.003956|
|         849|  2.5334e-01|   -9.049782|  -10.407612|    0.911134|    0.022784|   -0.003958|
|         850|  2.5328e-01|   -9.051528|  -10.410057|    0.911113|    0.022785|   -0.003961|
|         851|  2.5322e-01|   -9.053273|  -10.412501|    0.911091|    0.022785|   -0.003963|
|         852|  2.5316e-01|   -9.055017|  -10.414946|    0.911070|    0.022786|   -0.003966|
|         853|  2.5311e-01|   -9.056759|  -10.417390|    0.911049|    0.022786|   -0.003969|
|         854|  2.5305e-01|   -9.058500|  -10.419833|    0.911028|    0.022786|   -0.003971|
|         855|  2.5298e-01|   -9.060239|  -10.422273|    0.911007|    0.022787|   -0.003974|
|         856|  2.5295e-01|   -9.061977|  -10.424712|    0.910987|    0.022787|   -0.003976|
|         857|  2.5290e-01|   -9.063713|  -10.427151|    0.910966|    0.022787|   -0.003978|
|         858|  2.5284e-01|   -9.065448|  -10.429589|    0.910945|    0.022788|   -0.003981|
|         859|  2.5278e-01|   -9.067181|  -10.432027|    0.910925|    0.022788|   -0.003983|
|         860|  2.5272e-01|   -9.068912|  -10.434452|    0.910905|    0.022788|   -0.003986|
|         861|  2.5266e-01|   -9.070641|  -10.436818|    0.910884|    0.022789|   -0.003988|
|         862|  2.5260e-01|   -9.072369|  -10.439239|    0.910864|    0.022789|   -0.003991|
|         863|  2.5254e-01|   -9.074095|  -10.441673|    0.910844|    0.022790|   -0.003993|
|         864|  2.5248e-01|   -9.075819|  -10.444102|    0.910824|    0.022790|   -0.003995|
|         865|  2.5243e-01|   -9.077541|  -10.446522|    0.910804|    0.022790|   -0.003998|
|         866|  2.5237e-01|   -9.079261|  -10.448942|    0.910785|    0.022791|   -0.004000|
|         867|  2.5231e-01|   -9.080979|  -10.451376|    0.910765|    0.022791|   -0.004002|
|         868|  2.5226e-01|   -9.082695|  -10.453829|    0.910745|    0.022791|   -0.004005|
|         869|  2.5220e-01|   -9.084410|  -10.456290|    0.910726|    0.022792|   -0.004007|
|         870|  2.5214e-01|   -9.086122|  -10.458737|    0.910707|    0.022792|   -0.004009|
|         871|  2.5210e-01|   -9.087833|  -10.461184|    0.910687|    0.022792|   -0.004012|
|         872|  2.5205e-01|   -9.089543|  -10.463636|    0.910668|    0.022793|   -0.004014|
|         873|  2.5199e-01|   -9.091250|  -10.466091|    0.910649|    0.022793|   -0.004016|
|         874|  2.5194e-01|   -9.092956|  -10.468550|    0.910630|    0.022793|   -0.004019|
|         875|  2.5188e-01|   -9.094661|  -10.471012|    0.910611|    0.022794|   -0.004021|
|         876|  2.5182e-01|   -9.096363|  -10.473477|    0.910592|    0.022794|   -0.004023|
|         877|  2.5177e-01|   -9.098065|  -10.475942|    0.910574|    0.022794|   -0.004025|
|         878|  2.5171e-01|   -9.099765|  -10.478407|    0.910555|    0.022795|   -0.004028|
|         879|  2.5166e-01|   -9.101465|  -10.480873|    0.910536|    0.022795|   -0.004030|
|         880|  2.5160e-01|   -9.103163|  -10.483340|    0.910518|    0.022795|   -0.004032|
|         881|  2.5155e-01|   -9.104860|  -10.485806|    0.910500|    0.022796|   -0.004034|
|         882|  2.5150e-01|   -9.106556|  -10.488272|    0.910481|    0.022796|   -0.004036|
|         883|  2.5145e-01|   -9.108251|  -10.490738|    0.910463|    0.022796|   -0.004039|
|         884|  2.5139e-01|   -9.109946|  -10.493203|    0.910445|    0.022797|   -0.004041|
|         885|  2.5134e-01|   -9.111639|  -10.495658|    0.910427|    0.022797|   -0.004043|
|         886|  2.5130e-01|   -9.113333|  -10.498077|    0.910409|    0.022797|   -0.004045|
|         887|  2.5128e-01|   -9.115026|  -10.500522|    0.910391|    0.022798|   -0.004047|
|         888|  2.5125e-01|   -9.116718|  -10.502986|    0.910373|    0.022798|   -0.004049|
|         889|  2.5122e-01|   -9.118410|  -10.505453|    0.910356|    0.022798|   -0.004051|
|         890|  2.5118e-01|   -9.120102|  -10.507922|    0.910338|    0.022799|   -0.004053|
|         891|  2.5113e-01|   -9.121793|  -10.510396|    0.910321|    0.022799|   -0.004055|
|         892|  2.5108e-01|   -9.123484|  -10.512876|    0.910303|    0.022799|   -0.004058|
|         893|  2.5103e-01|   -9.125175|  -10.515363|    0.910286|    0.022800|   -0.004060|
|         894|  2.5098e-01|   -9.126867|  -10.517856|    0.910269|    0.022800|   -0.004062|
|         895|  2.5094e-01|   -9.128558|  -10.520357|    0.910252|    0.022800|   -0.004064|
|         896|  2.5088e-01|   -9.130250|  -10.522865|    0.910235|    0.022801|   -0.004066|
|         897|  2.5083e-01|   -9.131942|  -10.525381|    0.910218|    0.022801|   -0.004068|
|         898|  2.5078e-01|   -9.133635|  -10.527904|    0.910201|    0.022801|   -0.004070|
|         899|  2.5073e-01|   -9.135329|  -10.530434|    0.910184|    0.022801|   -0.004072|
|         900|  2.5069e-01|   -9.137023|  -10.532970|    0.910167|    0.022802|   -0.004074|
|         901|  2.5063e-01|   -9.138719|  -10.535512|    0.910150|    0.022802|   -0.004076|
|         902|  2.5058e-01|   -9.140416|  -10.538059|    0.910134|    0.022802|   -0.004078|
|         903|  2.5053e-01|   -9.142115|  -10.540611|    0.910117|    0.022803|   -0.004080|
|         904|  2.5051e-01|   -9.143815|  -10.543169|    0.910101|    0.022803|   -0.004082|
|         905|  2.5047e-01|   -9.145517|  -10.545730|    0.910085|    0.022803|   -0.004084|
|         906|  2.5042e-01|   -9.147221|  -10.548296|    0.910068|    0.022804|   -0.004086|
|         907|  2.5037e-01|   -9.148927|  -10.550866|    0.910052|    0.022804|   -0.004087|
|         908|  2.5032e-01|   -9.150636|  -10.553441|    0.910036|    0.022804|   -0.004089|
|         909|  2.5027e-01|   -9.152347|  -10.556022|    0.910020|    0.022804|   -0.004091|
|         910|  2.5023e-01|   -9.154060|  -10.558608|    0.910004|    0.022805|   -0.004093|
|         911|  2.5018e-01|   -9.155776|  -10.561196|    0.909988|    0.022805|   -0.004095|
|         912|  2.5012e-01|   -9.157495|  -10.563786|    0.909973|    0.022805|   -0.004097|
|         913|  2.5008e-01|   -9.159216|  -10.566379|    0.909957|    0.022806|   -0.004099|
|         914|  2.5002e-01|   -9.160940|  -10.568978|    0.909941|    0.022806|   -0.004101|
|         915|  2.4997e-01|   -9.162668|  -10.571584|    0.909926|    0.022806|   -0.004103|
|         916|  2.4993e-01|   -9.164398|  -10.574197|    0.909910|    0.022807|   -0.004104|
|         917|  2.4988e-01|   -9.166131|  -10.576818|    0.909895|    0.022807|   -0.004106|
|         918|  2.4983e-01|   -9.167867|  -10.579448|    0.909879|    0.022807|   -0.004108|
|         919|  2.4980e-01|   -9.169606|  -10.582089|    0.909864|    0.022807|   -0.004110|
|         920|  2.4976e-01|   -9.171347|  -10.584740|    0.909849|    0.022808|   -0.004112|
|         921|  2.4970e-01|   -9.173092|  -10.587403|    0.909834|    0.022808|   -0.004113|
|         922|  2.4966e-01|   -9.174839|  -10.590077|    0.909819|    0.022808|   -0.004115|
|         923|  2.4963e-01|   -9.176590|  -10.592765|    0.909804|    0.022809|   -0.004117|
|         924|  2.4958e-01|   -9.178342|  -10.595465|    0.909789|    0.022809|   -0.004119|
|         925|  2.4953e-01|   -9.180098|  -10.598181|    0.909774|    0.022809|   -0.004121|
|         926|  2.4949e-01|   -9.181856|  -10.600910|    0.909759|    0.022809|   -0.004122|
|         927|  2.4944e-01|   -9.183617|  -10.603650|    0.909745|    0.022810|   -0.004124|
|         928|  2.4939e-01|   -9.185381|  -10.606401|    0.909730|    0.022810|   -0.004126|
|         929|  2.4934e-01|   -9.187147|  -10.609157|    0.909716|    0.022810|   -0.004127|
|         930|  2.4930e-01|   -9.188915|  -10.611926|    0.909701|    0.022810|   -0.004129|
|         931|  2.4925e-01|   -9.190686|  -10.614705|    0.909687|    0.022811|   -0.004131|
|         932|  2.4920e-01|   -9.192460|  -10.617493|    0.909672|    0.022811|   -0.004133|
|         933|  2.4915e-01|   -9.194235|  -10.620288|    0.909658|    0.022811|   -0.004134|
|         934|  2.4910e-01|   -9.196013|  -10.623089|    0.909644|    0.022812|   -0.004136|
|         935|  2.4905e-01|   -9.197793|  -10.625895|    0.909630|    0.022812|   -0.004138|
|         936|  2.4900e-01|   -9.199576|  -10.628705|    0.909616|    0.022812|   -0.004139|
|         937|  2.4896e-01|   -9.201360|  -10.631519|    0.909602|    0.022812|   -0.004141|
|         938|  2.4892e-01|   -9.203147|  -10.634334|    0.909588|    0.022813|   -0.004143|
|         939|  2.4888e-01|   -9.204935|  -10.637152|    0.909574|    0.022813|   -0.004144|
|         940|  2.4883e-01|   -9.206726|  -10.639971|    0.909560|    0.022813|   -0.004146|
|         941|  2.4879e-01|   -9.208519|  -10.642793|    0.909547|    0.022813|   -0.004148|
|         942|  2.4874e-01|   -9.210314|  -10.645610|    0.909533|    0.022814|   -0.004149|
|         943|  2.4869e-01|   -9.212110|  -10.648422|    0.909519|    0.022814|   -0.004151|
|         944|  2.4866e-01|   -9.213909|  -10.651222|    0.909506|    0.022814|   -0.004152|
|         945|  2.4862e-01|   -9.215710|  -10.654018|    0.909492|    0.022814|   -0.004154|
|         946|  2.4858e-01|   -9.217513|  -10.656807|    0.909479|    0.022815|   -0.004156|
|         947|  2.4853e-01|   -9.219318|  -10.659589|    0.909466|    0.022815|   -0.004157|
|         948|  2.4848e-01|   -9.221125|  -10.662362|    0.909452|    0.022815|   -0.004159|
|         949|  2.4843e-01|   -9.222934|  -10.665127|    0.909439|    0.022815|   -0.004160|
|         950|  2.4838e-01|   -9.224745|  -10.667884|    0.909426|    0.022816|   -0.004162|
|         951|  2.4834e-01|   -9.226559|  -10.670633|    0.909413|    0.022816|   -0.004163|
|         952|  2.4830e-01|   -9.228375|  -10.673374|    0.909400|    0.022816|   -0.004165|
|         953|  2.4826e-01|   -9.230193|  -10.676106|    0.909387|    0.022816|   -0.004166|
|         954|  2.4821e-01|   -9.232014|  -10.678829|    0.909374|    0.022817|   -0.004168|
|         955|  2.4817e-01|   -9.233837|  -10.681544|    0.909361|    0.022817|   -0.004170|
|         956|  2.4814e-01|   -9.235663|  -10.684249|    0.909349|    0.022817|   -0.004171|
|         957|  2.4810e-01|   -9.237491|  -10.686945|    0.909336|    0.022817|   -0.004173|
|         958|  2.4805e-01|   -9.239322|  -10.689630|    0.909323|    0.022818|   -0.004174|
|         959|  2.4801e-01|   -9.241155|  -10.692303|    0.909311|    0.022818|   -0.004176|
|         960|  2.4796e-01|   -9.242991|  -10.694965|    0.909298|    0.022818|   -0.004177|
|         961|  2.4792e-01|   -9.244830|  -10.697619|    0.909286|    0.022818|   -0.004178|
|         962|  2.4788e-01|   -9.246672|  -10.700269|    0.909274|    0.022819|   -0.004180|
|         963|  2.4783e-01|   -9.248517|  -10.702913|    0.909261|    0.022819|   -0.004181|
|         964|  2.4779e-01|   -9.250364|  -10.705553|    0.909249|    0.022819|   -0.004183|
|         965|  2.4774e-01|   -9.252214|  -10.708187|    0.909237|    0.022819|   -0.004184|
|         966|  2.4770e-01|   -9.254068|  -10.710817|    0.909225|    0.022820|   -0.004186|
|         967|  2.4766e-01|   -9.255923|  -10.713442|    0.909213|    0.022820|   -0.004187|
|         968|  2.4761e-01|   -9.257782|  -10.716062|    0.909201|    0.022820|   -0.004189|
|         969|  2.4757e-01|   -9.259644|  -10.718679|    0.909189|    0.022820|   -0.004190|
|         970|  2.4754e-01|   -9.261508|  -10.721293|    0.909177|    0.022820|   -0.004191|
|         971|  2.4750e-01|   -9.263375|  -10.723903|    0.909165|    0.022821|   -0.004193|
|         972|  2.4747e-01|   -9.265244|  -10.726512|    0.909153|    0.022821|   -0.004194|
|         973|  2.4743e-01|   -9.267116|  -10.729118|    0.909141|    0.022821|   -0.004196|
|         974|  2.4738e-01|   -9.268991|  -10.731724|    0.909130|    0.022821|   -0.004197|
|         975|  2.4734e-01|   -9.270869|  -10.734331|    0.909118|    0.022822|   -0.004198|
|         976|  2.4729e-01|   -9.272749|  -10.736940|    0.909106|    0.022822|   -0.004200|
|         977|  2.4725e-01|   -9.274632|  -10.739556|    0.909095|    0.022822|   -0.004201|
|         978|  2.4720e-01|   -9.276517|  -10.742188|    0.909083|    0.022822|   -0.004203|
|         979|  2.4716e-01|   -9.278405|  -10.744870|    0.909072|    0.022823|   -0.004204|
|         980|  2.4712e-01|   -9.280295|  -10.747644|    0.909061|    0.022823|   -0.004205|
|         981|  2.4707e-01|   -9.282188|  -10.750493|    0.909049|    0.022823|   -0.004207|
|         982|  2.4703e-01|   -9.284084|  -10.753157|    0.909038|    0.022823|   -0.004208|
|         983|  2.4699e-01|   -9.285983|  -10.755786|    0.909027|    0.022823|   -0.004209|
|         984|  2.4694e-01|   -9.287884|  -10.758362|    0.909016|    0.022824|   -0.004211|
|         985|  2.4691e-01|   -9.289788|  -10.760926|    0.909005|    0.022824|   -0.004212|
|         986|  2.4689e-01|   -9.291694|  -10.763463|    0.908994|    0.022824|   -0.004213|
|         987|  2.4685e-01|   -9.293601|  -10.765428|    0.908983|    0.022824|   -0.004214|
|         988|  2.4680e-01|   -9.295511|  -10.767898|    0.908972|    0.022824|   -0.004216|
|         989|  2.4676e-01|   -9.297422|  -10.770384|    0.908961|    0.022825|   -0.004217|
|         990|  2.4671e-01|   -9.299334|  -10.772839|    0.908950|    0.022825|   -0.004218|
|         991|  2.4667e-01|   -9.301247|  -10.775276|    0.908939|    0.022825|   -0.004220|
|         992|  2.4663e-01|   -9.303162|  -10.777697|    0.908929|    0.022825|   -0.004221|
|         993|  2.4659e-01|   -9.305079|  -10.780102|    0.908918|    0.022826|   -0.004222|
|         994|  2.4654e-01|   -9.306998|  -10.782489|    0.908907|    0.022826|   -0.004223|
|         995|  2.4651e-01|   -9.308919|  -10.784861|    0.908897|    0.022826|   -0.004225|
|         996|  2.4649e-01|   -9.310842|  -10.787223|    0.908886|    0.022826|   -0.004226|
|         997|  2.4646e-01|   -9.312768|  -10.789582|    0.908876|    0.022826|   -0.004227|
|         998|  2.4644e-01|   -9.314695|  -10.791946|    0.908866|    0.022827|   -0.004228|

----------------------------- Solver Exit -------------------------------

Maximum number of iterations reached (ITER = 999) before convergence.
+-----------------------------------------------------------------------+
|      Convergence Field     |     Value    |   Criterion  |  Converged |
+-----------------------------------------------------------------------+
|                  Cauchy[CD]|   2.54088e-06|       < 1e-06|          No|
+-----------------------------------------------------------------------+
-------------------------------------------------------------------------
+-----------------------------------------------------------------------+