 +------------------------------------------------------------------------------------------+
|  Inner_Iter|   Time(sec)|    rms[Rho]|     rms[nu]|          CL|          CD|         CMz|
+------------------------------------------------------------------------------------------+
|           0|  2.2651e-01|   -4.315587|  -10.662969|    1.230567|    0.530928|    0.507041|
|           1|  2.3010e-01|   -5.130506|  -10.904625|    0.873857|    0.548901|    0.394843|
|           2|  2.2822e-01|   -5.082652|  -11.006588|    0.670364|    0.423620|    0.299114|
|           3|  2.2234e-01|   -5.115673|  -10.977112|    0.588316|    0.327848|    0.239527|
|           4|  2.1897e-01|   -5.216946|  -10.989318|    0.550203|    0.252178|    0.189716|
|           5|  2.1596e-01|   -5.303506|  -11.002010|    0.527094|    0.183505|    0.141028|
|           6|  2.1372e-01|   -5.345052|  -11.003278|    0.508058|    0.119942|    0.094612|
|           7|  2.1240e-01|   -5.354987|  -10.994463|    0.486632|    0.062998|    0.053755|
|           8|  2.1212e-01|   -5.351919|  -10.967229|    0.457559|    0.014858|    0.020828|
|           9|  2.1157e-01|   -5.344241|  -10.953667|    0.416971|   -0.022549|   -0.003695|
|          10|  2.1543e-01|   -5.336477|  -10.956524|    0.363365|   -0.048181|   -0.021058|
|          11|  2.2023e-01|   -5.334392|  -10.952587|    0.297988|   -0.062203|   -0.033380|
|          12|  2.2429e-01|   -5.342504|  -10.936816|    0.224627|   -0.065856|   -0.042652|
|          13|  2.3069e-01|   -5.359996|  -10.913792|    0.148935|   -0.061116|   -0.050036|
|          14|  2.3031e-01|   -5.379917|  -10.893299|    0.077614|   -0.050363|   -0.055692|
|          15|  2.3446e-01|   -5.393428|  -10.880711|    0.017316|   -0.036055|   -0.059092|
|          16|  2.3371e-01|   -5.397388|  -10.879682|   -0.026443|   -0.020433|   -0.059488|
|          17|  2.3221e-01|   -5.396977|  -10.879126|   -0.050022|   -0.005320|   -0.056294|
|          18|  2.3660e-01|   -5.400802|  -10.874821|   -0.052051|    0.007936|   -0.049326|
|          19|  2.3846e-01|   -5.415358|  -10.867259|   -0.033402|    0.018508|   -0.038898|
|          20|  2.3928e-01|   -5.442460|  -10.859801|    0.003136|    0.026087|   -0.025755|
|          21|  2.3858e-01|   -5.478751|  -10.853769|    0.053428|    0.030812|   -0.010914|
|          22|  2.3787e-01|   -5.516801|  -10.849323|    0.112637|    0.033136|    0.004535|
|          23|  2.3722e-01|   -5.546524|  -10.845337|    0.175937|    0.033658|    0.019608|
|          24|  2.3910e-01|   -5.561137|  -10.840149|    0.238981|    0.032969|    0.033504|
|          25|  2.4002e-01|   -5.562769|  -10.833612|    0.298057|    0.031562|    0.045617|
|          26|  2.3951e-01|   -5.560057|  -10.826392|    0.350114|    0.029798|    0.055509|
|          27|  2.3900e-01|   -5.561332|  -10.819727|    0.392771|    0.027905|    0.062880|
|          28|  2.4015e-01|   -5.570997|  -10.814159|    0.424361|    0.026001|    0.067528|
|          29|  2.4361e-01|   -5.589712|  -10.810842|    0.444047|    0.024133|    0.069347|
|          30|  2.4536e-01|   -5.615938|  -10.809654|    0.451882|    0.022311|    0.068350|
|          31|  2.4475e-01|   -5.647233|  -10.808895|    0.448720|    0.020546|    0.064686|
|          32|  2.4589e-01|   -5.681119|  -10.806317|    0.436002|    0.018859|    0.058638|
|          33|  2.4587e-01|   -5.715419|  -10.800791|    0.415527|    0.017283|    0.050602|
|          34|  2.4551e-01|   -5.747954|  -10.792617|    0.389264|    0.015848|    0.041068|
|          35|  2.4498e-01|   -5.776348|  -10.782609|    0.359259|    0.014579|    0.030601|
|          36|  2.4578e-01|   -5.798708|  -10.771533|    0.327633|    0.013490|    0.019849|
|          37|  2.4643e-01|   -5.814822|  -10.760092|    0.296571|    0.012591|    0.009532|
|          38|  2.4608e-01|   -5.826774|  -10.748679|    0.268171|    0.011889|    0.000380|
|          39|  2.4553e-01|   -5.838069|  -10.737364|    0.244188|    0.011391|   -0.006976|
|          40|  2.4523e-01|   -5.852318|  -10.725981|    0.225868|    0.011099|   -0.012095|
|          41|  2.4480e-01|   -5.872597|  -10.714364|    0.213911|    0.011003|   -0.014760|
|          42|  2.4467e-01|   -5.900946|  -10.702525|    0.208512|    0.011082|   -0.014971|
|          43|  2.4438e-01|   -5.937736|  -10.690498|    0.209478|    0.011302|   -0.012907|
|          44|  2.4391e-01|   -5.980969|  -10.678557|    0.216377|    0.011625|   -0.008855|
|          45|  2.4350e-01|   -6.025708|  -10.666768|    0.228655|    0.012014|   -0.003172|
|          46|  2.4340e-01|   -6.064477|  -10.655332|    0.245607|    0.012433|    0.003719|
|          47|  2.4339e-01|   -6.090259|  -10.644259|    0.266250|    0.012851|    0.011296|
|          48|  2.4345e-01|   -6.101263|  -10.633631|    0.289282|    0.013237|    0.018959|
|          49|  2.4445e-01|   -6.102175|  -10.623506|    0.313225|    0.013564|    0.026115|
|          50|  2.4537e-01|   -6.100349|  -10.613825|    0.336627|    0.013815|    0.032266|
|          51|  2.4737e-01|   -6.101951|  -10.604673|    0.358200|    0.013981|    0.037054|
|          52|  2.4812e-01|   -6.110787|  -10.595891|    0.376890|    0.014061|    0.040278|
|          53|  2.4840e-01|   -6.128770|  -10.587625|    0.391919|    0.014066|    0.041883|
|          54|  2.4826e-01|   -6.156573|  -10.579796|    0.402803|    0.014010|    0.041941|
|          55|  2.4787e-01|   -6.193922|  -10.572288|    0.409336|    0.013911|    0.040614|
|          56|  2.4784e-01|   -6.239420|  -10.564982|    0.411552|    0.013783|    0.038118|
|          57|  2.4799e-01|   -6.289904|  -10.557703|    0.409635|    0.013635|    0.034679|
|          58|  2.4773e-01|   -6.339608|  -10.550294|    0.403855|    0.013467|    0.030517|
|          59|  2.4761e-01|   -6.380073|  -10.542644|    0.394606|    0.013273|    0.025867|
|          60|  2.4736e-01|   -6.402916|  -10.534880|    0.382555|    0.013042|    0.021015|
|          61|  2.4695e-01|   -6.405785|  -10.527061|    0.368698|    0.012760|    0.016291|
|          62|  2.4637e-01|   -6.395297|  -10.519206|    0.354236|    0.012420|    0.012007|
|          63|  2.4708e-01|   -6.382111|  -10.511464|    0.340368|    0.012019|    0.008413|
|          64|  2.4690e-01|   -6.374747|  -10.503785|    0.328143|    0.011564|    0.005667|
|          65|  2.4719e-01|   -6.377856|  -10.496126|    0.318373|    0.011068|    0.003849|
|          66|  2.4710e-01|   -6.393133|  -10.488512|    0.311608|    0.010554|    0.002969|
|          67|  2.4694e-01|   -6.420303|  -10.480948|    0.308127|    0.010049|    0.002986|
|          68|  2.4685e-01|   -6.457292|  -10.473391|    0.307968|    0.009585|    0.003821|
|          69|  2.4668e-01|   -6.499668|  -10.465889|    0.310972|    0.009194|    0.005368|
|          70|  2.4657e-01|   -6.539999|  -10.458444|    0.316823|    0.008908|    0.007504|
|          71|  2.4648e-01|   -6.568925|  -10.451023|    0.325045|    0.008756|    0.010076|
|          72|  2.4654e-01|   -6.579732|  -10.443635|    0.334994|    0.008757|    0.012900|
|          73|  2.4624e-01|   -6.573489|  -10.436308|    0.345893|    0.008913|    0.015770|
|          74|  2.4617e-01|   -6.558213|  -10.429053|    0.356935|    0.009207|    0.018479|
|          75|  2.4604e-01|   -6.543070|  -10.421821|    0.367386|    0.009605|    0.020852|
|          76|  2.4588e-01|   -6.534406|  -10.414631|    0.376654|    0.010061|    0.022752|
|          77|  2.4573e-01|   -6.535380|  -10.407497|    0.384317|    0.010526|    0.024094|
|          78|  2.4596e-01|   -6.546891|  -10.400412|    0.390117|    0.010953|    0.024833|
|          79|  2.4583e-01|   -6.568242|  -10.393336|    0.393955|    0.011298|    0.024973|
|          80|  2.4562e-01|   -6.597210|  -10.386271|    0.395864|    0.011532|    0.024549|
|          81|  2.4550e-01|   -6.629722|  -10.379223|    0.395965|    0.011632|    0.023620|
|          82|  2.4542e-01|   -6.659795|  -10.372197|    0.394432|    0.011585|    0.022259|
|          83|  2.4515e-01|   -6.680964|  -10.365187|    0.391466|    0.011387|    0.020548|
|          84|  2.4485e-01|   -6.689514|  -10.358162|    0.387323|    0.011046|    0.018591|
|          85|  2.4450e-01|   -6.686582|  -10.351125|    0.382334|    0.010582|    0.016516|
|          86|  2.4446e-01|   -6.676901|  -10.344103|    0.376884|    0.010032|    0.014464|
|          87|  2.4434e-01|   -6.666172|  -10.337109|    0.371375|    0.009441|    0.012570|
|          88|  2.4427e-01|   -6.659114|  -10.330152|    0.366179|    0.008855|    0.010946|
|          89|  2.4415e-01|   -6.658695|  -10.323220|    0.361611|    0.008319|    0.009675|
|          90|  2.4407e-01|   -6.666200|  -10.316288|    0.357915|    0.007868|    0.008804|
|          91|  2.4405e-01|   -6.681550|  -10.309375|    0.355257|    0.007529|    0.008349|
|          92|  2.4497e-01|   -6.703474|  -10.302487|    0.353724|    0.007315|    0.008299|
|          93|  2.4497e-01|   -6.729504|  -10.295624|    0.353337|    0.007230|    0.008621|
|          94|  2.4480e-01|   -6.756054|  -10.288796|    0.354063|    0.007268|    0.009267|
|          95|  2.4457e-01|   -6.779140|  -10.281974|    0.355833|    0.007417|    0.010181|
|          96|  2.4430e-01|   -6.796121|  -10.275148|    0.358531|    0.007657|    0.011292|
|          97|  2.4414e-01|   -6.807017|  -10.268330|    0.361979|    0.007966|    0.012519|
|          98|  2.4398e-01|   -6.813651|  -10.261524|    0.365941|    0.008310|    0.013769|
|          99|  2.4379e-01|   -6.818399|  -10.254742|    0.370150|    0.008659|    0.014955|
|         100|  2.4339e-01|   -6.823811|  -10.247992|    0.374336|    0.008982|    0.016002|
|         101|  2.4300e-01|   -6.832187|  -10.241263|    0.378259|    0.009254|    0.016855|
|         102|  2.4277e-01|   -6.845078|  -10.234552|    0.381716|    0.009457|    0.017479|
|         103|  2.4253e-01|   -6.863010|  -10.227875|    0.384557|    0.009583|    0.017857|
|         104|  2.4236e-01|   -6.885407|  -10.221234|    0.386680|    0.009626|    0.017990|
|         105|  2.4222e-01|   -6.910567|  -10.214639|    0.388037|    0.009592|    0.017890|
|         106|  2.4302e-01|   -6.935740|  -10.208093|    0.388617|    0.009486|    0.017579|
|         107|  2.4304e-01|   -6.957580|  -10.201593|    0.388437|    0.009317|    0.017083|
|         108|  2.4289e-01|   -6.973273|  -10.195114|    0.387544|    0.009097|    0.016432|
|         109|  2.4278e-01|   -6.981915|  -10.188661|    0.386021|    0.008841|    0.015668|
|         110|  2.4256e-01|   -6.984798|  -10.182237|    0.384006|    0.008569|    0.014845|
|         111|  2.4244e-01|   -6.984535|  -10.175840|    0.381676|    0.008300|    0.014019|
|         112|  2.4236e-01|   -6.984156|  -10.169467|    0.379226|    0.008054|    0.013245|
|         113|  2.4233e-01|   -6.986404|  -10.163118|    0.376842|    0.007844|    0.012570|
|         114|  2.4220e-01|   -6.993207|  -10.156788|    0.374685|    0.007680|    0.012028|
|         115|  2.4220e-01|   -7.005454|  -10.150457|    0.372886|    0.007569|    0.011640|
|         116|  2.4218e-01|   -7.022958|  -10.144136|    0.371534|    0.007511|    0.011416|
|         117|  2.4212e-01|   -7.044450|  -10.137823|    0.370679|    0.007503|    0.011355|
|         118|  2.4200e-01|   -7.067581|  -10.131531|    0.370337|    0.007539|    0.011447|
|         119|  2.4217e-01|   -7.089096|  -10.125262|    0.370503|    0.007612|    0.011680|
|         120|  2.4220e-01|   -7.105515|  -10.119014|    0.371157|    0.007716|    0.012038|
|         121|  2.4218e-01|   -7.114563|  -10.112796|    0.372266|    0.007843|    0.012501|
|         122|  2.4207e-01|   -7.116386|  -10.106605|    0.373763|    0.007984|    0.013039|
|         123|  2.4197e-01|   -7.113115|  -10.100432|    0.375549|    0.008130|    0.013616|
|         124|  2.4190e-01|   -7.107693|  -10.094285|    0.377506|    0.008269|    0.014193|
|         125|  2.4186e-01|   -7.103027|  -10.088174|    0.379508|    0.008393|    0.014735|
|         126|  2.4182e-01|   -7.101417|  -10.082108|    0.381442|    0.008494|    0.015211|
|         127|  2.4168e-01|   -7.104279|  -10.076085|    0.383208|    0.008569|    0.015600|
|         128|  2.4156e-01|   -7.112130|  -10.070104|    0.384729|    0.008615|    0.015888|
|         129|  2.4145e-01|   -7.124689|  -10.064166|    0.385950|    0.008632|    0.016067|
|         130|  2.4144e-01|   -7.141002|  -10.058266|    0.386839|    0.008622|    0.016138|
|         131|  2.4145e-01|   -7.159577|  -10.052384|    0.387388|    0.008588|    0.016109|
|         132|  2.4142e-01|   -7.178583|  -10.046521|    0.387606|    0.008536|    0.015991|
|         133|  2.4179e-01|   -7.196164|  -10.040677|    0.387518|    0.008469|    0.015798|
|         134|  2.4213e-01|   -7.210895|  -10.034850|    0.387163|    0.008393|    0.015549|
|         135|  2.4210e-01|   -7.222202|  -10.029039|    0.386590|    0.008313|    0.015263|
|         136|  2.4229e-01|   -7.230512|  -10.023239|    0.385860|    0.008235|    0.014962|
|         137|  2.4227e-01|   -7.236990|  -10.017449|    0.385040|    0.008162|    0.014669|
|         138|  2.4224e-01|   -7.243063|  -10.011669|    0.384200|    0.008100|    0.014402|
|         139|  2.4224e-01|   -7.249980|  -10.005902|    0.383408|    0.008052|    0.014181|
|         140|  2.4214e-01|   -7.258532|  -10.000136|    0.382722|    0.008019|    0.014017|
|         141|  2.4213e-01|   -7.268918|   -9.994375|    0.382189|    0.008002|    0.013920|
|         142|  2.4214e-01|   -7.280721|   -9.988628|    0.381843|    0.008002|    0.013893|
|         143|  2.4210e-01|   -7.292979|   -9.982900|    0.381704|    0.008016|    0.013935|
|         144|  2.4210e-01|   -7.304372|   -9.977199|    0.381781|    0.008045|    0.014044|
|         145|  2.4208e-01|   -7.313524|   -9.971527|    0.382079|    0.008084|    0.014215|
|         146|  2.4226e-01|   -7.319435|   -9.965901|    0.382588|    0.008134|    0.014440|
|         147|  2.4238e-01|   -7.321827|   -9.960324|    0.383291|    0.008191|    0.014708|
|         148|  2.4286e-01|   -7.321229|   -9.954811|    0.384153|    0.008252|    0.015003|
|         149|  2.4283e-01|   -7.318767|   -9.949360|    0.385129|    0.008315|    0.015310|
|         150|  2.4285e-01|   -7.315839|   -9.943976|    0.386169|    0.008375|    0.015613|
|         151|  2.4280e-01|   -7.313791|   -9.938682|    0.387221|    0.008431|    0.015896|
|         152|  2.4274e-01|   -7.313675|   -9.933487|    0.388236|    0.008480|    0.016147|
|         153|  2.4266e-01|   -7.316136|   -9.928399|    0.389172|    0.008521|    0.016358|
|         154|  2.4258e-01|   -7.321389|   -9.923418|    0.389997|    0.008552|    0.016523|
|         155|  2.4247e-01|   -7.329261|   -9.918557|    0.390688|    0.008573|    0.016641|
|         156|  2.4240e-01|   -7.339253|   -9.913830|    0.391231|    0.008585|    0.016711|
|         157|  2.4252e-01|   -7.350631|   -9.909240|    0.391624|    0.008589|    0.016739|
|         158|  2.4246e-01|   -7.362541|   -9.904782|    0.391872|    0.008585|    0.016729|
|         159|  2.4237e-01|   -7.374138|   -9.900441|    0.391987|    0.008576|    0.016689|
|         160|  2.4243e-01|   -7.384738|   -9.896206|    0.391987|    0.008562|    0.016625|
|         161|  2.4223e-01|   -7.393931|   -9.892080|    0.391894|    0.008546|    0.016546|
|         162|  2.4204e-01|   -7.401638|   -9.888067|    0.391732|    0.008529|    0.016461|
|         163|  2.4182e-01|   -7.408072|   -9.884157|    0.391530|    0.008513|    0.016378|
|         164|  2.4170e-01|   -7.413633|   -9.880328|    0.391315|    0.008499|    0.016305|
|         165|  2.4150e-01|   -7.418768|   -9.876559|    0.391117|    0.008488|    0.016249|
|         166|  2.4137e-01|   -7.423836|   -9.872840|    0.390959|    0.008482|    0.016215|
|         167|  2.4131e-01|   -7.429004|   -9.869162|    0.390863|    0.008481|    0.016206|
|         168|  2.4121e-01|   -7.434208|   -9.865519|    0.390843|    0.008485|    0.016227|
|         169|  2.4112e-01|   -7.439178|   -9.861885|    0.390911|    0.008496|    0.016276|
|         170|  2.4102e-01|   -7.443523|   -9.858221|    0.391071|    0.008512|    0.016353|
|         171|  2.4093e-01|   -7.446859|   -9.854503|    0.391325|    0.008533|    0.016455|
|         172|  2.4084e-01|   -7.448945|   -9.850723|    0.391665|    0.008558|    0.016579|
|         173|  2.4074e-01|   -7.449778|   -9.846863|    0.392081|    0.008587|    0.016719|
|         174|  2.4066e-01|   -7.449605|   -9.842913|    0.392558|    0.008618|    0.016868|
|         175|  2.4084e-01|   -7.448878|   -9.838859|    0.393076|    0.008650|    0.017019|
|         176|  2.4077e-01|   -7.448146|   -9.834663|    0.393613|    0.008682|    0.017167|
|         177|  2.4068e-01|   -7.447954|   -9.830306|    0.394149|    0.008713|    0.017303|
|         178|  2.4070e-01|   -7.448746|   -9.825775|    0.394663|    0.008741|    0.017425|
|         179|  2.4066e-01|   -7.450807|   -9.821075|    0.395138|    0.008765|    0.017526|
|         180|  2.4057e-01|   -7.454241|   -9.816174|    0.395560|    0.008786|    0.017607|
|         181|  2.4049e-01|   -7.458969|   -9.811047|    0.395920|    0.008801|    0.017664|
|         182|  2.4032e-01|   -7.464765|   -9.805678|    0.396211|    0.008813|    0.017698|
|         183|  2.4012e-01|   -7.471297|   -9.800064|    0.396432|    0.008819|    0.017712|
|         184|  2.3994e-01|   -7.478184|   -9.794208|    0.396584|    0.008821|    0.017707|
|         185|  2.3976e-01|   -7.485061|   -9.788117|    0.396673|    0.008820|    0.017686|
|         186|  2.3957e-01|   -7.491626|   -9.781788|    0.396705|    0.008816|    0.017652|
|         187|  2.3941e-01|   -7.497684|   -9.775203|    0.396692|    0.008809|    0.017610|
|         188|  2.3933e-01|   -7.503156|   -9.768373|    0.396642|    0.008800|    0.017562|
|         189|  2.3926e-01|   -7.508066|   -9.761305|    0.396568|    0.008791|    0.017513|
|         190|  2.3919e-01|   -7.512510|   -9.754013|    0.396483|    0.008782|    0.017466|
|         191|  2.3901e-01|   -7.516608|   -9.746506|    0.396396|    0.008774|    0.017424|
|         192|  2.3915e-01|   -7.520468|   -9.738773|    0.396321|    0.008767|    0.017389|
|         193|  2.3905e-01|   -7.524154|   -9.730837|    0.396264|    0.008762|    0.017363|
|         194|  2.3893e-01|   -7.527676|   -9.722721|    0.396234|    0.008760|    0.017347|
|         195|  2.3883e-01|   -7.530995|   -9.714447|    0.396234|    0.008759|    0.017342|
|         196|  2.3864e-01|   -7.534048|   -9.706019|    0.396268|    0.008762|    0.017346|
|         197|  2.3857e-01|   -7.536777|   -9.697459|    0.396335|    0.008766|    0.017358|
|         198|  2.3843e-01|   -7.539160|   -9.688792|    0.396432|    0.008773|    0.017377|
|         199|  2.3829e-01|   -7.541227|   -9.680038|    0.396555|    0.008780|    0.017401|
|         200|  2.3823e-01|   -7.543065|   -9.671203|    0.396696|    0.008789|    0.017427|
|         201|  2.3824e-01|   -7.544803|   -9.662310|    0.396850|    0.008797|    0.017451|
|         202|  2.3820e-01|   -7.546591|   -9.653370|    0.397007|    0.008806|    0.017473|
|         203|  2.3813e-01|   -7.548571|   -9.644390|    0.397159|    0.008813|    0.017489|
|         204|  2.3799e-01|   -7.550849|   -9.635384|    0.397297|    0.008819|    0.017497|
|         205|  2.3789e-01|   -7.553479|   -9.626373|    0.397416|    0.008822|    0.017497|
|         206|  2.3802e-01|   -7.556452|   -9.617367|    0.397510|    0.008824|    0.017486|
|         207|  2.3800e-01|   -7.559700|   -9.608383|    0.397573|    0.008823|    0.017465|
|         208|  2.3787e-01|   -7.563113|   -9.599422|    0.397604|    0.008819|    0.017434|
|         209|  2.3780e-01|   -7.566551|   -9.590496|    0.397601|    0.008813|    0.017393|
|         210|  2.3784e-01|   -7.569876|   -9.581623|    0.397564|    0.008805|    0.017344|
|         211|  2.3802e-01|   -7.572971|   -9.572801|    0.397495|    0.008796|    0.017286|
|         212|  2.3797e-01|   -7.575761|   -9.564037|    0.397397|    0.008784|    0.017222|
|         213|  2.3785e-01|   -7.578220|   -9.555320|    0.397275|    0.008771|    0.017154|
|         214|  2.3780e-01|   -7.580371|   -9.546654|    0.397132|    0.008758|    0.017082|
|         215|  2.3773e-01|   -7.582279|   -9.538055|    0.396974|    0.008744|    0.017009|
|         216|  2.3766e-01|   -7.584033|   -9.529520|    0.396807|    0.008731|    0.016937|
|         217|  2.3758e-01|   -7.585728|   -9.521047|    0.396637|    0.008718|    0.016867|
|         218|  2.3752e-01|   -7.587451|   -9.512644|    0.396468|    0.008706|    0.016799|
|         219|  2.3755e-01|   -7.589264|   -9.504320|    0.396305|    0.008695|    0.016737|
|         220|  2.3749e-01|   -7.591204|   -9.496068|    0.396152|    0.008685|    0.016678|
|         221|  2.3759e-01|   -7.593279|   -9.487894|    0.396010|    0.008676|    0.016626|
|         222|  2.3756e-01|   -7.595475|   -9.479794|    0.395882|    0.008669|    0.016578|
|         223|  2.3752e-01|   -7.597763|   -9.471766|    0.395768|    0.008663|    0.016534|
|         224|  2.3747e-01|   -7.600109|   -9.463808|    0.395665|    0.008658|    0.016495|
|         225|  2.3743e-01|   -7.602476|   -9.455905|    0.395574|    0.008653|    0.016459|
|         226|  2.3732e-01|   -7.604833|   -9.448059|    0.395490|    0.008649|    0.016425|
|         227|  2.3725e-01|   -7.607154|   -9.440294|    0.395412|    0.008645|    0.016392|
|         228|  2.3722e-01|   -7.609416|   -9.432585|    0.395335|    0.008642|    0.016359|
|         229|  2.3727e-01|   -7.611596|   -9.424942|    0.395256|    0.008638|    0.016326|
|         230|  2.3719e-01|   -7.613672|   -9.417369|    0.395172|    0.008633|    0.016290|
|         231|  2.3718e-01|   -7.615618|   -9.409855|    0.395081|    0.008628|    0.016252|
|         232|  2.3714e-01|   -7.617403|   -9.402409|    0.394978|    0.008623|    0.016211|
|         233|  2.3706e-01|   -7.619002|   -9.395022|    0.394864|    0.008616|    0.016167|
|         234|  2.3713e-01|   -7.620389|   -9.387706|    0.394736|    0.008609|    0.016119|
|         235|  2.3705e-01|   -7.621550|   -9.380454|    0.394593|    0.008602|    0.016069|
|         236|  2.3695e-01|   -7.622488|   -9.373272|    0.394437|    0.008594|    0.016016|
|         237|  2.3685e-01|   -7.623219|   -9.366142|    0.394268|    0.008585|    0.015961|
|         238|  2.3671e-01|   -7.623779|   -9.359071|    0.394088|    0.008576|    0.015904|
|         239|  2.3659e-01|   -7.624219|   -9.352082|    0.393898|    0.008567|    0.015847|
|         240|  2.3647e-01|   -7.624602|   -9.345155|    0.393701|    0.008559|    0.015790|
|         241|  2.3632e-01|   -7.624995|   -9.338288|    0.393499|    0.008550|    0.015733|
|         242|  2.3620e-01|   -7.625463|   -9.331477|    0.393295|    0.008542|    0.015679|
|         243|  2.3611e-01|   -7.626063|   -9.324726|    0.393092|    0.008534|    0.015626|
|         244|  2.3598e-01|   -7.626837|   -9.318047|    0.392891|    0.008527|    0.015576|
|         245|  2.3586e-01|   -7.627812|   -9.311431|    0.392695|    0.008521|    0.015530|
|         246|  2.3576e-01|   -7.628999|   -9.304869|    0.392505|    0.008516|    0.015486|
|         247|  2.3566e-01|   -7.630389|   -9.298361|    0.392321|    0.008511|    0.015446|
|         248|  2.3556e-01|   -7.631963|   -9.291914|    0.392145|    0.008508|    0.015409|
|         249|  2.3547e-01|   -7.633688|   -9.285529|    0.391976|    0.008504|    0.015375|
|         250|  2.3538e-01|   -7.635526|   -9.279212|    0.391815|    0.008502|    0.015344|
+-----------------------------------------------------------------------+
|        File Writing Summary       |              Filename             |
+-----------------------------------------------------------------------+
|SU2 binary restart                 |restart_flow.dat                   |
|Paraview                           |flow.vtu                           |
|Paraview surface                   |surface_flow.vtu                   |
+-----------------------------------------------------------------------+
+------------------------------------------------------------------------------------------+
|  Inner_Iter|   Time(sec)|    rms[Rho]|     rms[nu]|          CL|          CD|         CMz|
+------------------------------------------------------------------------------------------+
|         251|  2.3551e-01|   -7.637437|   -9.272937|    0.391659|    0.008500|    0.015315|
|         252|  2.3540e-01|   -7.639379|   -9.266719|    0.391508|    0.008498|    0.015287|
|         253|  2.3528e-01|   -7.641313|   -9.260558|    0.391361|    0.008497|    0.015260|
|         254|  2.3518e-01|   -7.643204|   -9.254454|    0.391215|    0.008496|    0.015234|
|         255|  2.3507e-01|   -7.645022|   -9.248404|    0.391071|    0.008495|    0.015208|
|         256|  2.3496e-01|   -7.646745|   -9.242416|    0.390925|    0.008494|    0.015182|
|         257|  2.3484e-01|   -7.648354|   -9.236479|    0.390778|    0.008493|    0.015156|
|         258|  2.3476e-01|   -7.649841|   -9.230598|    0.390627|    0.008492|    0.015129|
|         259|  2.3469e-01|   -7.651201|   -9.224761|    0.390473|    0.008491|    0.015100|
|         260|  2.3461e-01|   -7.652439|   -9.218979|    0.390314|    0.008489|    0.015071|
|         261|  2.3454e-01|   -7.653566|   -9.213256|    0.390151|    0.008488|    0.015041|
|         262|  2.3447e-01|   -7.654599|   -9.207574|    0.389983|    0.008486|    0.015011|
|         263|  2.3443e-01|   -7.655562|   -9.201949|    0.389811|    0.008484|    0.014979|
|         264|  2.3437e-01|   -7.656480|   -9.196375|    0.389636|    0.008483|    0.014948|
|         265|  2.3431e-01|   -7.657383|   -9.190847|    0.389458|    0.008481|    0.014916|
|         266|  2.3425e-01|   -7.658298|   -9.185369|    0.389279|    0.008479|    0.014885|
|         267|  2.3420e-01|   -7.659252|   -9.179945|    0.389099|    0.008478|    0.014855|
|         268|  2.3412e-01|   -7.660265|   -9.174560|    0.388920|    0.008477|    0.014825|
|         269|  2.3403e-01|   -7.661355|   -9.169222|    0.388742|    0.008476|    0.014796|
|         270|  2.3396e-01|   -7.662530|   -9.163928|    0.388567|    0.008475|    0.014769|
|         271|  2.3388e-01|   -7.663793|   -9.158679|    0.388395|    0.008475|    0.014743|
|         272|  2.3380e-01|   -7.665138|   -9.153478|    0.388226|    0.008475|    0.014719|
|         273|  2.3372e-01|   -7.666557|   -9.148321|    0.388062|    0.008475|    0.014696|
|         274|  2.3366e-01|   -7.668035|   -9.143204|    0.387902|    0.008476|    0.014674|
|         275|  2.3358e-01|   -7.669553|   -9.138124|    0.387747|    0.008477|    0.014654|
|         276|  2.3349e-01|   -7.671094|   -9.133092|    0.387596|    0.008478|    0.014635|
|         277|  2.3338e-01|   -7.672637|   -9.128093|    0.387448|    0.008479|    0.014617|
|         278|  2.3326e-01|   -7.674165|   -9.123133|    0.387304|    0.008481|    0.014600|
|         279|  2.3315e-01|   -7.675662|   -9.118212|    0.387162|    0.008483|    0.014583|
|         280|  2.3305e-01|   -7.677114|   -9.113330|    0.387022|    0.008484|    0.014566|
|         281|  2.3295e-01|   -7.678511|   -9.108492|    0.386884|    0.008486|    0.014550|
|         282|  2.3284e-01|   -7.679846|   -9.103689|    0.386747|    0.008488|    0.014534|
|         283|  2.3273e-01|   -7.681115|   -9.098932|    0.386610|    0.008490|    0.014517|
|         284|  2.3263e-01|   -7.682316|   -9.094212|    0.386473|    0.008491|    0.014500|
|         285|  2.3252e-01|   -7.683450|   -9.089535|    0.386336|    0.008493|    0.014483|
|         286|  2.3243e-01|   -7.684522|   -9.084899|    0.386197|    0.008494|    0.014465|
|         287|  2.3234e-01|   -7.685537|   -9.080302|    0.386058|    0.008495|    0.014447|
|         288|  2.3224e-01|   -7.686501|   -9.075750|    0.385918|    0.008497|    0.014428|
|         289|  2.3216e-01|   -7.687424|   -9.071238|    0.385777|    0.008498|    0.014410|
|         290|  2.3208e-01|   -7.688313|   -9.066767|    0.385636|    0.008499|    0.014391|
|         291|  2.3198e-01|   -7.689178|   -9.062337|    0.385494|    0.008500|    0.014372|
|         292|  2.3189e-01|   -7.690026|   -9.057947|    0.385353|    0.008501|    0.014353|
|         293|  2.3186e-01|   -7.690866|   -9.053599|    0.385212|    0.008502|    0.014334|
|         294|  2.3180e-01|   -7.691703|   -9.049294|    0.385072|    0.008503|    0.014316|
|         295|  2.3173e-01|   -7.692541|   -9.045034|    0.384933|    0.008504|    0.014298|
|         296|  2.3163e-01|   -7.693384|   -9.040819|    0.384797|    0.008505|    0.014280|
|         297|  2.3161e-01|   -7.694232|   -9.036645|    0.384662|    0.008506|    0.014263|
|         298|  2.3155e-01|   -7.695083|   -9.032516|    0.384529|    0.008507|    0.014247|
|         299|  2.3147e-01|   -7.695938|   -9.028429|    0.384400|    0.008509|    0.014231|
|         300|  2.3139e-01|   -7.696791|   -9.024392|    0.384272|    0.008510|    0.014216|
|         301|  2.3134e-01|   -7.697639|   -9.020407|    0.384148|    0.008512|    0.014201|
|         302|  2.3129e-01|   -7.698480|   -9.016475|    0.384026|    0.008513|    0.014187|
|         303|  2.3122e-01|   -7.699308|   -9.012599|    0.383906|    0.008515|    0.014174|
|         304|  2.3115e-01|   -7.700120|   -9.008782|    0.383788|    0.008517|    0.014160|
|         305|  2.3108e-01|   -7.700913|   -9.005026|    0.383673|    0.008518|    0.014147|
|         306|  2.3099e-01|   -7.701684|   -9.001332|    0.383559|    0.008520|    0.014134|
|         307|  2.3090e-01|   -7.702431|   -8.997701|    0.383446|    0.008521|    0.014121|
|         308|  2.3081e-01|   -7.703154|   -8.994137|    0.383335|    0.008523|    0.014108|
|         309|  2.3073e-01|   -7.703852|   -8.990642|    0.383224|    0.008524|    0.014095|
|         310|  2.3066e-01|   -7.704524|   -8.987215|    0.383114|    0.008526|    0.014082|
|         311|  2.3061e-01|   -7.705171|   -8.983859|    0.383005|    0.008527|    0.014069|
|         312|  2.3054e-01|   -7.705794|   -8.980577|    0.382896|    0.008528|    0.014055|
|         313|  2.3050e-01|   -7.706394|   -8.977371|    0.382786|    0.008529|    0.014042|
|         314|  2.3044e-01|   -7.706974|   -8.974244|    0.382677|    0.008530|    0.014028|
|         315|  2.3035e-01|   -7.707535|   -8.971194|    0.382569|    0.008531|    0.014014|
|         316|  2.3026e-01|   -7.708079|   -8.968227|    0.382460|    0.008532|    0.013999|
|         317|  2.3017e-01|   -7.708608|   -8.965343|    0.382351|    0.008533|    0.013985|
|         318|  2.3014e-01|   -7.709125|   -8.962543|    0.382244|    0.008534|    0.013971|
|         319|  2.3008e-01|   -7.709633|   -8.959823|    0.382136|    0.008534|    0.013957|
|         320|  2.3008e-01|   -7.710131|   -8.957193|    0.382030|    0.008535|    0.013943|
|         321|  2.3010e-01|   -7.710624|   -8.954653|    0.381924|    0.008536|    0.013929|
|         322|  2.3016e-01|   -7.711110|   -8.952205|    0.381819|    0.008536|    0.013915|
|         323|  2.3018e-01|   -7.711591|   -8.949850|    0.381716|    0.008537|    0.013901|
|         324|  2.3018e-01|   -7.712068|   -8.947588|    0.381614|    0.008538|    0.013888|
|         325|  2.3018e-01|   -7.712541|   -8.945420|    0.381513|    0.008538|    0.013875|
|         326|  2.3025e-01|   -7.713009|   -8.943344|    0.381414|    0.008539|    0.013862|
|         327|  2.3050e-01|   -7.713472|   -8.941362|    0.381316|    0.008540|    0.013850|
|         328|  2.3051e-01|   -7.713928|   -8.939474|    0.381220|    0.008540|    0.013838|
|         329|  2.3050e-01|   -7.714377|   -8.937681|    0.381125|    0.008541|    0.013826|
|         330|  2.3053e-01|   -7.714819|   -8.935981|    0.381032|    0.008542|    0.013814|
|         331|  2.3081e-01|   -7.715252|   -8.934375|    0.380939|    0.008542|    0.013802|
|         332|  2.3084e-01|   -7.715675|   -8.932858|    0.380848|    0.008543|    0.013790|
|         333|  2.3119e-01|   -7.716088|   -8.931432|    0.380757|    0.008543|    0.013779|
|         334|  2.3129e-01|   -7.716490|   -8.930097|    0.380668|    0.008544|    0.013767|
|         335|  2.3143e-01|   -7.716882|   -8.928852|    0.380579|    0.008544|    0.013755|
|         336|  2.3158e-01|   -7.717262|   -8.927692|    0.380490|    0.008545|    0.013744|
|         337|  2.3172e-01|   -7.717631|   -8.926618|    0.380402|    0.008545|    0.013732|
|         338|  2.3193e-01|   -7.717990|   -8.925627|    0.380315|    0.008546|    0.013720|
|         339|  2.3221e-01|   -7.718339|   -8.924713|    0.380228|    0.008546|    0.013709|
|         340|  2.3243e-01|   -7.718679|   -8.923879|    0.380141|    0.008546|    0.013697|
|         341|  2.3257e-01|   -7.719011|   -8.923119|    0.380054|    0.008546|    0.013685|
|         342|  2.3265e-01|   -7.719336|   -8.922432|    0.379968|    0.008547|    0.013673|
|         343|  2.3279e-01|   -7.719655|   -8.921821|    0.379881|    0.008547|    0.013661|
|         344|  2.3290e-01|   -7.719969|   -8.921283|    0.379796|    0.008547|    0.013649|
|         345|  2.3302e-01|   -7.720279|   -8.920816|    0.379710|    0.008547|    0.013637|
|         346|  2.3315e-01|   -7.720587|   -8.920418|    0.379626|    0.008547|    0.013625|
|         347|  2.3327e-01|   -7.720894|   -8.920086|    0.379541|    0.008547|    0.013613|
|         348|  2.3347e-01|   -7.721201|   -8.919815|    0.379458|    0.008547|    0.013601|
|         349|  2.3355e-01|   -7.721509|   -8.919603|    0.379374|    0.008547|    0.013590|
|         350|  2.3391e-01|   -7.721818|   -8.919447|    0.379292|    0.008547|    0.013578|
|         351|  2.3412e-01|   -7.722128|   -8.919347|    0.379211|    0.008547|    0.013567|
|         352|  2.3427e-01|   -7.722441|   -8.919301|    0.379130|    0.008547|    0.013556|
|         353|  2.3439e-01|   -7.722756|   -8.919305|    0.379050|    0.008547|    0.013545|
|         354|  2.3449e-01|   -7.723073|   -8.919353|    0.378971|    0.008547|    0.013534|
|         355|  2.3477e-01|   -7.723393|   -8.919446|    0.378893|    0.008547|    0.013523|
|         356|  2.3500e-01|   -7.723716|   -8.919582|    0.378815|    0.008547|    0.013513|
|         357|  2.3520e-01|   -7.724042|   -8.919758|    0.378738|    0.008547|    0.013502|
|         358|  2.3532e-01|   -7.724370|   -8.919967|    0.378662|    0.008547|    0.013491|
|         359|  2.3552e-01|   -7.724701|   -8.920208|    0.378587|    0.008547|    0.013481|
|         360|  2.3593e-01|   -7.725035|   -8.920482|    0.378512|    0.008547|    0.013471|
|         361|  2.3604e-01|   -7.725373|   -8.920784|    0.378437|    0.008547|    0.013460|
|         362|  2.3613e-01|   -7.725714|   -8.921110|    0.378363|    0.008546|    0.013450|
|         363|  2.3620e-01|   -7.726059|   -8.921461|    0.378290|    0.008546|    0.013440|
|         364|  2.3627e-01|   -7.726409|   -8.921837|    0.378216|    0.008546|    0.013430|
|         365|  2.3640e-01|   -7.726763|   -8.922234|    0.378144|    0.008546|    0.013419|
|         366|  2.3658e-01|   -7.727123|   -8.922651|    0.378071|    0.008546|    0.013409|
|         367|  2.3677e-01|   -7.727489|   -8.923086|    0.377999|    0.008546|    0.013399|
|         368|  2.3691e-01|   -7.727862|   -8.923534|    0.377927|    0.008546|    0.013389|
|         369|  2.3709e-01|   -7.728243|   -8.923999|    0.377855|    0.008545|    0.013378|
|         370|  2.3730e-01|   -7.728632|   -8.924473|    0.377784|    0.008545|    0.013368|
|         371|  2.3744e-01|   -7.729029|   -8.924959|    0.377713|    0.008545|    0.013358|
|         372|  2.3770e-01|   -7.729436|   -8.925458|    0.377643|    0.008545|    0.013348|
|         373|  2.3784e-01|   -7.729853|   -8.925962|    0.377573|    0.008544|    0.013338|
|         374|  2.3797e-01|   -7.730281|   -8.926477|    0.377503|    0.008544|    0.013328|
|         375|  2.3811e-01|   -7.730720|   -8.927003|    0.377434|    0.008544|    0.013318|
|         376|  2.3821e-01|   -7.731171|   -8.927540|    0.377365|    0.008544|    0.013308|
|         377|  2.3829e-01|   -7.731634|   -8.928088|    0.377297|    0.008543|    0.013299|
|         378|  2.3837e-01|   -7.732109|   -8.928641|    0.377229|    0.008543|    0.013289|
|         379|  2.3852e-01|   -7.732597|   -8.929204|    0.377162|    0.008543|    0.013280|
|         380|  2.3858e-01|   -7.733097|   -8.929777|    0.377095|    0.008542|    0.013270|
|         381|  2.3870e-01|   -7.733611|   -8.930359|    0.377029|    0.008542|    0.013261|
|         382|  2.3896e-01|   -7.734137|   -8.930949|    0.376963|    0.008542|    0.013252|
|         383|  2.3905e-01|   -7.734677|   -8.931543|    0.376898|    0.008542|    0.013242|
|         384|  2.3932e-01|   -7.735231|   -8.932143|    0.376834|    0.008541|    0.013233|
|         385|  2.3951e-01|   -7.735797|   -8.932743|    0.376770|    0.008541|    0.013224|
|         386|  2.3961e-01|   -7.736377|   -8.933350|    0.376706|    0.008541|    0.013215|
|         387|  2.3970e-01|   -7.736971|   -8.933966|    0.376643|    0.008540|    0.013206|
|         388|  2.3971e-01|   -7.737578|   -8.934591|    0.376580|    0.008540|    0.013197|
|         389|  2.3981e-01|   -7.738199|   -8.935225|    0.376518|    0.008540|    0.013188|
|         390|  2.3998e-01|   -7.738834|   -8.935868|    0.376456|    0.008539|    0.013180|
|         391|  2.4008e-01|   -7.739483|   -8.936516|    0.376395|    0.008539|    0.013171|
|         392|  2.4017e-01|   -7.740146|   -8.937174|    0.376333|    0.008539|    0.013162|
|         393|  2.4025e-01|   -7.740822|   -8.937842|    0.376272|    0.008538|    0.013153|
|         394|  2.4040e-01|   -7.741513|   -8.938514|    0.376212|    0.008538|    0.013145|
|         395|  2.4057e-01|   -7.742218|   -8.939192|    0.376151|    0.008538|    0.013136|
|         396|  2.4074e-01|   -7.742938|   -8.939871|    0.376091|    0.008537|    0.013127|
|         397|  2.4087e-01|   -7.743671|   -8.940557|    0.376032|    0.008537|    0.013119|
|         398|  2.4110e-01|   -7.744418|   -8.941247|    0.375972|    0.008536|    0.013110|
|         399|  2.4125e-01|   -7.745180|   -8.941948|    0.375914|    0.008536|    0.013102|
|         400|  2.4132e-01|   -7.745956|   -8.942661|    0.375855|    0.008536|    0.013093|
|         401|  2.4142e-01|   -7.746745|   -8.943388|    0.375797|    0.008535|    0.013085|
|         402|  2.4156e-01|   -7.747549|   -8.944127|    0.375739|    0.008535|    0.013076|
|         403|  2.4163e-01|   -7.748366|   -8.944878|    0.375681|    0.008534|    0.013068|
|         404|  2.4175e-01|   -7.749196|   -8.945642|    0.375624|    0.008534|    0.013060|
|         405|  2.4195e-01|   -7.750039|   -8.946420|    0.375567|    0.008533|    0.013052|
|         406|  2.4226e-01|   -7.750895|   -8.947208|    0.375511|    0.008533|    0.013043|
|         407|  2.4238e-01|   -7.751763|   -8.948008|    0.375455|    0.008532|    0.013035|
|         408|  2.4244e-01|   -7.752643|   -8.948824|    0.375400|    0.008532|    0.013027|
|         409|  2.4257e-01|   -7.753534|   -8.949653|    0.375345|    0.008532|    0.013019|
|         410|  2.4264e-01|   -7.754437|   -8.950488|    0.375290|    0.008531|    0.013011|
|         411|  2.4279e-01|   -7.755350|   -8.951337|    0.375236|    0.008531|    0.013004|
|         412|  2.4277e-01|   -7.756273|   -8.952202|    0.375182|    0.008530|    0.012996|
|         413|  2.4291e-01|   -7.757206|   -8.953082|    0.375128|    0.008530|    0.012988|
|         414|  2.4300e-01|   -7.758148|   -8.953979|    0.375075|    0.008529|    0.012980|
|         415|  2.4310e-01|   -7.759098|   -8.954892|    0.375022|    0.008529|    0.012973|
|         416|  2.4328e-01|   -7.760056|   -8.955821|    0.374969|    0.008528|    0.012965|
|         417|  2.4346e-01|   -7.761021|   -8.956764|    0.374917|    0.008528|    0.012957|
|         418|  2.4352e-01|   -7.761994|   -8.957722|    0.374865|    0.008527|    0.012950|
|         419|  2.4358e-01|   -7.762972|   -8.958698|    0.374813|    0.008527|    0.012942|
|         420|  2.4366e-01|   -7.763956|   -8.959693|    0.374761|    0.008526|    0.012935|
|         421|  2.4376e-01|   -7.764945|   -8.960705|    0.374710|    0.008526|    0.012927|
|         422|  2.4387e-01|   -7.765939|   -8.961736|    0.374659|    0.008525|    0.012920|
|         423|  2.4407e-01|   -7.766937|   -8.962785|    0.374609|    0.008525|    0.012912|
|         424|  2.4421e-01|   -7.767938|   -8.963854|    0.374558|    0.008524|    0.012905|
|         425|  2.4436e-01|   -7.768942|   -8.964935|    0.374508|    0.008524|    0.012897|
|         426|  2.4444e-01|   -7.769948|   -8.966038|    0.374458|    0.008523|    0.012890|
|         427|  2.4458e-01|   -7.770955|   -8.967160|    0.374409|    0.008522|    0.012883|
|         428|  2.4491e-01|   -7.771964|   -8.968302|    0.374359|    0.008522|    0.012875|
|         429|  2.4498e-01|   -7.772973|   -8.969465|    0.374310|    0.008521|    0.012868|
|         430|  2.4505e-01|   -7.773981|   -8.970646|    0.374262|    0.008521|    0.012861|
|         431|  2.4515e-01|   -7.774989|   -8.971839|    0.374213|    0.008520|    0.012854|
|         432|  2.4519e-01|   -7.775996|   -8.973054|    0.374165|    0.008520|    0.012847|
|         433|  2.4538e-01|   -7.777001|   -8.974290|    0.374117|    0.008519|    0.012839|
|         434|  2.4545e-01|   -7.778003|   -8.975550|    0.374070|    0.008518|    0.012832|
|         435|  2.4547e-01|   -7.779003|   -8.976833|    0.374023|    0.008518|    0.012825|
|         436|  2.4551e-01|   -7.779998|   -8.978140|    0.373976|    0.008517|    0.012818|
|         437|  2.4551e-01|   -7.780990|   -8.979472|    0.373929|    0.008517|    0.012811|
|         438|  2.4549e-01|   -7.781978|   -8.980828|    0.373882|    0.008516|    0.012805|
|         439|  2.4575e-01|   -7.782960|   -8.982208|    0.373836|    0.008516|    0.012798|
|         440|  2.4608e-01|   -7.783937|   -8.983613|    0.373790|    0.008515|    0.012791|
|         441|  2.4637e-01|   -7.784907|   -8.985044|    0.373745|    0.008514|    0.012784|
|         442|  2.4649e-01|   -7.785872|   -8.986494|    0.373699|    0.008514|    0.012777|
|         443|  2.4652e-01|   -7.786830|   -8.987968|    0.373654|    0.008513|    0.012771|
|         444|  2.4670e-01|   -7.787781|   -8.989468|    0.373609|    0.008512|    0.012764|
|         445|  2.4682e-01|   -7.788724|   -8.990993|    0.373564|    0.008512|    0.012757|
|         446|  2.4686e-01|   -7.789660|   -8.992543|    0.373520|    0.008511|    0.012750|
|         447|  2.4710e-01|   -7.790587|   -8.994118|    0.373476|    0.008511|    0.012744|
|         448|  2.4729e-01|   -7.791507|   -8.995718|    0.373432|    0.008510|    0.012737|
|         449|  2.4757e-01|   -7.792418|   -8.997343|    0.373388|    0.008509|    0.012731|
|         450|  2.4796e-01|   -7.793321|   -8.998994|    0.373344|    0.008509|    0.012724|
|         451|  2.4822e-01|   -7.794215|   -9.000668|    0.373301|    0.008508|    0.012717|
|         452|  2.4839e-01|   -7.795100|   -9.002367|    0.373258|    0.008507|    0.012711|
|         453|  2.4851e-01|   -7.795976|   -9.004090|    0.373215|    0.008507|    0.012704|
|         454|  2.4858e-01|   -7.796843|   -9.005837|    0.373172|    0.008506|    0.012698|
|         455|  2.4866e-01|   -7.797701|   -9.007609|    0.373129|    0.008506|    0.012691|
|         456|  2.4887e-01|   -7.798550|   -9.009405|    0.373087|    0.008505|    0.012685|
|         457|  2.4892e-01|   -7.799390|   -9.011225|    0.373045|    0.008504|    0.012679|
|         458|  2.4901e-01|   -7.800221|   -9.013069|    0.373003|    0.008504|    0.012672|
|         459|  2.4907e-01|   -7.801043|   -9.014936|    0.372961|    0.008503|    0.012666|
|         460|  2.4901e-01|   -7.801857|   -9.016827|    0.372920|    0.008502|    0.012660|
|         461|  2.4898e-01|   -7.802662|   -9.018741|    0.372879|    0.008502|    0.012653|
|         462|  2.4891e-01|   -7.803459|   -9.020678|    0.372837|    0.008501|    0.012647|
|         463|  2.4882e-01|   -7.804247|   -9.022637|    0.372797|    0.008500|    0.012641|
|         464|  2.4875e-01|   -7.805028|   -9.024617|    0.372756|    0.008500|    0.012635|
|         465|  2.4867e-01|   -7.805801|   -9.026619|    0.372715|    0.008499|    0.012629|
|         466|  2.4860e-01|   -7.806566|   -9.028642|    0.372675|    0.008498|    0.012622|
|         467|  2.4855e-01|   -7.807324|   -9.030686|    0.372635|    0.008498|    0.012616|
|         468|  2.4845e-01|   -7.808075|   -9.032749|    0.372595|    0.008497|    0.012610|
|         469|  2.4838e-01|   -7.808820|   -9.034827|    0.372556|    0.008496|    0.012604|
|         470|  2.4829e-01|   -7.809558|   -9.036925|    0.372516|    0.008496|    0.012598|
|         471|  2.4821e-01|   -7.810291|   -9.039038|    0.372477|    0.008495|    0.012592|
|         472|  2.4813e-01|   -7.811018|   -9.041170|    0.372438|    0.008494|    0.012586|
|         473|  2.4807e-01|   -7.811739|   -9.043318|    0.372399|    0.008494|    0.012580|
|         474|  2.4798e-01|   -7.812456|   -9.045481|    0.372360|    0.008493|    0.012574|
|         475|  2.4794e-01|   -7.813168|   -9.047660|    0.372322|    0.008492|    0.012568|
|         476|  2.4787e-01|   -7.813876|   -9.049854|    0.372283|    0.008492|    0.012562|
|         477|  2.4780e-01|   -7.814580|   -9.052060|    0.372245|    0.008491|    0.012556|
|         478|  2.4772e-01|   -7.815281|   -9.054280|    0.372207|    0.008490|    0.012551|
|         479|  2.4764e-01|   -7.815979|   -9.056512|    0.372169|    0.008490|    0.012545|
|         480|  2.4757e-01|   -7.816674|   -9.058755|    0.372131|    0.008489|    0.012539|
|         481|  2.4751e-01|   -7.817367|   -9.061004|    0.372094|    0.008488|    0.012533|
|         482|  2.4743e-01|   -7.818059|   -9.063264|    0.372056|    0.008488|    0.012527|
|         483|  2.4736e-01|   -7.818748|   -9.065533|    0.372019|    0.008487|    0.012522|
|         484|  2.4728e-01|   -7.819437|   -9.067811|    0.371982|    0.008486|    0.012516|
|         485|  2.4722e-01|   -7.820124|   -9.070096|    0.371945|    0.008486|    0.012510|
|         486|  2.4714e-01|   -7.820811|   -9.072389|    0.371909|    0.008485|    0.012505|
|         487|  2.4706e-01|   -7.821498|   -9.074687|    0.371872|    0.008485|    0.012499|
|         488|  2.4699e-01|   -7.822186|   -9.076989|    0.371836|    0.008484|    0.012493|
|         489|  2.4694e-01|   -7.822873|   -9.079295|    0.371800|    0.008483|    0.012488|
|         490|  2.4687e-01|   -7.823562|   -9.081604|    0.371764|    0.008483|    0.012482|
|         491|  2.4683e-01|   -7.824251|   -9.083913|    0.371728|    0.008482|    0.012477|
|         492|  2.4677e-01|   -7.824942|   -9.086223|    0.371692|    0.008481|    0.012471|
|         493|  2.4669e-01|   -7.825635|   -9.088530|    0.371657|    0.008481|    0.012466|
|         494|  2.4662e-01|   -7.826329|   -9.090836|    0.371621|    0.008480|    0.012460|
|         495|  2.4654e-01|   -7.827025|   -9.093140|    0.371586|    0.008479|    0.012455|
|         496|  2.4647e-01|   -7.827724|   -9.095440|    0.371551|    0.008479|    0.012449|
|         497|  2.4640e-01|   -7.828425|   -9.097737|    0.371516|    0.008478|    0.012444|
|         498|  2.4633e-01|   -7.829129|   -9.100029|    0.371481|    0.008477|    0.012438|
|         499|  2.4626e-01|   -7.829836|   -9.102316|    0.371447|    0.008477|    0.012433|
|         500|  2.4620e-01|   -7.830546|   -9.104593|    0.371412|    0.008476|    0.012428|
+-----------------------------------------------------------------------+
|        File Writing Summary       |              Filename             |
+-----------------------------------------------------------------------+
|SU2 binary restart                 |restart_flow.dat                   |
|Paraview                           |flow.vtu                           |
|Paraview surface                   |surface_flow.vtu                   |
+-----------------------------------------------------------------------+
+------------------------------------------------------------------------------------------+
|  Inner_Iter|   Time(sec)|    rms[Rho]|     rms[nu]|          CL|          CD|         CMz|
+------------------------------------------------------------------------------------------+
|         501|  2.4628e-01|   -7.831259|   -9.106862|    0.371378|    0.008475|    0.012422|
|         502|  2.4621e-01|   -7.831976|   -9.109123|    0.371344|    0.008475|    0.012417|
|         503|  2.4619e-01|   -7.832696|   -9.111376|    0.371310|    0.008474|    0.012412|
|         504|  2.4612e-01|   -7.833419|   -9.113618|    0.371276|    0.008474|    0.012407|
|         505|  2.4607e-01|   -7.834147|   -9.115850|    0.371243|    0.008473|    0.012401|
|         506|  2.4601e-01|   -7.834879|   -9.118071|    0.371209|    0.008472|    0.012396|
|         507|  2.4595e-01|   -7.835614|   -9.120278|    0.371176|    0.008472|    0.012391|
|         508|  2.4587e-01|   -7.836354|   -9.122468|    0.371143|    0.008471|    0.012386|
|         509|  2.4580e-01|   -7.837098|   -9.124643|    0.371109|    0.008470|    0.012381|
|         510|  2.4574e-01|   -7.837846|   -9.126804|    0.371077|    0.008470|    0.012376|
|         511|  2.4567e-01|   -7.838599|   -9.128945|    0.371044|    0.008469|    0.012370|
|         512|  2.4561e-01|   -7.839356|   -9.131070|    0.371011|    0.008469|    0.012365|
|         513|  2.4555e-01|   -7.840118|   -9.133173|    0.370979|    0.008468|    0.012360|
|         514|  2.4549e-01|   -7.840884|   -9.135253|    0.370946|    0.008467|    0.012355|
|         515|  2.4542e-01|   -7.841655|   -9.137314|    0.370914|    0.008467|    0.012350|
|         516|  2.4536e-01|   -7.842432|   -9.139355|    0.370882|    0.008466|    0.012345|
|         517|  2.4530e-01|   -7.843213|   -9.141378|    0.370850|    0.008466|    0.012340|
|         518|  2.4523e-01|   -7.843999|   -9.143379|    0.370818|    0.008465|    0.012335|
|         519|  2.4518e-01|   -7.844790|   -9.145360|    0.370787|    0.008464|    0.012330|
|         520|  2.4515e-01|   -7.845586|   -9.147321|    0.370755|    0.008464|    0.012326|
|         521|  2.4510e-01|   -7.846388|   -9.149261|    0.370724|    0.008463|    0.012321|
|         522|  2.4504e-01|   -7.847196|   -9.151179|    0.370693|    0.008463|    0.012316|
|         523|  2.4497e-01|   -7.848008|   -9.153074|    0.370662|    0.008462|    0.012311|
|         524|  2.4490e-01|   -7.848827|   -9.154947|    0.370631|    0.008462|    0.012306|
|         525|  2.4485e-01|   -7.849651|   -9.156793|    0.370600|    0.008461|    0.012301|
|         526|  2.4479e-01|   -7.850481|   -9.158612|    0.370570|    0.008460|    0.012297|
|         527|  2.4473e-01|   -7.851317|   -9.160404|    0.370539|    0.008460|    0.012292|
|         528|  2.4467e-01|   -7.852159|   -9.162170|    0.370509|    0.008459|    0.012287|
|         529|  2.4461e-01|   -7.853007|   -9.163907|    0.370478|    0.008459|    0.012282|
|         530|  2.4457e-01|   -7.853862|   -9.165611|    0.370448|    0.008458|    0.012278|
|         531|  2.4451e-01|   -7.854723|   -9.167287|    0.370418|    0.008458|    0.012273|
|         532|  2.4445e-01|   -7.855591|   -9.168935|    0.370389|    0.008457|    0.012268|
|         533|  2.4439e-01|   -7.856466|   -9.170555|    0.370359|    0.008456|    0.012264|
|         534|  2.4435e-01|   -7.857348|   -9.172147|    0.370329|    0.008456|    0.012259|
|         535|  2.4428e-01|   -7.858237|   -9.173712|    0.370300|    0.008455|    0.012255|
|         536|  2.4421e-01|   -7.859134|   -9.175248|    0.370271|    0.008455|    0.012250|
|         537|  2.4414e-01|   -7.860038|   -9.176757|    0.370241|    0.008454|    0.012245|
|         538|  2.4407e-01|   -7.860950|   -9.178238|    0.370212|    0.008454|    0.012241|
|         539|  2.4400e-01|   -7.861870|   -9.179689|    0.370183|    0.008453|    0.012236|
|         540|  2.4394e-01|   -7.862798|   -9.181110|    0.370155|    0.008453|    0.012232|
|         541|  2.4387e-01|   -7.863735|   -9.182502|    0.370126|    0.008452|    0.012227|
|         542|  2.4380e-01|   -7.864680|   -9.183866|    0.370097|    0.008452|    0.012223|
|         543|  2.4374e-01|   -7.865635|   -9.185201|    0.370069|    0.008451|    0.012218|
|         544|  2.4368e-01|   -7.866598|   -9.186506|    0.370041|    0.008450|    0.012214|
|         545|  2.4361e-01|   -7.867571|   -9.187783|    0.370013|    0.008450|    0.012210|
|         546|  2.4355e-01|   -7.868554|   -9.189031|    0.369985|    0.008449|    0.012205|
|         547|  2.4348e-01|   -7.869546|   -9.190250|    0.369957|    0.008449|    0.012201|
|         548|  2.4343e-01|   -7.870549|   -9.191431|    0.369929|    0.008448|    0.012197|
|         549|  2.4339e-01|   -7.871561|   -9.192575|    0.369901|    0.008448|    0.012192|
|         550|  2.4334e-01|   -7.872585|   -9.193685|    0.369874|    0.008447|    0.012188|
|         551|  2.4332e-01|   -7.873619|   -9.194764|    0.369846|    0.008447|    0.012184|
|         552|  2.4330e-01|   -7.874665|   -9.195812|    0.369819|    0.008446|    0.012179|
|         553|  2.4325e-01|   -7.875721|   -9.196828|    0.369792|    0.008446|    0.012175|
|         554|  2.4320e-01|   -7.876790|   -9.197801|    0.369765|    0.008445|    0.012171|
|         555|  2.4313e-01|   -7.877870|   -9.198744|    0.369738|    0.008445|    0.012167|
|         556|  2.4308e-01|   -7.878962|   -9.199660|    0.369711|    0.008444|    0.012163|
|         557|  2.4301e-01|   -7.880067|   -9.200541|    0.369684|    0.008444|    0.012159|
|         558|  2.4295e-01|   -7.881184|   -9.201392|    0.369658|    0.008443|    0.012154|
|         559|  2.4289e-01|   -7.882314|   -9.202211|    0.369632|    0.008443|    0.012150|
|         560|  2.4283e-01|   -7.883457|   -9.203004|    0.369605|    0.008442|    0.012146|
|         561|  2.4277e-01|   -7.884613|   -9.203771|    0.369579|    0.008442|    0.012142|
|         562|  2.4271e-01|   -7.885782|   -9.204512|    0.369553|    0.008441|    0.012138|
|         563|  2.4266e-01|   -7.886965|   -9.205226|    0.369527|    0.008441|    0.012134|
|         564|  2.4260e-01|   -7.888162|   -9.205915|    0.369501|    0.008440|    0.012130|
|         565|  2.4257e-01|   -7.889373|   -9.206579|    0.369475|    0.008440|    0.012126|
|         566|  2.4255e-01|   -7.890598|   -9.207217|    0.369450|    0.008440|    0.012122|
|         567|  2.4254e-01|   -7.891838|   -9.207828|    0.369424|    0.008439|    0.012118|
|         568|  2.4249e-01|   -7.893092|   -9.208399|    0.369399|    0.008439|    0.012114|
|         569|  2.4243e-01|   -7.894361|   -9.208926|    0.369374|    0.008438|    0.012110|
|         570|  2.4238e-01|   -7.895644|   -9.209425|    0.369349|    0.008438|    0.012106|
|         571|  2.4232e-01|   -7.896943|   -9.209898|    0.369324|    0.008437|    0.012102|
|         572|  2.4225e-01|   -7.898256|   -9.210342|    0.369299|    0.008437|    0.012098|
|         573|  2.4219e-01|   -7.899585|   -9.210753|    0.369274|    0.008436|    0.012094|
|         574|  2.4214e-01|   -7.900929|   -9.211135|    0.369249|    0.008436|    0.012091|
|         575|  2.4208e-01|   -7.902288|   -9.211492|    0.369225|    0.008435|    0.012087|
|         576|  2.4203e-01|   -7.903663|   -9.211824|    0.369200|    0.008435|    0.012083|
|         577|  2.4199e-01|   -7.905053|   -9.212136|    0.369176|    0.008434|    0.012079|
|         578|  2.4193e-01|   -7.906458|   -9.212423|    0.369152|    0.008434|    0.012075|
|         579|  2.4188e-01|   -7.907879|   -9.212686|    0.369127|    0.008434|    0.012072|
|         580|  2.4182e-01|   -7.909315|   -9.212924|    0.369103|    0.008433|    0.012068|
|         581|  2.4178e-01|   -7.910767|   -9.213137|    0.369080|    0.008433|    0.012064|
|         582|  2.4174e-01|   -7.912234|   -9.213316|    0.369056|    0.008432|    0.012061|
|         583|  2.4170e-01|   -7.913717|   -9.213470|    0.369032|    0.008432|    0.012057|
|         584|  2.4168e-01|   -7.915215|   -9.213601|    0.369009|    0.008431|    0.012053|
|         585|  2.4163e-01|   -7.916728|   -9.213711|    0.368985|    0.008431|    0.012050|
|         586|  2.4157e-01|   -7.918257|   -9.213798|    0.368962|    0.008430|    0.012046|
|         587|  2.4152e-01|   -7.919800|   -9.213862|    0.368939|    0.008430|    0.012042|
|         588|  2.4146e-01|   -7.921358|   -9.213900|    0.368915|    0.008430|    0.012039|
|         589|  2.4140e-01|   -7.922932|   -9.213900|    0.368892|    0.008429|    0.012035|
|         590|  2.4134e-01|   -7.924519|   -9.213880|    0.368869|    0.008429|    0.012032|
|         591|  2.4128e-01|   -7.926122|   -9.213840|    0.368847|    0.008428|    0.012028|
|         592|  2.4123e-01|   -7.927738|   -9.213779|    0.368824|    0.008428|    0.012024|
|         593|  2.4118e-01|   -7.929369|   -9.213696|    0.368801|    0.008427|    0.012021|
|         594|  2.4112e-01|   -7.931013|   -9.213595|    0.368779|    0.008427|    0.012017|
|         595|  2.4107e-01|   -7.932671|   -9.213471|    0.368756|    0.008427|    0.012014|
|         596|  2.4102e-01|   -7.934342|   -9.213319|    0.368734|    0.008426|    0.012010|
|         597|  2.4096e-01|   -7.936027|   -9.213157|    0.368712|    0.008426|    0.012007|
|         598|  2.4093e-01|   -7.937723|   -9.212986|    0.368690|    0.008425|    0.012004|
|         599|  2.4087e-01|   -7.939433|   -9.212808|    0.368668|    0.008425|    0.012000|
|         600|  2.4082e-01|   -7.941154|   -9.212626|    0.368646|    0.008425|    0.011997|
|         601|  2.4078e-01|   -7.942887|   -9.212434|    0.368624|    0.008424|    0.011993|
|         602|  2.4076e-01|   -7.944631|   -9.212225|    0.368603|    0.008424|    0.011990|
|         603|  2.4074e-01|   -7.946386|   -9.212015|    0.368581|    0.008423|    0.011987|
|         604|  2.4072e-01|   -7.948152|   -9.211805|    0.368560|    0.008423|    0.011983|
|         605|  2.4069e-01|   -7.949927|   -9.211596|    0.368538|    0.008423|    0.011980|
|         606|  2.4067e-01|   -7.951713|   -9.211386|    0.368517|    0.008422|    0.011977|
|         607|  2.4065e-01|   -7.953507|   -9.211174|    0.368496|    0.008422|    0.011973|
|         608|  2.4062e-01|   -7.955310|   -9.210950|    0.368475|    0.008421|    0.011970|
|         609|  2.4057e-01|   -7.957122|   -9.210725|    0.368454|    0.008421|    0.011967|
|         610|  2.4052e-01|   -7.958941|   -9.210499|    0.368433|    0.008421|    0.011964|
|         611|  2.4046e-01|   -7.960767|   -9.210267|    0.368412|    0.008420|    0.011960|
|         612|  2.4040e-01|   -7.962600|   -9.210033|    0.368392|    0.008420|    0.011957|
|         613|  2.4034e-01|   -7.964439|   -9.209799|    0.368371|    0.008419|    0.011954|
|         614|  2.4028e-01|   -7.966283|   -9.209565|    0.368350|    0.008419|    0.011951|
|         615|  2.4025e-01|   -7.968133|   -9.209331|    0.368330|    0.008419|    0.011948|
|         616|  2.4020e-01|   -7.969986|   -9.209097|    0.368310|    0.008418|    0.011945|
|         617|  2.4015e-01|   -7.971844|   -9.208864|    0.368290|    0.008418|    0.011942|
|         618|  2.4012e-01|   -7.973705|   -9.208633|    0.368270|    0.008417|    0.011938|
|         619|  2.4005e-01|   -7.975568|   -9.208404|    0.368250|    0.008417|    0.011935|
|         620|  2.3999e-01|   -7.977434|   -9.208178|    0.368230|    0.008417|    0.011932|
|         621|  2.3993e-01|   -7.979301|   -9.207955|    0.368210|    0.008416|    0.011929|
|         622|  2.3987e-01|   -7.981169|   -9.207735|    0.368190|    0.008416|    0.011926|
|         623|  2.3980e-01|   -7.983037|   -9.207518|    0.368171|    0.008416|    0.011923|
|         624|  2.3974e-01|   -7.984904|   -9.207306|    0.368151|    0.008415|    0.011920|
|         625|  2.3968e-01|   -7.986771|   -9.207097|    0.368132|    0.008415|    0.011917|
|         626|  2.3961e-01|   -7.988636|   -9.206886|    0.368113|    0.008414|    0.011914|
|         627|  2.3957e-01|   -7.990499|   -9.206674|    0.368093|    0.008414|    0.011911|
|         628|  2.3954e-01|   -7.992359|   -9.206467|    0.368074|    0.008414|    0.011908|
|         629|  2.3951e-01|   -7.994215|   -9.206264|    0.368055|    0.008413|    0.011905|
|         630|  2.3948e-01|   -7.996067|   -9.206067|    0.368036|    0.008413|    0.011902|
|         631|  2.3943e-01|   -7.997915|   -9.205875|    0.368018|    0.008413|    0.011899|
|         632|  2.3940e-01|   -7.999757|   -9.205690|    0.367999|    0.008412|    0.011896|
|         633|  2.3935e-01|   -8.001594|   -9.205512|    0.367980|    0.008412|    0.011894|
|         634|  2.3929e-01|   -8.003424|   -9.205342|    0.367962|    0.008412|    0.011891|
|         635|  2.3923e-01|   -8.005248|   -9.205179|    0.367943|    0.008411|    0.011888|
|         636|  2.3917e-01|   -8.007064|   -9.205025|    0.367925|    0.008411|    0.011885|
|         637|  2.3911e-01|   -8.008872|   -9.204878|    0.367906|    0.008410|    0.011882|
|         638|  2.3905e-01|   -8.010671|   -9.204734|    0.367888|    0.008410|    0.011879|
|         639|  2.3898e-01|   -8.012462|   -9.204598|    0.367870|    0.008410|    0.011877|
|         640|  2.3893e-01|   -8.014242|   -9.204469|    0.367852|    0.008409|    0.011874|
|         641|  2.3888e-01|   -8.016013|   -9.204348|    0.367834|    0.008409|    0.011871|
|         642|  2.3881e-01|   -8.017774|   -9.204235|    0.367816|    0.008409|    0.011868|
|         643|  2.3878e-01|   -8.019523|   -9.204130|    0.367799|    0.008408|    0.011866|
|         644|  2.3872e-01|   -8.021262|   -9.204034|    0.367781|    0.008408|    0.011863|
|         645|  2.3867e-01|   -8.022988|   -9.203945|    0.367763|    0.008408|    0.011860|
|         646|  2.3860e-01|   -8.024702|   -9.203864|    0.367746|    0.008407|    0.011857|
|         647|  2.3855e-01|   -8.026404|   -9.203792|    0.367729|    0.008407|    0.011855|
|         648|  2.3849e-01|   -8.028092|   -9.203728|    0.367711|    0.008407|    0.011852|
|         649|  2.3845e-01|   -8.029768|   -9.203674|    0.367694|    0.008406|    0.011849|
|         650|  2.3841e-01|   -8.031430|   -9.203627|    0.367677|    0.008406|    0.011847|
|         651|  2.3835e-01|   -8.033078|   -9.203589|    0.367660|    0.008406|    0.011844|
|         652|  2.3829e-01|   -8.034712|   -9.203559|    0.367643|    0.008405|    0.011842|
|         653|  2.3824e-01|   -8.036332|   -9.203538|    0.367626|    0.008405|    0.011839|
|         654|  2.3819e-01|   -8.037937|   -9.203526|    0.367609|    0.008405|    0.011836|
|         655|  2.3813e-01|   -8.039527|   -9.203523|    0.367592|    0.008404|    0.011834|
|         656|  2.3808e-01|   -8.041102|   -9.203530|    0.367576|    0.008404|    0.011831|
|         657|  2.3803e-01|   -8.042662|   -9.203545|    0.367559|    0.008404|    0.011829|
|         658|  2.3797e-01|   -8.044206|   -9.203569|    0.367543|    0.008403|    0.011826|
|         659|  2.3791e-01|   -8.045735|   -9.203602|    0.367526|    0.008403|    0.011824|
|         660|  2.3786e-01|   -8.047249|   -9.203645|    0.367510|    0.008403|    0.011821|
|         661|  2.3781e-01|   -8.048747|   -9.203697|    0.367494|    0.008403|    0.011819|
|         662|  2.3775e-01|   -8.050229|   -9.203758|    0.367478|    0.008402|    0.011816|
|         663|  2.3770e-01|   -8.051695|   -9.203829|    0.367462|    0.008402|    0.011814|
|         664|  2.3764e-01|   -8.053145|   -9.203909|    0.367446|    0.008402|    0.011811|
|         665|  2.3758e-01|   -8.054580|   -9.203999|    0.367430|    0.008401|    0.011809|
|         666|  2.3753e-01|   -8.055999|   -9.204098|    0.367414|    0.008401|    0.011806|
|         667|  2.3748e-01|   -8.057402|   -9.204206|    0.367398|    0.008401|    0.011804|
|         668|  2.3742e-01|   -8.058789|   -9.204323|    0.367383|    0.008400|    0.011801|
|         669|  2.3737e-01|   -8.060161|   -9.204450|    0.367367|    0.008400|    0.011799|
|         670|  2.3732e-01|   -8.061517|   -9.204585|    0.367351|    0.008400|    0.011797|
|         671|  2.3726e-01|   -8.062857|   -9.204730|    0.367336|    0.008400|    0.011794|
|         672|  2.3721e-01|   -8.064182|   -9.204882|    0.367321|    0.008399|    0.011792|
|         673|  2.3715e-01|   -8.065492|   -9.205037|    0.367305|    0.008399|    0.011790|
|         674|  2.3710e-01|   -8.066787|   -9.205201|    0.367290|    0.008399|    0.011787|
|         675|  2.3706e-01|   -8.068067|   -9.205374|    0.367275|    0.008398|    0.011785|
|         676|  2.3700e-01|   -8.069332|   -9.205555|    0.367260|    0.008398|    0.011783|
|         677|  2.3696e-01|   -8.070582|   -9.205746|    0.367245|    0.008398|    0.011780|
|         678|  2.3691e-01|   -8.071818|   -9.205946|    0.367230|    0.008397|    0.011778|
|         679|  2.3685e-01|   -8.073040|   -9.206155|    0.367215|    0.008397|    0.011776|
|         680|  2.3681e-01|   -8.074248|   -9.206374|    0.367201|    0.008397|    0.011773|
|         681|  2.3678e-01|   -8.075443|   -9.206601|    0.367186|    0.008397|    0.011771|
|         682|  2.3673e-01|   -8.076624|   -9.206837|    0.367171|    0.008396|    0.011769|
|         683|  2.3670e-01|   -8.077791|   -9.207081|    0.367157|    0.008396|    0.011767|
|         684|  2.3666e-01|   -8.078946|   -9.207335|    0.367142|    0.008396|    0.011765|
|         685|  2.3661e-01|   -8.080088|   -9.207596|    0.367128|    0.008396|    0.011762|
|         686|  2.3657e-01|   -8.081219|   -9.207864|    0.367114|    0.008395|    0.011760|
|         687|  2.3651e-01|   -8.082337|   -9.208140|    0.367099|    0.008395|    0.011758|
|         688|  2.3646e-01|   -8.083443|   -9.208423|    0.367085|    0.008395|    0.011756|
|         689|  2.3641e-01|   -8.084538|   -9.208713|    0.367071|    0.008394|    0.011754|
|         690|  2.3636e-01|   -8.085623|   -9.209009|    0.367057|    0.008394|    0.011751|
|         691|  2.3631e-01|   -8.086696|   -9.209312|    0.367043|    0.008394|    0.011749|
|         692|  2.3626e-01|   -8.087760|   -9.209622|    0.367029|    0.008394|    0.011747|
|         693|  2.3621e-01|   -8.088813|   -9.209938|    0.367015|    0.008393|    0.011745|
|         694|  2.3616e-01|   -8.089857|   -9.210260|    0.367002|    0.008393|    0.011743|
|         695|  2.3611e-01|   -8.090892|   -9.210589|    0.366988|    0.008393|    0.011741|
|         696|  2.3606e-01|   -8.091918|   -9.210921|    0.366974|    0.008393|    0.011739|
|         697|  2.3603e-01|   -8.092935|   -9.211259|    0.366961|    0.008392|    0.011737|
|         698|  2.3599e-01|   -8.093944|   -9.211603|    0.366947|    0.008392|    0.011735|
|         699|  2.3594e-01|   -8.094946|   -9.211952|    0.366934|    0.008392|    0.011732|
|         700|  2.3589e-01|   -8.095940|   -9.212306|    0.366920|    0.008391|    0.011730|
|         701|  2.3589e-01|   -8.096927|   -9.212665|    0.366907|    0.008391|    0.011728|
|         702|  2.3585e-01|   -8.097908|   -9.213028|    0.366894|    0.008391|    0.011726|
|         703|  2.3580e-01|   -8.098882|   -9.213396|    0.366881|    0.008391|    0.011724|
|         704|  2.3575e-01|   -8.099851|   -9.213768|    0.366868|    0.008390|    0.011722|
|         705|  2.3570e-01|   -8.100814|   -9.214143|    0.366855|    0.008390|    0.011720|
|         706|  2.3566e-01|   -8.101772|   -9.214522|    0.366842|    0.008390|    0.011718|
|         707|  2.3562e-01|   -8.102726|   -9.214904|    0.366829|    0.008390|    0.011716|
|         708|  2.3557e-01|   -8.103675|   -9.215290|    0.366816|    0.008389|    0.011714|
|         709|  2.3553e-01|   -8.104620|   -9.215678|    0.366803|    0.008389|    0.011712|
|         710|  2.3548e-01|   -8.105562|   -9.216068|    0.366790|    0.008389|    0.011711|
|         711|  2.3543e-01|   -8.106501|   -9.216461|    0.366778|    0.008389|    0.011709|
|         712|  2.3540e-01|   -8.107436|   -9.216856|    0.366765|    0.008388|    0.011707|
|         713|  2.3536e-01|   -8.108369|   -9.217253|    0.366753|    0.008388|    0.011705|
|         714|  2.3531e-01|   -8.109300|   -9.217651|    0.366740|    0.008388|    0.011703|
|         715|  2.3526e-01|   -8.110230|   -9.218050|    0.366728|    0.008388|    0.011701|
|         716|  2.3525e-01|   -8.111158|   -9.218450|    0.366716|    0.008387|    0.011699|
|         717|  2.3522e-01|   -8.112084|   -9.218851|    0.366703|    0.008387|    0.011697|
|         718|  2.3518e-01|   -8.113010|   -9.219252|    0.366691|    0.008387|    0.011695|
|         719|  2.3514e-01|   -8.113935|   -9.219654|    0.366679|    0.008387|    0.011693|
|         720|  2.3510e-01|   -8.114861|   -9.220055|    0.366667|    0.008387|    0.011692|
|         721|  2.3505e-01|   -8.115786|   -9.220456|    0.366655|    0.008386|    0.011690|
|         722|  2.3501e-01|   -8.116711|   -9.220857|    0.366643|    0.008386|    0.011688|
|         723|  2.3496e-01|   -8.117638|   -9.221256|    0.366631|    0.008386|    0.011686|
|         724|  2.3491e-01|   -8.118565|   -9.221655|    0.366619|    0.008386|    0.011684|
|         725|  2.3486e-01|   -8.119493|   -9.222052|    0.366607|    0.008385|    0.011682|
|         726|  2.3482e-01|   -8.120423|   -9.222448|    0.366596|    0.008385|    0.011681|
|         727|  2.3478e-01|   -8.121354|   -9.222841|    0.366584|    0.008385|    0.011679|
|         728|  2.3473e-01|   -8.122287|   -9.223234|    0.366572|    0.008385|    0.011677|
|         729|  2.3471e-01|   -8.123222|   -9.223622|    0.366561|    0.008384|    0.011675|
|         730|  2.3470e-01|   -8.124159|   -9.224009|    0.366549|    0.008384|    0.011674|
|         731|  2.3481e-01|   -8.125099|   -9.224392|    0.366538|    0.008384|    0.011672|
|         732|  2.3485e-01|   -8.126041|   -9.224773|    0.366526|    0.008384|    0.011670|
|         733|  2.3485e-01|   -8.126986|   -9.225151|    0.366515|    0.008384|    0.011668|
|         734|  2.3484e-01|   -8.127934|   -9.225526|    0.366504|    0.008383|    0.011667|
|         735|  2.3486e-01|   -8.128885|   -9.225898|    0.366492|    0.008383|    0.011665|
|         736|  2.3485e-01|   -8.129838|   -9.226267|    0.366481|    0.008383|    0.011663|
|         737|  2.3483e-01|   -8.130795|   -9.226632|    0.366470|    0.008383|    0.011661|
|         738|  2.3494e-01|   -8.131755|   -9.226994|    0.366459|    0.008382|    0.011660|
|         739|  2.3500e-01|   -8.132719|   -9.227351|    0.366448|    0.008382|    0.011658|
|         740|  2.3506e-01|   -8.133685|   -9.227705|    0.366437|    0.008382|    0.011656|
|         741|  2.3515e-01|   -8.134655|   -9.228055|    0.366426|    0.008382|    0.011655|
|         742|  2.3520e-01|   -8.135628|   -9.228401|    0.366415|    0.008381|    0.011653|
|         743|  2.3532e-01|   -8.136605|   -9.228743|    0.366405|    0.008381|    0.011651|
|         744|  2.3544e-01|   -8.137584|   -9.229080|    0.366394|    0.008381|    0.011650|
|         745|  2.3550e-01|   -8.138567|   -9.229414|    0.366383|    0.008381|    0.011648|
|         746|  2.3558e-01|   -8.139554|   -9.229744|    0.366373|    0.008381|    0.011647|
|         747|  2.3566e-01|   -8.140543|   -9.230069|    0.366362|    0.008380|    0.011645|
|         748|  2.3571e-01|   -8.141536|   -9.230391|    0.366351|    0.008380|    0.011643|
|         749|  2.3576e-01|   -8.142531|   -9.230708|    0.366341|    0.008380|    0.011642|
|         750|  2.3588e-01|   -8.143530|   -9.231020|    0.366331|    0.008380|    0.011640|
+-----------------------------------------------------------------------+
|        File Writing Summary       |              Filename             |
+-----------------------------------------------------------------------+
|SU2 binary restart                 |restart_flow.dat                   |
|Paraview                           |flow.vtu                           |
|Paraview surface                   |surface_flow.vtu                   |
+-----------------------------------------------------------------------+
+------------------------------------------------------------------------------------------+
|  Inner_Iter|   Time(sec)|    rms[Rho]|     rms[nu]|          CL|          CD|         CMz|
+------------------------------------------------------------------------------------------+
|         751|  2.3608e-01|   -8.144531|   -9.231329|    0.366320|    0.008380|    0.011639|
|         752|  2.3616e-01|   -8.145535|   -9.231633|    0.366310|    0.008379|    0.011637|
|         753|  2.3629e-01|   -8.146541|   -9.231934|    0.366300|    0.008379|    0.011635|
|         754|  2.3643e-01|   -8.147550|   -9.232230|    0.366289|    0.008379|    0.011634|
|         755|  2.3649e-01|   -8.148561|   -9.232522|    0.366279|    0.008379|    0.011632|
|         756|  2.3653e-01|   -8.149574|   -9.232811|    0.366269|    0.008378|    0.011631|
|         757|  2.3658e-01|   -8.150589|   -9.233095|    0.366259|    0.008378|    0.011629|
|         758|  2.3665e-01|   -8.151606|   -9.233375|    0.366249|    0.008378|    0.011628|
|         759|  2.3671e-01|   -8.152624|   -9.233652|    0.366239|    0.008378|    0.011626|
|         760|  2.3675e-01|   -8.153644|   -9.233925|    0.366229|    0.008378|    0.011625|
|         761|  2.3678e-01|   -8.154664|   -9.234195|    0.366219|    0.008377|    0.011623|
|         762|  2.3684e-01|   -8.155686|   -9.234461|    0.366210|    0.008377|    0.011622|
|         763|  2.3686e-01|   -8.156708|   -9.234725|    0.366200|    0.008377|    0.011620|
|         764|  2.3690e-01|   -8.157730|   -9.234985|    0.366190|    0.008377|    0.011619|
|         765|  2.3704e-01|   -8.158753|   -9.235242|    0.366180|    0.008377|    0.011617|
|         766|  2.3713e-01|   -8.159776|   -9.235496|    0.366171|    0.008376|    0.011616|
|         767|  2.3723e-01|   -8.160798|   -9.235747|    0.366161|    0.008376|    0.011614|
|         768|  2.3729e-01|   -8.161820|   -9.235996|    0.366152|    0.008376|    0.011613|
|         769|  2.3738e-01|   -8.162840|   -9.236242|    0.366142|    0.008376|    0.011611|
|         770|  2.3750e-01|   -8.163860|   -9.236486|    0.366133|    0.008376|    0.011610|
|         771|  2.3757e-01|   -8.164879|   -9.236726|    0.366124|    0.008375|    0.011609|
|         772|  2.3767e-01|   -8.165896|   -9.236964|    0.366114|    0.008375|    0.011607|
|         773|  2.3772e-01|   -8.166911|   -9.237200|    0.366105|    0.008375|    0.011606|
|         774|  2.3776e-01|   -8.167925|   -9.237434|    0.366096|    0.008375|    0.011604|
|         775|  2.3786e-01|   -8.168935|   -9.237666|    0.366087|    0.008375|    0.011603|
|         776|  2.3794e-01|   -8.169944|   -9.237896|    0.366077|    0.008374|    0.011602|
|         777|  2.3801e-01|   -8.170950|   -9.238124|    0.366068|    0.008374|    0.011600|
|         778|  2.3813e-01|   -8.171952|   -9.238351|    0.366059|    0.008374|    0.011599|
|         779|  2.3822e-01|   -8.172952|   -9.238576|    0.366050|    0.008374|    0.011597|
|         780|  2.3832e-01|   -8.173948|   -9.238799|    0.366041|    0.008374|    0.011596|
|         781|  2.3838e-01|   -8.174940|   -9.239021|    0.366032|    0.008374|    0.011595|
|         782|  2.3845e-01|   -8.175929|   -9.239243|    0.366024|    0.008373|    0.011593|
|         783|  2.3856e-01|   -8.176913|   -9.239463|    0.366015|    0.008373|    0.011592|
|         784|  2.3860e-01|   -8.177893|   -9.239682|    0.366006|    0.008373|    0.011591|
|         785|  2.3863e-01|   -8.178869|   -9.239901|    0.365997|    0.008373|    0.011589|
|         786|  2.3867e-01|   -8.179840|   -9.240119|    0.365989|    0.008373|    0.011588|
|         787|  2.3869e-01|   -8.180806|   -9.240336|    0.365980|    0.008372|    0.011587|
|         788|  2.3878e-01|   -8.181767|   -9.240553|    0.365971|    0.008372|    0.011585|
|         789|  2.3889e-01|   -8.182723|   -9.240770|    0.365963|    0.008372|    0.011584|
|         790|  2.3892e-01|   -8.183674|   -9.240986|    0.365954|    0.008372|    0.011583|
|         791|  2.3899e-01|   -8.184619|   -9.241203|    0.365946|    0.008372|    0.011582|
|         792|  2.3902e-01|   -8.185559|   -9.241419|    0.365937|    0.008371|    0.011580|
|         793|  2.3906e-01|   -8.186493|   -9.241636|    0.365929|    0.008371|    0.011579|
|         794|  2.3913e-01|   -8.187421|   -9.241853|    0.365921|    0.008371|    0.011578|
|         795|  2.3917e-01|   -8.188343|   -9.242071|    0.365912|    0.008371|    0.011577|
|         796|  2.3924e-01|   -8.189259|   -9.242289|    0.365904|    0.008371|    0.011575|
|         797|  2.3930e-01|   -8.190169|   -9.242508|    0.365896|    0.008371|    0.011574|
|         798|  2.3936e-01|   -8.191073|   -9.242728|    0.365888|    0.008370|    0.011573|
|         799|  2.3946e-01|   -8.191971|   -9.242948|    0.365880|    0.008370|    0.011572|
|         800|  2.3955e-01|   -8.192862|   -9.243170|    0.365872|    0.008370|    0.011570|
|         801|  2.3965e-01|   -8.193747|   -9.243393|    0.365864|    0.008370|    0.011569|
|         802|  2.3970e-01|   -8.194625|   -9.243617|    0.365856|    0.008370|    0.011568|
|         803|  2.3974e-01|   -8.195497|   -9.243842|    0.365848|    0.008370|    0.011567|
|         804|  2.3980e-01|   -8.196362|   -9.244069|    0.365840|    0.008369|    0.011565|
|         805|  2.3984e-01|   -8.197221|   -9.244297|    0.365832|    0.008369|    0.011564|
|         806|  2.3989e-01|   -8.198073|   -9.244527|    0.365824|    0.008369|    0.011563|
|         807|  2.3995e-01|   -8.198919|   -9.244758|    0.365816|    0.008369|    0.011562|
|         808|  2.3999e-01|   -8.199758|   -9.244992|    0.365808|    0.008369|    0.011561|
|         809|  2.4005e-01|   -8.200590|   -9.245227|    0.365801|    0.008369|    0.011560|
|         810|  2.4007e-01|   -8.201416|   -9.245463|    0.365793|    0.008368|    0.011558|
|         811|  2.4015e-01|   -8.202236|   -9.245702|    0.365785|    0.008368|    0.011557|
|         812|  2.4022e-01|   -8.203049|   -9.245943|    0.365778|    0.008368|    0.011556|
|         813|  2.4032e-01|   -8.203856|   -9.246185|    0.365770|    0.008368|    0.011555|
|         814|  2.4041e-01|   -8.204656|   -9.246430|    0.365763|    0.008368|    0.011554|
|         815|  2.4046e-01|   -8.205450|   -9.246677|    0.365755|    0.008368|    0.011553|
|         816|  2.4050e-01|   -8.206238|   -9.246926|    0.365748|    0.008367|    0.011552|
|         817|  2.4058e-01|   -8.207019|   -9.247177|    0.365740|    0.008367|    0.011550|
|         818|  2.4064e-01|   -8.207795|   -9.247430|    0.365733|    0.008367|    0.011549|
|         819|  2.4069e-01|   -8.208564|   -9.247685|    0.365726|    0.008367|    0.011548|
|         820|  2.4078e-01|   -8.209328|   -9.247943|    0.365718|    0.008367|    0.011547|
|         821|  2.4090e-01|   -8.210085|   -9.248202|    0.365711|    0.008367|    0.011546|
|         822|  2.4094e-01|   -8.210837|   -9.248465|    0.365704|    0.008366|    0.011545|
|         823|  2.4100e-01|   -8.211583|   -9.248730|    0.365697|    0.008366|    0.011544|
|         824|  2.4108e-01|   -8.212324|   -9.248994|    0.365689|    0.008366|    0.011543|
|         825|  2.4118e-01|   -8.213059|   -9.249260|    0.365682|    0.008366|    0.011542|
|         826|  2.4126e-01|   -8.213789|   -9.249529|    0.365675|    0.008366|    0.011541|
|         827|  2.4130e-01|   -8.214514|   -9.249800|    0.365668|    0.008366|    0.011539|
|         828|  2.4135e-01|   -8.215233|   -9.250074|    0.365661|    0.008365|    0.011538|
|         829|  2.4140e-01|   -8.215948|   -9.250349|    0.365654|    0.008365|    0.011537|
|         830|  2.4147e-01|   -8.216657|   -9.250626|    0.365647|    0.008365|    0.011536|
|         831|  2.4154e-01|   -8.217362|   -9.250904|    0.365640|    0.008365|    0.011535|
|         832|  2.4157e-01|   -8.218063|   -9.251185|    0.365633|    0.008365|    0.011534|
|         833|  2.4161e-01|   -8.218758|   -9.251467|    0.365626|    0.008365|    0.011533|
|         834|  2.4168e-01|   -8.219450|   -9.251752|    0.365620|    0.008365|    0.011532|
|         835|  2.4171e-01|   -8.220137|   -9.252037|    0.365613|    0.008364|    0.011531|
|         836|  2.4175e-01|   -8.220821|   -9.252325|    0.365606|    0.008364|    0.011530|
|         837|  2.4183e-01|   -8.221500|   -9.252614|    0.365599|    0.008364|    0.011529|
|         838|  2.4191e-01|   -8.222176|   -9.252905|    0.365593|    0.008364|    0.011528|
|         839|  2.4196e-01|   -8.222848|   -9.253197|    0.365586|    0.008364|    0.011527|
|         840|  2.4199e-01|   -8.223516|   -9.253490|    0.365579|    0.008364|    0.011526|
|         841|  2.4203e-01|   -8.224181|   -9.253785|    0.365573|    0.008363|    0.011525|
|         842|  2.4210e-01|   -8.224843|   -9.254081|    0.365566|    0.008363|    0.011524|
|         843|  2.4215e-01|   -8.225502|   -9.254379|    0.365560|    0.008363|    0.011523|
|         844|  2.4227e-01|   -8.226158|   -9.254677|    0.365553|    0.008363|    0.011522|
|         845|  2.4238e-01|   -8.226811|   -9.254974|    0.365547|    0.008363|    0.011521|
|         846|  2.4242e-01|   -8.227461|   -9.255273|    0.365540|    0.008363|    0.011520|
|         847|  2.4247e-01|   -8.228109|   -9.255572|    0.365534|    0.008363|    0.011519|
|         848|  2.4252e-01|   -8.228754|   -9.255872|    0.365528|    0.008362|    0.011518|
|         849|  2.4255e-01|   -8.229397|   -9.256172|    0.365521|    0.008362|    0.011517|
|         850|  2.4260e-01|   -8.230038|   -9.256472|    0.365515|    0.008362|    0.011516|
|         851|  2.4267e-01|   -8.230677|   -9.256773|    0.365509|    0.008362|    0.011515|
|         852|  2.4273e-01|   -8.231314|   -9.257074|    0.365503|    0.008362|    0.011514|
|         853|  2.4277e-01|   -8.231950|   -9.257374|    0.365496|    0.008362|    0.011514|
|         854|  2.4283e-01|   -8.232583|   -9.257675|    0.365490|    0.008362|    0.011513|
|         855|  2.4290e-01|   -8.233215|   -9.257975|    0.365484|    0.008361|    0.011512|
|         856|  2.4297e-01|   -8.233845|   -9.258275|    0.365478|    0.008361|    0.011511|
|         857|  2.4305e-01|   -8.234474|   -9.258575|    0.365472|    0.008361|    0.011510|
|         858|  2.4309e-01|   -8.235102|   -9.258874|    0.365466|    0.008361|    0.011509|
|         859|  2.4319e-01|   -8.235728|   -9.259172|    0.365460|    0.008361|    0.011508|
|         860|  2.4327e-01|   -8.236353|   -9.259470|    0.365454|    0.008361|    0.011507|
|         861|  2.4334e-01|   -8.236978|   -9.259767|    0.365448|    0.008361|    0.011506|
|         862|  2.4339e-01|   -8.237601|   -9.260063|    0.365442|    0.008361|    0.011505|
|         863|  2.4346e-01|   -8.238223|   -9.260358|    0.365436|    0.008360|    0.011504|
|         864|  2.4355e-01|   -8.238845|   -9.260652|    0.365430|    0.008360|    0.011503|
|         865|  2.4360e-01|   -8.239465|   -9.260944|    0.365424|    0.008360|    0.011503|
|         866|  2.4362e-01|   -8.240085|   -9.261235|    0.365418|    0.008360|    0.011502|
|         867|  2.4367e-01|   -8.240704|   -9.261525|    0.365412|    0.008360|    0.011501|
|         868|  2.4369e-01|   -8.241323|   -9.261814|    0.365407|    0.008360|    0.011500|
|         869|  2.4373e-01|   -8.241941|   -9.262101|    0.365401|    0.008360|    0.011499|
|         870|  2.4374e-01|   -8.242559|   -9.262386|    0.365395|    0.008359|    0.011498|
|         871|  2.4380e-01|   -8.243175|   -9.262670|    0.365390|    0.008359|    0.011497|
|         872|  2.4390e-01|   -8.243792|   -9.262952|    0.365384|    0.008359|    0.011497|
|         873|  2.4394e-01|   -8.244407|   -9.263233|    0.365378|    0.008359|    0.011496|
|         874|  2.4400e-01|   -8.245023|   -9.263511|    0.365373|    0.008359|    0.011495|
|         875|  2.4402e-01|   -8.245637|   -9.263788|    0.365367|    0.008359|    0.011494|
|         876|  2.4407e-01|   -8.246252|   -9.264064|    0.365362|    0.008359|    0.011493|
|         877|  2.4411e-01|   -8.246865|   -9.264337|    0.365356|    0.008359|    0.011492|
|         878|  2.4418e-01|   -8.247478|   -9.264607|    0.365351|    0.008358|    0.011492|
|         879|  2.4428e-01|   -8.248091|   -9.264876|    0.365345|    0.008358|    0.011491|
|         880|  2.4432e-01|   -8.248703|   -9.265143|    0.365340|    0.008358|    0.011490|
|         881|  2.4436e-01|   -8.249314|   -9.265407|    0.365334|    0.008358|    0.011489|
|         882|  2.4442e-01|   -8.249925|   -9.265670|    0.365329|    0.008358|    0.011488|
|         883|  2.4446e-01|   -8.250535|   -9.265930|    0.365324|    0.008358|    0.011487|
|         884|  2.4457e-01|   -8.251145|   -9.266188|    0.365318|    0.008358|    0.011487|
|         885|  2.4465e-01|   -8.251753|   -9.266444|    0.365313|    0.008357|    0.011486|
|         886|  2.4470e-01|   -8.252361|   -9.266698|    0.365308|    0.008357|    0.011485|
|         887|  2.4472e-01|   -8.252968|   -9.266950|    0.365302|    0.008357|    0.011484|
|         888|  2.4475e-01|   -8.253575|   -9.267199|    0.365297|    0.008357|    0.011483|
|         889|  2.4480e-01|   -8.254180|   -9.267446|    0.365292|    0.008357|    0.011483|
|         890|  2.4485e-01|   -8.254784|   -9.267690|    0.365287|    0.008357|    0.011482|
|         891|  2.4488e-01|   -8.255388|   -9.267932|    0.365282|    0.008357|    0.011481|
|         892|  2.4491e-01|   -8.255990|   -9.268173|    0.365277|    0.008357|    0.011480|
|         893|  2.4496e-01|   -8.256591|   -9.268410|    0.365271|    0.008356|    0.011480|
|         894|  2.4504e-01|   -8.257191|   -9.268646|    0.365266|    0.008356|    0.011479|
|         895|  2.4512e-01|   -8.257790|   -9.268880|    0.365261|    0.008356|    0.011478|
|         896|  2.4514e-01|   -8.258388|   -9.269111|    0.365256|    0.008356|    0.011477|
|         897|  2.4521e-01|   -8.258984|   -9.269340|    0.365251|    0.008356|    0.011477|
|         898|  2.4528e-01|   -8.259579|   -9.269567|    0.365246|    0.008356|    0.011476|
|         899|  2.4531e-01|   -8.260172|   -9.269792|    0.365241|    0.008356|    0.011475|
|         900|  2.4539e-01|   -8.260763|   -9.270015|    0.365236|    0.008356|    0.011474|
|         901|  2.4542e-01|   -8.261354|   -9.270236|    0.365232|    0.008355|    0.011474|
|         902|  2.4545e-01|   -8.261942|   -9.270455|    0.365227|    0.008355|    0.011473|
|         903|  2.4551e-01|   -8.262529|   -9.270673|    0.365222|    0.008355|    0.011472|
|         904|  2.4560e-01|   -8.263114|   -9.270888|    0.365217|    0.008355|    0.011471|
|         905|  2.4565e-01|   -8.263697|   -9.271101|    0.365212|    0.008355|    0.011471|
|         906|  2.4567e-01|   -8.264279|   -9.271313|    0.365208|    0.008355|    0.011470|
|         907|  2.4571e-01|   -8.264858|   -9.271523|    0.365203|    0.008355|    0.011469|
|         908|  2.4577e-01|   -8.265436|   -9.271732|    0.365198|    0.008355|    0.011469|
|         909|  2.4586e-01|   -8.266012|   -9.271939|    0.365193|    0.008355|    0.011468|
|         910|  2.4596e-01|   -8.266585|   -9.272145|    0.365189|    0.008354|    0.011467|
|         911|  2.4600e-01|   -8.267157|   -9.272349|    0.365184|    0.008354|    0.011466|
|         912|  2.4603e-01|   -8.267726|   -9.272551|    0.365179|    0.008354|    0.011466|
|         913|  2.4609e-01|   -8.268293|   -9.272752|    0.365175|    0.008354|    0.011465|
|         914|  2.4626e-01|   -8.268859|   -9.272952|    0.365170|    0.008354|    0.011464|
|         915|  2.4640e-01|   -8.269422|   -9.273151|    0.365166|    0.008354|    0.011464|
|         916|  2.4644e-01|   -8.269982|   -9.273349|    0.365161|    0.008354|    0.011463|
|         917|  2.4649e-01|   -8.270541|   -9.273546|    0.365157|    0.008354|    0.011462|
|         918|  2.4653e-01|   -8.271097|   -9.273741|    0.365152|    0.008354|    0.011462|
|         919|  2.4658e-01|   -8.271651|   -9.273936|    0.365148|    0.008353|    0.011461|
|         920|  2.4661e-01|   -8.272203|   -9.274130|    0.365143|    0.008353|    0.011460|
|         921|  2.4669e-01|   -8.272752|   -9.274323|    0.365139|    0.008353|    0.011460|
|         922|  2.4675e-01|   -8.273299|   -9.274515|    0.365134|    0.008353|    0.011459|
|         923|  2.4679e-01|   -8.273844|   -9.274707|    0.365130|    0.008353|    0.011458|
|         924|  2.4684e-01|   -8.274386|   -9.274898|    0.365126|    0.008353|    0.011458|
|         925|  2.4688e-01|   -8.274926|   -9.275089|    0.365121|    0.008353|    0.011457|
|         926|  2.4692e-01|   -8.275463|   -9.275280|    0.365117|    0.008353|    0.011456|
|         927|  2.4696e-01|   -8.275999|   -9.275469|    0.365113|    0.008353|    0.011456|
|         928|  2.4700e-01|   -8.276531|   -9.275658|    0.365108|    0.008352|    0.011455|
|         929|  2.4705e-01|   -8.277062|   -9.275847|    0.365104|    0.008352|    0.011455|
|         930|  2.4711e-01|   -8.277590|   -9.276036|    0.365100|    0.008352|    0.011454|
|         931|  2.4715e-01|   -8.278116|   -9.276225|    0.365096|    0.008352|    0.011453|
|         932|  2.4717e-01|   -8.278640|   -9.276414|    0.365091|    0.008352|    0.011453|
|         933|  2.4721e-01|   -8.279161|   -9.276603|    0.365087|    0.008352|    0.011452|
|         934|  2.4725e-01|   -8.279680|   -9.276792|    0.365083|    0.008352|    0.011451|
|         935|  2.4729e-01|   -8.280196|   -9.276981|    0.365079|    0.008352|    0.011451|
|         936|  2.4734e-01|   -8.280711|   -9.277170|    0.365075|    0.008352|    0.011450|
|         937|  2.4743e-01|   -8.281223|   -9.277360|    0.365071|    0.008351|    0.011450|
|         938|  2.4746e-01|   -8.281733|   -9.277549|    0.365067|    0.008351|    0.011449|
|         939|  2.4756e-01|   -8.282241|   -9.277739|    0.365063|    0.008351|    0.011448|
|         940|  2.4757e-01|   -8.282747|   -9.277930|    0.365059|    0.008351|    0.011448|
|         941|  2.4766e-01|   -8.283251|   -9.278121|    0.365055|    0.008351|    0.011447|
|         942|  2.4768e-01|   -8.283752|   -9.278312|    0.365051|    0.008351|    0.011447|
|         943|  2.4777e-01|   -8.284252|   -9.278504|    0.365047|    0.008351|    0.011446|
|         944|  2.4779e-01|   -8.284749|   -9.278696|    0.365043|    0.008351|    0.011445|
|         945|  2.4784e-01|   -8.285245|   -9.278889|    0.365039|    0.008351|    0.011445|
|         946|  2.4787e-01|   -8.285739|   -9.279083|    0.365035|    0.008351|    0.011444|
|         947|  2.4790e-01|   -8.286230|   -9.279277|    0.365031|    0.008350|    0.011444|
|         948|  2.4791e-01|   -8.286720|   -9.279472|    0.365027|    0.008350|    0.011443|
|         949|  2.4799e-01|   -8.287209|   -9.279668|    0.365023|    0.008350|    0.011442|
|         950|  2.4801e-01|   -8.287695|   -9.279864|    0.365019|    0.008350|    0.011442|
|         951|  2.4801e-01|   -8.288180|   -9.280061|    0.365016|    0.008350|    0.011441|
|         952|  2.4803e-01|   -8.288663|   -9.280258|    0.365012|    0.008350|    0.011441|
|         953|  2.4808e-01|   -8.289144|   -9.280456|    0.365008|    0.008350|    0.011440|
|         954|  2.4814e-01|   -8.289624|   -9.280656|    0.365004|    0.008350|    0.011440|
|         955|  2.4821e-01|   -8.290102|   -9.280855|    0.365000|    0.008350|    0.011439|
|         956|  2.4827e-01|   -8.290579|   -9.281056|    0.364997|    0.008350|    0.011438|
|         957|  2.4833e-01|   -8.291054|   -9.281257|    0.364993|    0.008349|    0.011438|
|         958|  2.4837e-01|   -8.291528|   -9.281460|    0.364989|    0.008349|    0.011437|
|         959|  2.4844e-01|   -8.292001|   -9.281663|    0.364986|    0.008349|    0.011437|
|         960|  2.4848e-01|   -8.292472|   -9.281866|    0.364982|    0.008349|    0.011436|
|         961|  2.4856e-01|   -8.292942|   -9.282071|    0.364978|    0.008349|    0.011436|
|         962|  2.4860e-01|   -8.293411|   -9.282276|    0.364975|    0.008349|    0.011435|
|         963|  2.4867e-01|   -8.293878|   -9.282482|    0.364971|    0.008349|    0.011435|
|         964|  2.4869e-01|   -8.294344|   -9.282689|    0.364968|    0.008349|    0.011434|
|         965|  2.4870e-01|   -8.294810|   -9.282896|    0.364964|    0.008349|    0.011434|
|         966|  2.4875e-01|   -8.295274|   -9.283104|    0.364960|    0.008349|    0.011433|
|         967|  2.4881e-01|   -8.295737|   -9.283313|    0.364957|    0.008349|    0.011432|
|         968|  2.4889e-01|   -8.296199|   -9.283523|    0.364953|    0.008348|    0.011432|
|         969|  2.4894e-01|   -8.296660|   -9.283733|    0.364950|    0.008348|    0.011431|
|         970|  2.4899e-01|   -8.297120|   -9.283944|    0.364946|    0.008348|    0.011431|
|         971|  2.4907e-01|   -8.297579|   -9.284155|    0.364943|    0.008348|    0.011430|
|         972|  2.4916e-01|   -8.298038|   -9.284367|    0.364940|    0.008348|    0.011430|
|         973|  2.4921e-01|   -8.298495|   -9.284580|    0.364936|    0.008348|    0.011429|
|         974|  2.4925e-01|   -8.298952|   -9.284793|    0.364933|    0.008348|    0.011429|
|         975|  2.4928e-01|   -8.299408|   -9.285006|    0.364929|    0.008348|    0.011428|
|         976|  2.4935e-01|   -8.299863|   -9.285220|    0.364926|    0.008348|    0.011428|
|         977|  2.4940e-01|   -8.300318|   -9.285435|    0.364923|    0.008348|    0.011427|
|         978|  2.4948e-01|   -8.300771|   -9.285650|    0.364919|    0.008348|    0.011427|
|         979|  2.4955e-01|   -8.301225|   -9.285865|    0.364916|    0.008347|    0.011426|
|         980|  2.4962e-01|   -8.301677|   -9.286081|    0.364912|    0.008347|    0.011426|
|         981|  2.4969e-01|   -8.302129|   -9.286297|    0.364909|    0.008347|    0.011425|
|         982|  2.4979e-01|   -8.302580|   -9.286513|    0.364906|    0.008347|    0.011425|
|         983|  2.4986e-01|   -8.303031|   -9.286729|    0.364903|    0.008347|    0.011424|
|         984|  2.4991e-01|   -8.303481|   -9.286946|    0.364899|    0.008347|    0.011424|
|         985|  2.4995e-01|   -8.303931|   -9.287162|    0.364896|    0.008347|    0.011423|
|         986|  2.5001e-01|   -8.304380|   -9.287379|    0.364893|    0.008347|    0.011423|
|         987|  2.5006e-01|   -8.304828|   -9.287596|    0.364890|    0.008347|    0.011422|
|         988|  2.5008e-01|   -8.305276|   -9.287813|    0.364887|    0.008347|    0.011422|
|         989|  2.5012e-01|   -8.305724|   -9.288030|    0.364883|    0.008347|    0.011422|
|         990|  2.5018e-01|   -8.306171|   -9.288247|    0.364880|    0.008346|    0.011421|
|         991|  2.5022e-01|   -8.306617|   -9.288464|    0.364877|    0.008346|    0.011421|
|         992|  2.5027e-01|   -8.307063|   -9.288681|    0.364874|    0.008346|    0.011420|
|         993|  2.5030e-01|   -8.307509|   -9.288897|    0.364871|    0.008346|    0.011420|
|         994|  2.5033e-01|   -8.307954|   -9.289113|    0.364868|    0.008346|    0.011419|
|         995|  2.5036e-01|   -8.308398|   -9.289329|    0.364865|    0.008346|    0.011419|
|         996|  2.5044e-01|   -8.308842|   -9.289545|    0.364862|    0.008346|    0.011418|
|         997|  2.5049e-01|   -8.309286|   -9.289761|    0.364858|    0.008346|    0.011418|
|         998|  2.5049e-01|   -8.309729|   -9.289976|    0.364855|    0.008346|    0.011417|

----------------------------- Solver Exit -------------------------------

Maximum number of iterations reached (ITER = 999) before convergence.
+-----------------------------------------------------------------------+
|      Convergence Field     |     Value    |   Criterion  |  Converged |
+-----------------------------------------------------------------------+
|                  Cauchy[CD]|   1.01046e-06|       < 1e-06|          No|
+-----------------------------------------------------------------------+
-------------------------------------------------------------------------
+-----------------------------------------------------------------------+
|        File Writing Summary       |              Filename             |
+-----------------------------------------------------------------------+
|SU2 binary restart                 |restart_flow.dat                   |
|Paraview                           |flow.vtu                           |
|Paraview surface                   |surface_flow.vtu                   |
+-----------------------------------------------------------------------+ 