+------------------------------------------------------------------------------------------+
|  Inner_Iter|   Time(sec)|    rms[Rho]|     rms[nu]|          CL|          CD|         CMz|
+------------------------------------------------------------------------------------------+
|           0|  2.2476e-01|   -4.336633|  -10.660146|    0.398677|    0.467760|    0.282519|
|           1|  2.2023e-01|   -5.137663|  -10.922347|    0.242480|    0.510035|    0.227494|
|           2|  2.1872e-01|   -5.137373|  -10.997205|    0.182807|    0.395641|    0.173279|
|           3|  2.1700e-01|   -5.179174|  -10.967805|    0.173343|    0.303738|    0.136046|
|           4|  2.1645e-01|   -5.278879|  -10.984860|    0.184091|    0.229711|    0.103205|
|           5|  2.1550e-01|   -5.356398|  -11.002194|    0.204392|    0.162107|    0.071718|
|           6|  2.1524e-01|   -5.387409|  -11.011519|    0.227807|    0.099650|    0.043848|
|           7|  2.1500e-01|   -5.390298|  -11.011258|    0.248141|    0.044273|    0.022339|
|           8|  2.1471e-01|   -5.382908|  -10.978248|    0.259498|   -0.001629|    0.008436|
|           9|  2.1441e-01|   -5.371959|  -10.961502|    0.257244|   -0.036021|    0.001501|
|          10|  2.1491e-01|   -5.362034|  -10.971307|    0.239236|   -0.057971|   -0.000632|
|          11|  2.1583e-01|   -5.359678|  -10.973049|    0.206341|   -0.067935|   -0.000699|
|          12|  2.1575e-01|   -5.369403|  -10.960806|    0.162085|   -0.067464|   -0.000950|
|          13|  2.1508e-01|   -5.389632|  -10.935941|    0.111823|   -0.058823|   -0.002541|
|          14|  2.1492e-01|   -5.412022|  -10.908280|    0.061728|   -0.044688|   -0.005466|
|          15|  2.1466e-01|   -5.425598|  -10.898325|    0.017572|   -0.027776|   -0.008938|
|          16|  2.1440e-01|   -5.426336|  -10.901423|   -0.016104|   -0.010499|   -0.011879|
|          17|  2.1437e-01|   -5.421195|  -10.905581|   -0.036401|    0.005196|   -0.013308|
|          18|  2.1450e-01|   -5.420929|  -10.902256|   -0.042394|    0.017933|   -0.012622|
|          19|  2.1429e-01|   -5.432751|  -10.890009|   -0.035000|    0.026970|   -0.009705|
|          20|  2.1423e-01|   -5.458673|  -10.874936|   -0.016492|    0.032182|   -0.004863|
|          21|  2.1448e-01|   -5.496323|  -10.864083|    0.010061|    0.033956|    0.001334|
|          22|  2.1455e-01|   -5.539310|  -10.860241|    0.041348|    0.033019|    0.008227|
|          23|  2.1445e-01|   -5.577848|  -10.861781|    0.074317|    0.030229|    0.015211|
|          24|  2.1436e-01|   -5.602758|  -10.862740|    0.106462|    0.026400|    0.021819|
|          25|  2.1457e-01|   -5.612124|  -10.858961|    0.135871|    0.022211|    0.027736|
|          26|  2.1508e-01|   -5.612569|  -10.849582|    0.161155|    0.018173|    0.032774|
|          27|  2.1525e-01|   -5.613121|  -10.837337|    0.181387|    0.014620|    0.036829|
|          28|  2.1524e-01|   -5.619935|  -10.827031|    0.196037|    0.011725|    0.039808|
|          29|  2.1530e-01|   -5.635406|  -10.822157|    0.204973|    0.009529|    0.041615|
|          30|  2.1531e-01|   -5.659216|  -10.823157|    0.208443|    0.007992|    0.042162|
|          31|  2.1528e-01|   -5.689435|  -10.827548|    0.206985|    0.007032|    0.041404|
|          32|  2.1522e-01|   -5.723445|  -10.831080|    0.201334|    0.006558|    0.039368|
|          33|  2.1515e-01|   -5.758606|  -10.829237|    0.192322|    0.006484|    0.036161|
|          34|  2.1504e-01|   -5.792331|  -10.821265|    0.180815|    0.006730|    0.031975|
|          35|  2.1503e-01|   -5.822092|  -10.809583|    0.167680|    0.007218|    0.027072|
|          36|  2.1501e-01|   -5.846110|  -10.797310|    0.153788|    0.007870|    0.021781|
|          37|  2.1493e-01|   -5.864397|  -10.786686|    0.140032|    0.008606|    0.016495|
|          38|  2.1487e-01|   -5.879125|  -10.778332|    0.127278|    0.009352|    0.011635|
|          39|  2.1488e-01|   -5.893377|  -10.770979|    0.116257|    0.010041|    0.007577|
|          40|  2.1490e-01|   -5.909920|  -10.763616|    0.107506|    0.010623|    0.004604|
|          41|  2.1530e-01|   -5.931116|  -10.755846|    0.101350|    0.011064|    0.002866|
|          42|  2.1529e-01|   -5.958768|  -10.747404|    0.097917|    0.011339|    0.002386|
|          43|  2.1549e-01|   -5.993622|  -10.738255|    0.097177|    0.011433|    0.003081|
|          44|  2.1564e-01|   -6.034778|  -10.728547|    0.099007|    0.011340|    0.004798|
|          45|  2.1557e-01|   -6.079342|  -10.718492|    0.103235|    0.011058|    0.007344|
|          46|  2.1545e-01|   -6.122704|  -10.708263|    0.109641|    0.010600|    0.010498|
|          47|  2.1546e-01|   -6.159922|  -10.698071|    0.117904|    0.009990|    0.014011|
|          48|  2.1532e-01|   -6.188111|  -10.688163|    0.127576|    0.009268|    0.017612|
|          49|  2.1523e-01|   -6.208187|  -10.678767|    0.138099|    0.008487|    0.021030|
|          50|  2.1522e-01|   -6.224053|  -10.669994|    0.148857|    0.007701|    0.024033|
|          51|  2.1515e-01|   -6.240396|  -10.661886|    0.159245|    0.006967|    0.026446|
|          52|  2.1503e-01|   -6.261004|  -10.654382|    0.168707|    0.006334|    0.028161|
|          53|  2.1499e-01|   -6.288175|  -10.647411|    0.176782|    0.005847|    0.029139|
|          54|  2.1499e-01|   -6.322778|  -10.640818|    0.183124|    0.005538|    0.029399|
|          55|  2.1491e-01|   -6.364416|  -10.634385|    0.187507|    0.005427|    0.029001|
|          56|  2.1486e-01|   -6.411444|  -10.627857|    0.189827|    0.005520|    0.028036|
|          57|  2.1514e-01|   -6.460769|  -10.620968|    0.190075|    0.005810|    0.026599|
|          58|  2.1548e-01|   -6.507709|  -10.613602|    0.188315|    0.006280|    0.024791|
|          59|  2.1541e-01|   -6.546602|  -10.605716|    0.184698|    0.006892|    0.022714|
|          60|  2.1528e-01|   -6.572954|  -10.597428|    0.179500|    0.007592|    0.020491|
|          61|  2.1514e-01|   -6.586140|  -10.588917|    0.173157|    0.008306|    0.018259|
|          62|  2.1510e-01|   -6.589882|  -10.580320|    0.166220|    0.008953|    0.016159|
|          63|  2.1506e-01|   -6.589966|  -10.571766|    0.159282|    0.009460|    0.014310|
|          64|  2.1505e-01|   -6.591690|  -10.563249|    0.152893|    0.009772|    0.012802|
|          65|  2.1495e-01|   -6.598672|  -10.554843|    0.147505|    0.009857|    0.011688|
|          66|  2.1489e-01|   -6.612779|  -10.546458|    0.143446|    0.009708|    0.010992|
|          67|  2.1481e-01|   -6.634350|  -10.538168|    0.140910|    0.009346|    0.010713|
|          68|  2.1481e-01|   -6.662307|  -10.529905|    0.139971|    0.008808|    0.010830|
|          69|  2.1474e-01|   -6.694111|  -10.521711|    0.140597|    0.008150|    0.011311|
|          70|  2.1465e-01|   -6.725663|  -10.513610|    0.142664|    0.007437|    0.012109|
|          71|  2.1468e-01|   -6.751660|  -10.505546|    0.145966|    0.006741|    0.013161|
|          72|  2.1473e-01|   -6.767088|  -10.497607|    0.150217|    0.006132|    0.014390|
|          73|  2.1473e-01|   -6.769821|  -10.489747|    0.155067|    0.005670|    0.015701|
|          74|  2.1468e-01|   -6.762297|  -10.481982|    0.160143|    0.005390|    0.016998|
|          75|  2.1468e-01|   -6.750104|  -10.474344|    0.165092|    0.005306|    0.018189|
|          76|  2.1466e-01|   -6.738994|  -10.466787|    0.169613|    0.005404|    0.019197|
|          77|  2.1462e-01|   -6.733135|  -10.459333|    0.173477|    0.005651|    0.019966|
|          78|  2.1462e-01|   -6.734865|  -10.451974|    0.176532|    0.006001|    0.020460|
|          79|  2.1460e-01|   -6.745009|  -10.444678|    0.178700|    0.006401|    0.020667|
|          80|  2.1457e-01|   -6.763095|  -10.437467|    0.179970|    0.006799|    0.020594|
|          81|  2.1457e-01|   -6.787320|  -10.430325|    0.180381|    0.007153|    0.020264|
|          82|  2.1453e-01|   -6.814385|  -10.423237|    0.180012|    0.007427|    0.019713|
|          83|  2.1449e-01|   -6.839570|  -10.416227|    0.178963|    0.007601|    0.018983|
|          84|  2.1450e-01|   -6.857735|  -10.409279|    0.177345|    0.007662|    0.018120|
|          85|  2.1446e-01|   -6.865488|  -10.402379|    0.175284|    0.007611|    0.017176|
|          86|  2.1444e-01|   -6.863242|  -10.395550|    0.172924|    0.007459|    0.016211|
|          87|  2.1454e-01|   -6.854935|  -10.388792|    0.170425|    0.007227|    0.015284|
|          88|  2.1445e-01|   -6.845679|  -10.382081|    0.167953|    0.006946|    0.014452|
|          89|  2.1439e-01|   -6.839683|  -10.375439|    0.165661|    0.006649|    0.013760|
|          90|  2.1441e-01|   -6.839549|  -10.368879|    0.163680|    0.006365|    0.013240|
|          91|  2.1440e-01|   -6.846386|  -10.362365|    0.162108|    0.006123|    0.012907|
|          92|  2.1440e-01|   -6.860099|  -10.355907|    0.161010|    0.005940|    0.012761|
|          93|  2.1437e-01|   -6.879592|  -10.349517|    0.160418|    0.005825|    0.012793|
|          94|  2.1438e-01|   -6.902877|  -10.343172|    0.160334|    0.005780|    0.012983|
|          95|  2.1433e-01|   -6.927233|  -10.336864|    0.160739|    0.005801|    0.013306|
|          96|  2.1430e-01|   -6.949621|  -10.330599|    0.161595|    0.005877|    0.013735|
|          97|  2.1429e-01|   -6.967531|  -10.324382|    0.162845|    0.005997|    0.014238|
|          98|  2.1424e-01|   -6.979962|  -10.318185|    0.164404|    0.006143|    0.014777|
|          99|  2.1420e-01|   -6.987763|  -10.312015|    0.166166|    0.006298|    0.015316|
|         100|  2.1417e-01|   -6.992992|  -10.305882|    0.168011|    0.006444|    0.015817|
|         101|  2.1411e-01|   -6.997956|  -10.299788|    0.169821|    0.006568|    0.016251|
|         102|  2.1419e-01|   -7.004544|  -10.293714|    0.171490|    0.006659|    0.016595|
|         103|  2.1417e-01|   -7.013922|  -10.287675|    0.172932|    0.006712|    0.016837|
|         104|  2.1414e-01|   -7.026462|  -10.281676|    0.174083|    0.006726|    0.016971|
|         105|  2.1411e-01|   -7.041794|  -10.275719|    0.174904|    0.006703|    0.016999|
|         106|  2.1405e-01|   -7.058915|  -10.269790|    0.175376|    0.006649|    0.016928|
|         107|  2.1403e-01|   -7.076356|  -10.263900|    0.175500|    0.006570|    0.016767|
|         108|  2.1399e-01|   -7.092464|  -10.258052|    0.175289|    0.006473|    0.016529|
|         109|  2.1396e-01|   -7.105832|  -10.252246|    0.174771|    0.006367|    0.016229|
|         110|  2.1397e-01|   -7.115760|  -10.246463|    0.173996|    0.006259|    0.015888|
|         111|  2.1391e-01|   -7.122486|  -10.240709|    0.173028|    0.006159|    0.015528|
|         112|  2.1391e-01|   -7.126991|  -10.234984|    0.171948|    0.006072|    0.015173|
|         113|  2.1390e-01|   -7.130606|  -10.229292|    0.170839|    0.006005|    0.014845|
|         114|  2.1398e-01|   -7.134639|  -10.223612|    0.169779|    0.005959|    0.014563|
|         115|  2.1396e-01|   -7.140110|  -10.217948|    0.168835|    0.005936|    0.014342|
|         116|  2.1394e-01|   -7.147595|  -10.212302|    0.168060|    0.005934|    0.014189|
|         117|  2.1396e-01|   -7.157165|  -10.206675|    0.167489|    0.005952|    0.014109|
|         118|  2.1395e-01|   -7.168407|  -10.201065|    0.167143|    0.005985|    0.014102|
|         119|  2.1392e-01|   -7.180512|  -10.195465|    0.167032|    0.006030|    0.014165|
|         120|  2.1390e-01|   -7.192425|  -10.189883|    0.167149|    0.006084|    0.014290|
|         121|  2.1388e-01|   -7.203072|  -10.184322|    0.167482|    0.006141|    0.014469|
|         122|  2.1386e-01|   -7.211624|  -10.178781|    0.168005|    0.006198|    0.014691|
|         123|  2.1384e-01|   -7.217741|  -10.173252|    0.168683|    0.006251|    0.014941|
|         124|  2.1384e-01|   -7.221658|  -10.167741|    0.169469|    0.006298|    0.015203|
|         125|  2.1380e-01|   -7.224084|  -10.162257|    0.170316|    0.006335|    0.015463|
|         126|  2.1378e-01|   -7.225981|  -10.156802|    0.171172|    0.006361|    0.015705|
|         127|  2.1375e-01|   -7.228307|  -10.151372|    0.171991|    0.006376|    0.015919|
|         128|  2.1377e-01|   -7.231820|  -10.145958|    0.172735|    0.006379|    0.016093|
|         129|  2.1379e-01|   -7.236962|  -10.140572|    0.173371|    0.006373|    0.016224|
|         130|  2.1381e-01|   -7.243827|  -10.135215|    0.173876|    0.006357|    0.016307|
|         131|  2.1378e-01|   -7.252195|  -10.129885|    0.174239|    0.006335|    0.016345|
|         132|  2.1377e-01|   -7.261598|  -10.124570|    0.174456|    0.006310|    0.016339|
|         133|  2.1381e-01|   -7.271428|  -10.119268|    0.174533|    0.006282|    0.016296|
|         134|  2.1379e-01|   -7.281054|  -10.113983|    0.174481|    0.006255|    0.016222|
|         135|  2.1390e-01|   -7.289954|  -10.108717|    0.174319|    0.006231|    0.016127|
|         136|  2.1389e-01|   -7.297815|  -10.103469|    0.174070|    0.006211|    0.016018|
|         137|  2.1389e-01|   -7.304586|  -10.098223|    0.173762|    0.006196|    0.015906|
|         138|  2.1388e-01|   -7.310459|  -10.092981|    0.173423|    0.006188|    0.015799|
|         139|  2.1384e-01|   -7.315782|  -10.087751|    0.173083|    0.006187|    0.015706|
|         140|  2.1380e-01|   -7.320938|  -10.082538|    0.172769|    0.006192|    0.015634|
|         141|  2.1378e-01|   -7.326237|  -10.077346|    0.172506|    0.006203|    0.015587|
|         142|  2.1376e-01|   -7.331840|  -10.072162|    0.172312|    0.006219|    0.015570|
|         143|  2.1375e-01|   -7.337728|  -10.066991|    0.172202|    0.006239|    0.015583|
|         144|  2.1373e-01|   -7.343726|  -10.061837|    0.172185|    0.006262|    0.015627|
|         145|  2.1367e-01|   -7.349555|  -10.056717|    0.172265|    0.006287|    0.015700|
|         146|  2.1366e-01|   -7.354907|  -10.051635|    0.172441|    0.006312|    0.015799|
|         147|  2.1363e-01|   -7.359536|  -10.046582|    0.172709|    0.006336|    0.015921|
|         148|  2.1361e-01|   -7.363323|  -10.041565|    0.173056|    0.006360|    0.016059|
|         149|  2.1377e-01|   -7.366321|  -10.036586|    0.173468|    0.006381|    0.016208|
|         150|  2.1386e-01|   -7.368748|  -10.031663|    0.173926|    0.006400|    0.016361|
|         151|  2.1384e-01|   -7.370943|  -10.026808|    0.174408|    0.006416|    0.016510|
|         152|  2.1383e-01|   -7.373289|  -10.022016|    0.174894|    0.006430|    0.016652|
|         153|  2.1381e-01|   -7.376137|  -10.017287|    0.175364|    0.006441|    0.016779|
|         154|  2.1379e-01|   -7.379741|  -10.012644|    0.175800|    0.006451|    0.016890|
|         155|  2.1378e-01|   -7.384228|  -10.008086|    0.176189|    0.006459|    0.016981|
|         156|  2.1377e-01|   -7.389579|  -10.003631|    0.176521|    0.006466|    0.017052|
|         157|  2.1376e-01|   -7.395658|   -9.999289|    0.176791|    0.006473|    0.017103|
|         158|  2.1374e-01|   -7.402238|   -9.995054|    0.176998|    0.006479|    0.017135|
|         159|  2.1368e-01|   -7.409052|   -9.990943|    0.177143|    0.006486|    0.017152|
|         160|  2.1368e-01|   -7.415840|   -9.986964|    0.177232|    0.006493|    0.017155|
|         161|  2.1365e-01|   -7.422390|   -9.983115|    0.177272|    0.006501|    0.017147|
|         162|  2.1359e-01|   -7.428571|   -9.979385|    0.177272|    0.006509|    0.017133|
|         163|  2.1364e-01|   -7.434335|   -9.975772|    0.177245|    0.006518|    0.017117|
|         164|  2.1363e-01|   -7.439712|   -9.972287|    0.177202|    0.006528|    0.017101|
|         165|  2.1360e-01|   -7.444784|   -9.968922|    0.177154|    0.006538|    0.017089|
|         166|  2.1361e-01|   -7.449645|   -9.965669|    0.177115|    0.006548|    0.017084|
|         167|  2.1355e-01|   -7.454374|   -9.962527|    0.177094|    0.006559|    0.017088|
|         168|  2.1355e-01|   -7.459010|   -9.959465|    0.177099|    0.006570|    0.017103|
|         169|  2.1354e-01|   -7.463543|   -9.956455|    0.177138|    0.006582|    0.017130|
|         170|  2.1353e-01|   -7.467920|   -9.953511|    0.177215|    0.006594|    0.017169|
|         171|  2.1352e-01|   -7.472069|   -9.950615|    0.177331|    0.006606|    0.017220|
|         172|  2.1350e-01|   -7.475916|   -9.947748|    0.177486|    0.006619|    0.017281|
|         173|  2.1349e-01|   -7.479420|   -9.944893|    0.177677|    0.006632|    0.017350|
|         174|  2.1349e-01|   -7.482583|   -9.942015|    0.177899|    0.006646|    0.017425|
|         175|  2.1350e-01|   -7.485468|   -9.939092|    0.178144|    0.006660|    0.017503|
|         176|  2.1348e-01|   -7.488186|   -9.936131|    0.178406|    0.006674|    0.017581|
|         177|  2.1352e-01|   -7.490883|   -9.933112|    0.178675|    0.006689|    0.017657|
|         178|  2.1354e-01|   -7.493714|   -9.930019|    0.178942|    0.006703|    0.017728|
|         179|  2.1352e-01|   -7.496819|   -9.926838|    0.179200|    0.006717|    0.017793|
|         180|  2.1350e-01|   -7.500304|   -9.923531|    0.179441|    0.006731|    0.017848|
|         181|  2.1348e-01|   -7.504221|   -9.920079|    0.179660|    0.006745|    0.017894|
|         182|  2.1346e-01|   -7.508571|   -9.916484|    0.179851|    0.006757|    0.017930|
|         183|  2.1347e-01|   -7.513305|   -9.912740|    0.180013|    0.006769|    0.017955|
|         184|  2.1345e-01|   -7.518335|   -9.908827|    0.180144|    0.006780|    0.017971|
|         185|  2.1343e-01|   -7.523551|   -9.904732|    0.180245|    0.006790|    0.017979|
|         186|  2.1343e-01|   -7.528840|   -9.900435|    0.180318|    0.006799|    0.017979|
|         187|  2.1340e-01|   -7.534099|   -9.895927|    0.180367|    0.006807|    0.017973|
|         188|  2.1340e-01|   -7.539249|   -9.891216|    0.180394|    0.006814|    0.017963|
|         189|  2.1339e-01|   -7.544238|   -9.886303|    0.180405|    0.006820|    0.017950|
|         190|  2.1339e-01|   -7.549046|   -9.881184|    0.180404|    0.006826|    0.017936|
|         191|  2.1347e-01|   -7.553673|   -9.875846|    0.180398|    0.006832|    0.017922|
|         192|  2.1346e-01|   -7.558135|   -9.870284|    0.180391|    0.006837|    0.017910|
|         193|  2.1345e-01|   -7.562453|   -9.864522|    0.180387|    0.006843|    0.017901|
|         194|  2.1344e-01|   -7.566644|   -9.858572|    0.180391|    0.006849|    0.017895|
|         195|  2.1342e-01|   -7.570720|   -9.852425|    0.180405|    0.006855|    0.017893|
|         196|  2.1341e-01|   -7.574682|   -9.846095|    0.180431|    0.006861|    0.017894|
|         197|  2.1340e-01|   -7.578529|   -9.839596|    0.180471|    0.006868|    0.017900|
|         198|  2.1339e-01|   -7.582259|   -9.832941|    0.180524|    0.006875|    0.017909|
|         199|  2.1335e-01|   -7.585876|   -9.826143|    0.180589|    0.006883|    0.017920|
|         200|  2.1334e-01|   -7.589396|   -9.819218|    0.180664|    0.006891|    0.017933|
|         201|  2.1334e-01|   -7.592844|   -9.812179|    0.180747|    0.006898|    0.017947|
|         202|  2.1333e-01|   -7.596259|   -9.805044|    0.180834|    0.006906|    0.017960|
|         203|  2.1333e-01|   -7.599682|   -9.797815|    0.180922|    0.006914|    0.017972|
|         204|  2.1334e-01|   -7.603156|   -9.790514|    0.181007|    0.006922|    0.017981|
|         205|  2.1333e-01|   -7.606715|   -9.783153|    0.181086|    0.006928|    0.017986|
|         206|  2.1332e-01|   -7.610379|   -9.775745|    0.181157|    0.006935|    0.017988|
|         207|  2.1332e-01|   -7.614154|   -9.768302|    0.181216|    0.006941|    0.017986|
|         208|  2.1337e-01|   -7.618026|   -9.760831|    0.181262|    0.006946|    0.017979|
|         209|  2.1337e-01|   -7.621964|   -9.753343|    0.181294|    0.006950|    0.017968|
|         210|  2.1335e-01|   -7.625931|   -9.745848|    0.181311|    0.006954|    0.017953|
|         211|  2.1331e-01|   -7.629882|   -9.738357|    0.181314|    0.006957|    0.017934|
|         212|  2.1332e-01|   -7.633775|   -9.730878|    0.181302|    0.006960|    0.017911|
|         213|  2.1330e-01|   -7.637577|   -9.723422|    0.181279|    0.006962|    0.017886|
|         214|  2.1329e-01|   -7.641267|   -9.715986|    0.181244|    0.006964|    0.017860|
|         215|  2.1330e-01|   -7.644840|   -9.708582|    0.181201|    0.006965|    0.017832|
|         216|  2.1331e-01|   -7.648302|   -9.701210|    0.181151|    0.006967|    0.017804|
|         217|  2.1330e-01|   -7.651673|   -9.693881|    0.181098|    0.006968|    0.017776|
|         218|  2.1330e-01|   -7.654975|   -9.686598|    0.181044|    0.006969|    0.017749|
|         219|  2.1330e-01|   -7.658236|   -9.679363|    0.180990|    0.006971|    0.017724|
|         220|  2.1329e-01|   -7.661478|   -9.672174|    0.180938|    0.006973|    0.017701|
|         221|  2.1329e-01|   -7.664720|   -9.665041|    0.180891|    0.006975|    0.017681|
|         222|  2.1334e-01|   -7.667973|   -9.657965|    0.180849|    0.006977|    0.017662|
|         223|  2.1333e-01|   -7.671241|   -9.650951|    0.180812|    0.006979|    0.017647|
|         224|  2.1333e-01|   -7.674522|   -9.643997|    0.180782|    0.006982|    0.017633|
|         225|  2.1333e-01|   -7.677811|   -9.637104|    0.180756|    0.006984|    0.017621|
|         226|  2.1333e-01|   -7.681100|   -9.630276|    0.180736|    0.006987|    0.017611|
|         227|  2.1333e-01|   -7.684380|   -9.623510|    0.180719|    0.006990|    0.017603|
|         228|  2.1330e-01|   -7.687643|   -9.616811|    0.180705|    0.006993|    0.017595|
|         229|  2.1329e-01|   -7.690882|   -9.610174|    0.180691|    0.006996|    0.017587|
|         230|  2.1326e-01|   -7.694090|   -9.603602|    0.180678|    0.006998|    0.017579|
|         231|  2.1326e-01|   -7.697258|   -9.597100|    0.180663|    0.007001|    0.017571|
|         232|  2.1326e-01|   -7.700378|   -9.590660|    0.180645|    0.007003|    0.017561|
|         233|  2.1325e-01|   -7.703440|   -9.584282|    0.180622|    0.007005|    0.017551|
|         234|  2.1327e-01|   -7.706436|   -9.577972|    0.180595|    0.007006|    0.017540|
|         235|  2.1326e-01|   -7.709355|   -9.571725|    0.180563|    0.007008|    0.017528|
|         236|  2.1330e-01|   -7.712192|   -9.565540|    0.180525|    0.007009|    0.017514|
|         237|  2.1331e-01|   -7.714943|   -9.559414|    0.180481|    0.007010|    0.017500|
|         238|  2.1330e-01|   -7.717609|   -9.553347|    0.180433|    0.007011|    0.017484|
|         239|  2.1335e-01|   -7.720198|   -9.547343|    0.180379|    0.007012|    0.017468|
|         240|  2.1335e-01|   -7.722720|   -9.541398|    0.180322|    0.007013|    0.017452|
|         241|  2.1342e-01|   -7.725193|   -9.535511|    0.180261|    0.007014|    0.017436|
|         242|  2.1348e-01|   -7.727637|   -9.529683|    0.180199|    0.007015|    0.017420|
|         243|  2.1352e-01|   -7.730073|   -9.523905|    0.180135|    0.007016|    0.017405|
|         244|  2.1356e-01|   -7.732519|   -9.518183|    0.180071|    0.007018|    0.017391|
|         245|  2.1360e-01|   -7.734994|   -9.512519|    0.180009|    0.007019|    0.017378|
|         246|  2.1364e-01|   -7.737509|   -9.506901|    0.179947|    0.007020|    0.017366|
|         247|  2.1368e-01|   -7.740072|   -9.501334|    0.179888|    0.007022|    0.017355|
|         248|  2.1372e-01|   -7.742685|   -9.495825|    0.179832|    0.007023|    0.017346|
|         249|  2.1376e-01|   -7.745345|   -9.490358|    0.179779|    0.007025|    0.017338|
|         250|  2.1380e-01|   -7.748044|   -9.484937|    0.179729|    0.007026|    0.017331|
+-----------------------------------------------------------------------+
|        File Writing Summary       |              Filename             |
+-----------------------------------------------------------------------+
|SU2 binary restart                 |restart_flow.dat                   |
|Paraview                           |flow.vtu                           |
|Paraview surface                   |surface_flow.vtu                   |
+-----------------------------------------------------------------------+
+------------------------------------------------------------------------------------------+
|  Inner_Iter|   Time(sec)|    rms[Rho]|     rms[nu]|          CL|          CD|         CMz|
+------------------------------------------------------------------------------------------+
|         251|  2.1411e-01|   -7.750771|   -9.479566|    0.179681|    0.007028|    0.017325|
|         252|  2.1418e-01|   -7.753513|   -9.474241|    0.179636|    0.007030|    0.017319|
|         253|  2.1422e-01|   -7.756258|   -9.468960|    0.179593|    0.007032|    0.017315|
|         254|  2.1423e-01|   -7.758992|   -9.463718|    0.179551|    0.007033|    0.017311|
|         255|  2.1423e-01|   -7.761703|   -9.458517|    0.179511|    0.007035|    0.017307|
|         256|  2.1422e-01|   -7.764380|   -9.453361|    0.179470|    0.007037|    0.017303|
|         257|  2.1419e-01|   -7.767015|   -9.448247|    0.179430|    0.007038|    0.017299|
|         258|  2.1418e-01|   -7.769601|   -9.443167|    0.179388|    0.007040|    0.017295|
|         259|  2.1420e-01|   -7.772132|   -9.438133|    0.179346|    0.007041|    0.017290|
|         260|  2.1417e-01|   -7.774607|   -9.433138|    0.179301|    0.007043|    0.017285|
|         261|  2.1416e-01|   -7.777024|   -9.428176|    0.179255|    0.007044|    0.017279|
|         262|  2.1417e-01|   -7.779385|   -9.423247|    0.179207|    0.007045|    0.017273|
|         263|  2.1417e-01|   -7.781693|   -9.418354|    0.179157|    0.007046|    0.017266|
|         264|  2.1421e-01|   -7.783952|   -9.413499|    0.179105|    0.007048|    0.017259|
|         265|  2.1425e-01|   -7.786170|   -9.408677|    0.179051|    0.007049|    0.017252|
|         266|  2.1425e-01|   -7.788352|   -9.403884|    0.178996|    0.007050|    0.017244|
|         267|  2.1431e-01|   -7.790508|   -9.399128|    0.178939|    0.007051|    0.017237|
|         268|  2.1434e-01|   -7.792645|   -9.394402|    0.178883|    0.007052|    0.017229|
|         269|  2.1434e-01|   -7.794771|   -9.389703|    0.178826|    0.007053|    0.017222|
|         270|  2.1435e-01|   -7.796890|   -9.385034|    0.178769|    0.007054|    0.017215|
|         271|  2.1437e-01|   -7.799009|   -9.380400|    0.178713|    0.007055|    0.017208|
|         272|  2.1438e-01|   -7.801128|   -9.375793|    0.178657|    0.007056|    0.017201|
|         273|  2.1440e-01|   -7.803249|   -9.371213|    0.178603|    0.007057|    0.017195|
|         274|  2.1445e-01|   -7.805371|   -9.366662|    0.178550|    0.007058|    0.017190|
|         275|  2.1451e-01|   -7.807489|   -9.362141|    0.178499|    0.007059|    0.017185|
|         276|  2.1451e-01|   -7.809602|   -9.357649|    0.178450|    0.007060|    0.017180|
|         277|  2.1451e-01|   -7.811704|   -9.353188|    0.178401|    0.007061|    0.017176|
|         278|  2.1450e-01|   -7.813789|   -9.348749|    0.178355|    0.007062|    0.017172|
|         279|  2.1450e-01|   -7.815854|   -9.344337|    0.178309|    0.007063|    0.017169|
|         280|  2.1450e-01|   -7.817894|   -9.339954|    0.178265|    0.007064|    0.017165|
|         281|  2.1452e-01|   -7.819905|   -9.335598|    0.178221|    0.007065|    0.017161|
|         282|  2.1451e-01|   -7.821885|   -9.331273|    0.178177|    0.007066|    0.017158|
|         283|  2.1451e-01|   -7.823831|   -9.326970|    0.178134|    0.007067|    0.017154|
|         284|  2.1450e-01|   -7.825742|   -9.322687|    0.178091|    0.007068|    0.017150|
|         285|  2.1451e-01|   -7.827617|   -9.318428|    0.178048|    0.007068|    0.017146|
|         286|  2.1452e-01|   -7.829457|   -9.314200|    0.178004|    0.007069|    0.017142|
|         287|  2.1452e-01|   -7.831261|   -9.309998|    0.177960|    0.007070|    0.017138|
|         288|  2.1451e-01|   -7.833032|   -9.305821|    0.177916|    0.007071|    0.017133|
|         289|  2.1452e-01|   -7.834769|   -9.301671|    0.177870|    0.007071|    0.017128|
|         290|  2.1451e-01|   -7.836475|   -9.297542|    0.177825|    0.007072|    0.017123|
|         291|  2.1450e-01|   -7.838151|   -9.293430|    0.177779|    0.007072|    0.017117|
|         292|  2.1449e-01|   -7.839800|   -9.289342|    0.177732|    0.007073|    0.017112|
|         293|  2.1448e-01|   -7.841423|   -9.285279|    0.177685|    0.007073|    0.017106|
|         294|  2.1446e-01|   -7.843024|   -9.281242|    0.177639|    0.007074|    0.017101|
|         295|  2.1445e-01|   -7.844603|   -9.277226|    0.177592|    0.007074|    0.017095|
|         296|  2.1445e-01|   -7.846163|   -9.273234|    0.177546|    0.007074|    0.017090|
|         297|  2.1444e-01|   -7.847705|   -9.269265|    0.177500|    0.007075|    0.017084|
|         298|  2.1444e-01|   -7.849231|   -9.265311|    0.177455|    0.007075|    0.017079|
|         299|  2.1443e-01|   -7.850741|   -9.261377|    0.177410|    0.007075|    0.017074|
|         300|  2.1444e-01|   -7.852235|   -9.257475|    0.177366|    0.007076|    0.017069|
|         301|  2.1443e-01|   -7.853714|   -9.253595|    0.177323|    0.007076|    0.017064|
|         302|  2.1440e-01|   -7.855178|   -9.249741|    0.177281|    0.007076|    0.017060|
|         303|  2.1439e-01|   -7.856625|   -9.245906|    0.177240|    0.007077|    0.017055|
|         304|  2.1443e-01|   -7.858055|   -9.242089|    0.177200|    0.007077|    0.017051|
|         305|  2.1445e-01|   -7.859466|   -9.238286|    0.177160|    0.007077|    0.017047|
|         306|  2.1444e-01|   -7.860859|   -9.234505|    0.177121|    0.007078|    0.017043|
|         307|  2.1445e-01|   -7.862232|   -9.230752|    0.177083|    0.007078|    0.017039|
|         308|  2.1446e-01|   -7.863584|   -9.227018|    0.177045|    0.007078|    0.017035|
|         309|  2.1447e-01|   -7.864915|   -9.223308|    0.177007|    0.007078|    0.017031|
|         310|  2.1445e-01|   -7.866223|   -9.219619|    0.176969|    0.007078|    0.017027|
|         311|  2.1444e-01|   -7.867508|   -9.215951|    0.176932|    0.007079|    0.017023|
|         312|  2.1443e-01|   -7.868769|   -9.212299|    0.176895|    0.007079|    0.017018|
|         313|  2.1442e-01|   -7.870007|   -9.208662|    0.176857|    0.007079|    0.017014|
|         314|  2.1441e-01|   -7.871220|   -9.205040|    0.176820|    0.007079|    0.017009|
|         315|  2.1441e-01|   -7.872409|   -9.201438|    0.176782|    0.007079|    0.017005|
|         316|  2.1439e-01|   -7.873574|   -9.197859|    0.176744|    0.007079|    0.017000|
|         317|  2.1439e-01|   -7.874715|   -9.194299|    0.176707|    0.007079|    0.016995|
|         318|  2.1444e-01|   -7.875833|   -9.190761|    0.176669|    0.007079|    0.016990|
|         319|  2.1444e-01|   -7.876929|   -9.187240|    0.176631|    0.007079|    0.016985|
|         320|  2.1442e-01|   -7.878004|   -9.183743|    0.176593|    0.007079|    0.016981|
|         321|  2.1446e-01|   -7.879059|   -9.180268|    0.176555|    0.007079|    0.016976|
|         322|  2.1444e-01|   -7.880094|   -9.176803|    0.176518|    0.007079|    0.016971|
|         323|  2.1445e-01|   -7.881111|   -9.173350|    0.176480|    0.007078|    0.016966|
|         324|  2.1444e-01|   -7.882112|   -9.169916|    0.176443|    0.007078|    0.016961|
|         325|  2.1444e-01|   -7.883095|   -9.166501|    0.176407|    0.007078|    0.016956|
|         326|  2.1443e-01|   -7.884063|   -9.163105|    0.176370|    0.007078|    0.016952|
|         327|  2.1441e-01|   -7.885016|   -9.159730|    0.176334|    0.007078|    0.016947|
|         328|  2.1442e-01|   -7.885953|   -9.156377|    0.176299|    0.007078|    0.016943|
|         329|  2.1441e-01|   -7.886876|   -9.153042|    0.176264|    0.007078|    0.016938|
|         330|  2.1439e-01|   -7.887782|   -9.149722|    0.176229|    0.007078|    0.016934|
|         331|  2.1439e-01|   -7.888673|   -9.146420|    0.176195|    0.007077|    0.016930|
|         332|  2.1439e-01|   -7.889548|   -9.143134|    0.176161|    0.007077|    0.016926|
|         333|  2.1438e-01|   -7.890407|   -9.139856|    0.176127|    0.007077|    0.016921|
|         334|  2.1438e-01|   -7.891248|   -9.136596|    0.176093|    0.007077|    0.016917|
|         335|  2.1443e-01|   -7.892072|   -9.133352|    0.176060|    0.007077|    0.016913|
|         336|  2.1441e-01|   -7.892878|   -9.130126|    0.176027|    0.007076|    0.016909|
|         337|  2.1440e-01|   -7.893666|   -9.126916|    0.175994|    0.007076|    0.016905|
|         338|  2.1440e-01|   -7.894436|   -9.123723|    0.175961|    0.007076|    0.016900|
|         339|  2.1439e-01|   -7.895189|   -9.120547|    0.175928|    0.007076|    0.016896|
|         340|  2.1437e-01|   -7.895923|   -9.117387|    0.175895|    0.007075|    0.016892|
|         341|  2.1437e-01|   -7.896640|   -9.114242|    0.175862|    0.007075|    0.016888|
|         342|  2.1436e-01|   -7.897340|   -9.111113|    0.175830|    0.007075|    0.016883|
|         343|  2.1435e-01|   -7.898023|   -9.108001|    0.175797|    0.007075|    0.016879|
|         344|  2.1434e-01|   -7.898691|   -9.104903|    0.175764|    0.007074|    0.016874|
|         345|  2.1433e-01|   -7.899343|   -9.101816|    0.175731|    0.007074|    0.016870|
|         346|  2.1433e-01|   -7.899981|   -9.098743|    0.175698|    0.007074|    0.016866|
|         347|  2.1432e-01|   -7.900606|   -9.095689|    0.175666|    0.007073|    0.016861|
|         348|  2.1432e-01|   -7.901217|   -9.092651|    0.175633|    0.007073|    0.016857|
|         349|  2.1429e-01|   -7.901817|   -9.089627|    0.175601|    0.007073|    0.016853|
|         350|  2.1429e-01|   -7.902404|   -9.086619|    0.175568|    0.007072|    0.016849|
|         351|  2.1428e-01|   -7.902981|   -9.083629|    0.175536|    0.007072|    0.016844|
|         352|  2.1433e-01|   -7.903547|   -9.080653|    0.175504|    0.007072|    0.016840|
|         353|  2.1433e-01|   -7.904102|   -9.077691|    0.175473|    0.007071|    0.016836|
|         354|  2.1433e-01|   -7.904646|   -9.074744|    0.175441|    0.007071|    0.016832|
|         355|  2.1433e-01|   -7.905181|   -9.071812|    0.175410|    0.007071|    0.016828|
|         356|  2.1432e-01|   -7.905705|   -9.068894|    0.175380|    0.007070|    0.016824|
|         357|  2.1431e-01|   -7.906218|   -9.065990|    0.175349|    0.007070|    0.016820|
|         358|  2.1430e-01|   -7.906721|   -9.063096|    0.175318|    0.007069|    0.016816|
|         359|  2.1430e-01|   -7.907213|   -9.060218|    0.175288|    0.007069|    0.016813|
|         360|  2.1430e-01|   -7.907694|   -9.057354|    0.175258|    0.007069|    0.016809|
|         361|  2.1430e-01|   -7.908164|   -9.054502|    0.175228|    0.007068|    0.016805|
|         362|  2.1429e-01|   -7.908623|   -9.051663|    0.175199|    0.007068|    0.016801|
|         363|  2.1428e-01|   -7.909071|   -9.048837|    0.175169|    0.007068|    0.016798|
|         364|  2.1428e-01|   -7.909508|   -9.046026|    0.175140|    0.007067|    0.016794|
|         365|  2.1428e-01|   -7.909934|   -9.043229|    0.175111|    0.007067|    0.016790|
|         366|  2.1427e-01|   -7.910349|   -9.040444|    0.175082|    0.007066|    0.016787|
|         367|  2.1427e-01|   -7.910753|   -9.037675|    0.175053|    0.007066|    0.016783|
|         368|  2.1432e-01|   -7.911147|   -9.034918|    0.175024|    0.007065|    0.016779|
|         369|  2.1433e-01|   -7.911532|   -9.032176|    0.174995|    0.007065|    0.016776|
|         370|  2.1432e-01|   -7.911906|   -9.029448|    0.174966|    0.007065|    0.016772|
|         371|  2.1432e-01|   -7.912271|   -9.026733|    0.174937|    0.007064|    0.016768|
|         372|  2.1430e-01|   -7.912628|   -9.024031|    0.174909|    0.007064|    0.016765|
|         373|  2.1428e-01|   -7.912976|   -9.021342|    0.174881|    0.007063|    0.016761|
|         374|  2.1428e-01|   -7.913316|   -9.018665|    0.174852|    0.007063|    0.016757|
|         375|  2.1428e-01|   -7.913648|   -9.016002|    0.174824|    0.007062|    0.016754|
|         376|  2.1427e-01|   -7.913973|   -9.013353|    0.174796|    0.007062|    0.016750|
|         377|  2.1426e-01|   -7.914290|   -9.010719|    0.174769|    0.007061|    0.016747|
|         378|  2.1424e-01|   -7.914600|   -9.008098|    0.174741|    0.007061|    0.016743|
|         379|  2.1424e-01|   -7.914904|   -9.005491|    0.174714|    0.007061|    0.016740|
|         380|  2.1422e-01|   -7.915201|   -9.002896|    0.174687|    0.007060|    0.016737|
|         381|  2.1422e-01|   -7.915492|   -9.000316|    0.174660|    0.007060|    0.016733|
|         382|  2.1422e-01|   -7.915776|   -8.997749|    0.174633|    0.007059|    0.016730|
|         383|  2.1421e-01|   -7.916055|   -8.995197|    0.174606|    0.007059|    0.016727|
|         384|  2.1425e-01|   -7.916327|   -8.992657|    0.174580|    0.007058|    0.016723|
|         385|  2.1424e-01|   -7.916593|   -8.990129|    0.174554|    0.007058|    0.016720|
|         386|  2.1423e-01|   -7.916853|   -8.987615|    0.174528|    0.007057|    0.016717|
|         387|  2.1424e-01|   -7.917108|   -8.985116|    0.174502|    0.007057|    0.016714|
|         388|  2.1424e-01|   -7.917356|   -8.982629|    0.174476|    0.007056|    0.016711|
|         389|  2.1423e-01|   -7.917600|   -8.980156|    0.174451|    0.007056|    0.016707|
|         390|  2.1422e-01|   -7.917837|   -8.977700|    0.174426|    0.007055|    0.016704|
|         391|  2.1422e-01|   -7.918070|   -8.975258|    0.174401|    0.007055|    0.016701|
|         392|  2.1421e-01|   -7.918297|   -8.972834|    0.174376|    0.007054|    0.016698|
|         393|  2.1419e-01|   -7.918519|   -8.970424|    0.174351|    0.007054|    0.016695|
|         394|  2.1418e-01|   -7.918737|   -8.968031|    0.174326|    0.007053|    0.016692|
|         395|  2.1419e-01|   -7.918950|   -8.965653|    0.174301|    0.007053|    0.016689|
|         396|  2.1419e-01|   -7.919159|   -8.963291|    0.174277|    0.007052|    0.016686|
|         397|  2.1419e-01|   -7.919364|   -8.960947|    0.174252|    0.007052|    0.016683|
|         398|  2.1418e-01|   -7.919566|   -8.958621|    0.174228|    0.007051|    0.016680|
|         399|  2.1418e-01|   -7.919764|   -8.956312|    0.174204|    0.007051|    0.016676|
|         400|  2.1418e-01|   -7.919958|   -8.954022|    0.174180|    0.007050|    0.016673|
|         401|  2.1421e-01|   -7.920151|   -8.951751|    0.174156|    0.007050|    0.016670|
|         402|  2.1425e-01|   -7.920340|   -8.949501|    0.174133|    0.007049|    0.016667|
|         403|  2.1428e-01|   -7.920527|   -8.947268|    0.174109|    0.007049|    0.016664|
|         404|  2.1432e-01|   -7.920713|   -8.945055|    0.174086|    0.007048|    0.016662|
|         405|  2.1436e-01|   -7.920896|   -8.942863|    0.174063|    0.007048|    0.016659|
|         406|  2.1440e-01|   -7.921078|   -8.940693|    0.174039|    0.007047|    0.016656|
|         407|  2.1439e-01|   -7.921259|   -8.938543|    0.174017|    0.007046|    0.016653|
|         408|  2.1438e-01|   -7.921438|   -8.936416|    0.173994|    0.007046|    0.016650|
|         409|  2.1439e-01|   -7.921617|   -8.934307|    0.173971|    0.007045|    0.016647|
|         410|  2.1438e-01|   -7.921794|   -8.932221|    0.173949|    0.007045|    0.016644|
|         411|  2.1438e-01|   -7.921972|   -8.930159|    0.173927|    0.007044|    0.016641|
|         412|  2.1437e-01|   -7.922148|   -8.928120|    0.173904|    0.007044|    0.016639|
|         413|  2.1437e-01|   -7.922325|   -8.926106|    0.173882|    0.007043|    0.016636|
|         414|  2.1440e-01|   -7.922501|   -8.924118|    0.173861|    0.007043|    0.016633|
|         415|  2.1443e-01|   -7.922677|   -8.922156|    0.173839|    0.007042|    0.016630|
|         416|  2.1448e-01|   -7.922854|   -8.920221|    0.173817|    0.007042|    0.016627|
|         417|  2.1447e-01|   -7.923031|   -8.918313|    0.173796|    0.007041|    0.016625|
|         418|  2.1447e-01|   -7.923209|   -8.916429|    0.173774|    0.007040|    0.016622|
|         419|  2.1447e-01|   -7.923387|   -8.914572|    0.173753|    0.007040|    0.016619|
|         420|  2.1447e-01|   -7.923567|   -8.912743|    0.173732|    0.007039|    0.016616|
|         421|  2.1446e-01|   -7.923748|   -8.910943|    0.173711|    0.007039|    0.016614|
|         422|  2.1446e-01|   -7.923930|   -8.909172|    0.173690|    0.007038|    0.016611|
|         423|  2.1446e-01|   -7.924114|   -8.907430|    0.173669|    0.007038|    0.016608|
|         424|  2.1445e-01|   -7.924299|   -8.905716|    0.173649|    0.007037|    0.016605|
|         425|  2.1444e-01|   -7.924487|   -8.904031|    0.173628|    0.007036|    0.016603|
|         426|  2.1444e-01|   -7.924678|   -8.902377|    0.173608|    0.007036|    0.016600|
|         427|  2.1445e-01|   -7.924871|   -8.900753|    0.173587|    0.007035|    0.016597|
|         428|  2.1444e-01|   -7.925066|   -8.899159|    0.173567|    0.007035|    0.016595|
|         429|  2.1444e-01|   -7.925265|   -8.897595|    0.173547|    0.007034|    0.016592|
|         430|  2.1447e-01|   -7.925467|   -8.896061|    0.173527|    0.007033|    0.016589|
|         431|  2.1447e-01|   -7.925673|   -8.894556|    0.173507|    0.007033|    0.016587|
|         432|  2.1451e-01|   -7.925882|   -8.893082|    0.173487|    0.007032|    0.016584|
|         433|  2.1455e-01|   -7.926095|   -8.891637|    0.173468|    0.007032|    0.016581|
|         434|  2.1458e-01|   -7.926312|   -8.890223|    0.173448|    0.007031|    0.016579|
|         435|  2.1461e-01|   -7.926533|   -8.888841|    0.173429|    0.007031|    0.016576|
|         436|  2.1464e-01|   -7.926758|   -8.887489|    0.173409|    0.007030|    0.016574|
|         437|  2.1467e-01|   -7.926987|   -8.886167|    0.173390|    0.007029|    0.016571|
|         438|  2.1468e-01|   -7.927221|   -8.884874|    0.173371|    0.007029|    0.016569|
|         439|  2.1466e-01|   -7.927460|   -8.883613|    0.173352|    0.007028|    0.016566|
|         440|  2.1466e-01|   -7.927703|   -8.882382|    0.173333|    0.007028|    0.016563|
|         441|  2.1466e-01|   -7.927951|   -8.881181|    0.173314|    0.007027|    0.016561|
|         442|  2.1465e-01|   -7.928205|   -8.880008|    0.173296|    0.007026|    0.016558|
|         443|  2.1465e-01|   -7.928463|   -8.878865|    0.173277|    0.007026|    0.016556|
|         444|  2.1464e-01|   -7.928726|   -8.877750|    0.173259|    0.007025|    0.016553|
|         445|  2.1464e-01|   -7.928995|   -8.876666|    0.173240|    0.007025|    0.016551|
|         446|  2.1464e-01|   -7.929269|   -8.875610|    0.173222|    0.007024|    0.016548|
|         447|  2.1464e-01|   -7.929549|   -8.874583|    0.173204|    0.007023|    0.016546|
|         448|  2.1463e-01|   -7.929835|   -8.873583|    0.173186|    0.007023|    0.016543|
|         449|  2.1462e-01|   -7.930126|   -8.872610|    0.173168|    0.007022|    0.016541|
|         450|  2.1461e-01|   -7.930422|   -8.871665|    0.173150|    0.007022|    0.016538|
|         451|  2.1460e-01|   -7.930725|   -8.870746|    0.173132|    0.007021|    0.016536|
|         452|  2.1459e-01|   -7.931034|   -8.869855|    0.173114|    0.007020|    0.016533|
|         453|  2.1459e-01|   -7.931348|   -8.868990|    0.173096|    0.007020|    0.016531|
|         454|  2.1458e-01|   -7.931669|   -8.868150|    0.173079|    0.007019|    0.016528|
|         455|  2.1457e-01|   -7.931996|   -8.867336|    0.173061|    0.007019|    0.016526|
|         456|  2.1457e-01|   -7.932328|   -8.866547|    0.173044|    0.007018|    0.016523|
|         457|  2.1457e-01|   -7.932667|   -8.865782|    0.173026|    0.007017|    0.016521|
|         458|  2.1456e-01|   -7.933013|   -8.865042|    0.173009|    0.007017|    0.016519|
|         459|  2.1456e-01|   -7.933364|   -8.864326|    0.172992|    0.007016|    0.016516|
|         460|  2.1455e-01|   -7.933722|   -8.863634|    0.172975|    0.007016|    0.016514|
|         461|  2.1453e-01|   -7.934087|   -8.862966|    0.172958|    0.007015|    0.016511|
|         462|  2.1453e-01|   -7.934458|   -8.862320|    0.172941|    0.007014|    0.016509|
|         463|  2.1452e-01|   -7.934835|   -8.861698|    0.172924|    0.007014|    0.016506|
|         464|  2.1452e-01|   -7.935218|   -8.861098|    0.172907|    0.007013|    0.016504|
|         465|  2.1451e-01|   -7.935607|   -8.860521|    0.172890|    0.007013|    0.016502|
|         466|  2.1451e-01|   -7.936003|   -8.859966|    0.172874|    0.007012|    0.016499|
|         467|  2.1450e-01|   -7.936405|   -8.859430|    0.172857|    0.007011|    0.016497|
|         468|  2.1449e-01|   -7.936813|   -8.858914|    0.172841|    0.007011|    0.016495|
|         469|  2.1448e-01|   -7.937227|   -8.858417|    0.172824|    0.007010|    0.016492|
|         470|  2.1447e-01|   -7.937648|   -8.857942|    0.172808|    0.007010|    0.016490|
|         471|  2.1447e-01|   -7.938074|   -8.857485|    0.172792|    0.007009|    0.016488|
|         472|  2.1446e-01|   -7.938506|   -8.857048|    0.172776|    0.007008|    0.016485|
|         473|  2.1446e-01|   -7.938944|   -8.856629|    0.172760|    0.007008|    0.016483|
|         474|  2.1446e-01|   -7.939388|   -8.856229|    0.172744|    0.007007|    0.016481|
|         475|  2.1446e-01|   -7.939837|   -8.855847|    0.172728|    0.007007|    0.016478|
|         476|  2.1445e-01|   -7.940292|   -8.855483|    0.172712|    0.007006|    0.016476|
|         477|  2.1444e-01|   -7.940753|   -8.855136|    0.172696|    0.007005|    0.016474|
|         478|  2.1444e-01|   -7.941219|   -8.854807|    0.172680|    0.007005|    0.016471|
|         479|  2.1443e-01|   -7.941690|   -8.854495|    0.172665|    0.007004|    0.016469|
|         480|  2.1443e-01|   -7.942166|   -8.854201|    0.172649|    0.007004|    0.016467|
|         481|  2.1443e-01|   -7.942648|   -8.853921|    0.172634|    0.007003|    0.016465|
|         482|  2.1442e-01|   -7.943134|   -8.853657|    0.172618|    0.007002|    0.016462|
|         483|  2.1442e-01|   -7.943625|   -8.853407|    0.172603|    0.007002|    0.016460|
|         484|  2.1441e-01|   -7.944121|   -8.853173|    0.172587|    0.007001|    0.016458|
|         485|  2.1440e-01|   -7.944621|   -8.852954|    0.172572|    0.007001|    0.016456|
|         486|  2.1440e-01|   -7.945126|   -8.852750|    0.172557|    0.007000|    0.016453|
|         487|  2.1439e-01|   -7.945635|   -8.852558|    0.172542|    0.007000|    0.016451|
|         488|  2.1439e-01|   -7.946148|   -8.852381|    0.172527|    0.006999|    0.016449|
|         489|  2.1438e-01|   -7.946666|   -8.852219|    0.172512|    0.006998|    0.016447|
|         490|  2.1438e-01|   -7.947186|   -8.852070|    0.172497|    0.006998|    0.016444|
|         491|  2.1438e-01|   -7.947711|   -8.851935|    0.172482|    0.006997|    0.016442|
|         492|  2.1436e-01|   -7.948239|   -8.851814|    0.172467|    0.006997|    0.016440|
|         493|  2.1435e-01|   -7.948770|   -8.851703|    0.172452|    0.006996|    0.016438|
|         494|  2.1435e-01|   -7.949304|   -8.851604|    0.172438|    0.006995|    0.016436|
|         495|  2.1435e-01|   -7.949841|   -8.851518|    0.172423|    0.006995|    0.016433|
|         496|  2.1434e-01|   -7.950380|   -8.851444|    0.172409|    0.006994|    0.016431|
|         497|  2.1433e-01|   -7.950923|   -8.851382|    0.172394|    0.006994|    0.016429|
|         498|  2.1432e-01|   -7.951467|   -8.851332|    0.172380|    0.006993|    0.016427|
|         499|  2.1431e-01|   -7.952014|   -8.851295|    0.172365|    0.006992|    0.016425|
|         500|  2.1431e-01|   -7.952562|   -8.851268|    0.172351|    0.006992|    0.016423|
+-----------------------------------------------------------------------+
|        File Writing Summary       |              Filename             |
+-----------------------------------------------------------------------+
|SU2 binary restart                 |restart_flow.dat                   |
|Paraview                           |flow.vtu                           |
|Paraview surface                   |surface_flow.vtu                   |
+-----------------------------------------------------------------------+
+------------------------------------------------------------------------------------------+
|  Inner_Iter|   Time(sec)|    rms[Rho]|     rms[nu]|          CL|          CD|         CMz|
+------------------------------------------------------------------------------------------+
|         501|  2.1443e-01|   -7.953113|   -8.851251|    0.172337|    0.006991|    0.016420|
|         502|  2.1442e-01|   -7.953664|   -8.851243|    0.172323|    0.006991|    0.016418|
|         503|  2.1441e-01|   -7.954218|   -8.851246|    0.172309|    0.006990|    0.016416|
|         504|  2.1441e-01|   -7.954772|   -8.851258|    0.172294|    0.006990|    0.016414|
|         505|  2.1439e-01|   -7.955327|   -8.851280|    0.172280|    0.006989|    0.016412|
|         506|  2.1438e-01|   -7.955884|   -8.851311|    0.172266|    0.006988|    0.016410|
|         507|  2.1436e-01|   -7.956440|   -8.851352|    0.172253|    0.006988|    0.016408|
|         508|  2.1435e-01|   -7.956998|   -8.851402|    0.172239|    0.006987|    0.016406|
|         509|  2.1436e-01|   -7.957555|   -8.851462|    0.172225|    0.006987|    0.016404|
|         510|  2.1437e-01|   -7.958113|   -8.851532|    0.172211|    0.006986|    0.016402|
|         511|  2.1436e-01|   -7.958670|   -8.851610|    0.172198|    0.006986|    0.016399|
|         512|  2.1437e-01|   -7.959228|   -8.851697|    0.172184|    0.006985|    0.016397|
|         513|  2.1436e-01|   -7.959784|   -8.851790|    0.172170|    0.006985|    0.016395|
|         514|  2.1436e-01|   -7.960341|   -8.851891|    0.172157|    0.006984|    0.016393|
|         515|  2.1435e-01|   -7.960896|   -8.851998|    0.172143|    0.006983|    0.016391|
|         516|  2.1436e-01|   -7.961450|   -8.852113|    0.172130|    0.006983|    0.016389|
|         517|  2.1437e-01|   -7.962003|   -8.852236|    0.172117|    0.006982|    0.016387|
|         518|  2.1438e-01|   -7.962555|   -8.852366|    0.172103|    0.006982|    0.016385|
|         519|  2.1439e-01|   -7.963105|   -8.852503|    0.172090|    0.006981|    0.016383|
|         520|  2.1439e-01|   -7.963654|   -8.852647|    0.172077|    0.006981|    0.016381|
|         521|  2.1439e-01|   -7.964200|   -8.852797|    0.172064|    0.006980|    0.016379|
|         522|  2.1439e-01|   -7.964745|   -8.852955|    0.172051|    0.006979|    0.016377|
|         523|  2.1439e-01|   -7.965288|   -8.853120|    0.172038|    0.006979|    0.016375|
|         524|  2.1438e-01|   -7.965829|   -8.853290|    0.172025|    0.006978|    0.016373|
|         525|  2.1439e-01|   -7.966367|   -8.853466|    0.172012|    0.006978|    0.016371|
|         526|  2.1438e-01|   -7.966902|   -8.853648|    0.171999|    0.006977|    0.016369|
|         527|  2.1438e-01|   -7.967435|   -8.853836|    0.171986|    0.006977|    0.016367|
|         528|  2.1437e-01|   -7.967965|   -8.854030|    0.171974|    0.006976|    0.016365|
|         529|  2.1438e-01|   -7.968493|   -8.854229|    0.171961|    0.006976|    0.016363|
|         530|  2.1437e-01|   -7.969017|   -8.854435|    0.171948|    0.006975|    0.016361|
|         531|  2.1436e-01|   -7.969538|   -8.854646|    0.171936|    0.006975|    0.016360|
|         532|  2.1436e-01|   -7.970056|   -8.854863|    0.171923|    0.006974|    0.016358|
|         533|  2.1435e-01|   -7.970571|   -8.855085|    0.171911|    0.006974|    0.016356|
|         534|  2.1434e-01|   -7.971083|   -8.855311|    0.171898|    0.006973|    0.016354|
|         535|  2.1435e-01|   -7.971591|   -8.855542|    0.171886|    0.006972|    0.016352|
|         536|  2.1437e-01|   -7.972095|   -8.855778|    0.171873|    0.006972|    0.016350|
|         537|  2.1436e-01|   -7.972596|   -8.856019|    0.171861|    0.006971|    0.016348|
|         538|  2.1436e-01|   -7.973093|   -8.856265|    0.171849|    0.006971|    0.016346|
|         539|  2.1436e-01|   -7.973587|   -8.856515|    0.171837|    0.006970|    0.016344|
|         540|  2.1436e-01|   -7.974076|   -8.856768|    0.171824|    0.006970|    0.016342|
|         541|  2.1435e-01|   -7.974562|   -8.857026|    0.171812|    0.006969|    0.016341|
|         542|  2.1435e-01|   -7.975044|   -8.857289|    0.171800|    0.006969|    0.016339|
|         543|  2.1435e-01|   -7.975521|   -8.857555|    0.171788|    0.006968|    0.016337|
|         544|  2.1434e-01|   -7.975995|   -8.857826|    0.171776|    0.006968|    0.016335|
|         545|  2.1438e-01|   -7.976465|   -8.858100|    0.171765|    0.006967|    0.016333|
|         546|  2.1439e-01|   -7.976930|   -8.858378|    0.171753|    0.006967|    0.016331|
|         547|  2.1438e-01|   -7.977392|   -8.858660|    0.171741|    0.006966|    0.016330|
|         548|  2.1438e-01|   -7.977849|   -8.858947|    0.171729|    0.006966|    0.016328|
|         549|  2.1438e-01|   -7.978302|   -8.859238|    0.171717|    0.006965|    0.016326|
|         550|  2.1437e-01|   -7.978751|   -8.859533|    0.171706|    0.006965|    0.016324|
|         551|  2.1437e-01|   -7.979196|   -8.859831|    0.171694|    0.006964|    0.016322|
|         552|  2.1436e-01|   -7.979636|   -8.860134|    0.171683|    0.006964|    0.016321|
|         553|  2.1437e-01|   -7.980073|   -8.860440|    0.171671|    0.006963|    0.016319|
|         554|  2.1440e-01|   -7.980505|   -8.860749|    0.171660|    0.006963|    0.016317|
|         555|  2.1442e-01|   -7.980933|   -8.861061|    0.171648|    0.006962|    0.016315|
|         556|  2.1444e-01|   -7.981357|   -8.861377|    0.171637|    0.006962|    0.016313|
|         557|  2.1446e-01|   -7.981776|   -8.861696|    0.171626|    0.006961|    0.016312|
|         558|  2.1446e-01|   -7.982192|   -8.862019|    0.171614|    0.006961|    0.016310|
|         559|  2.1449e-01|   -7.982603|   -8.862344|    0.171603|    0.006960|    0.016308|
|         560|  2.1451e-01|   -7.983010|   -8.862671|    0.171592|    0.006960|    0.016307|
|         561|  2.1451e-01|   -7.983412|   -8.863003|    0.171581|    0.006959|    0.016305|
|         562|  2.1450e-01|   -7.983811|   -8.863336|    0.171570|    0.006959|    0.016303|
|         563|  2.1450e-01|   -7.984206|   -8.863671|    0.171559|    0.006958|    0.016301|
|         564|  2.1450e-01|   -7.984596|   -8.864009|    0.171548|    0.006958|    0.016300|
|         565|  2.1449e-01|   -7.984983|   -8.864350|    0.171537|    0.006957|    0.016298|
|         566|  2.1449e-01|   -7.985365|   -8.864695|    0.171526|    0.006957|    0.016296|
|         567|  2.1449e-01|   -7.985744|   -8.865042|    0.171515|    0.006956|    0.016295|
|         568|  2.1449e-01|   -7.986119|   -8.865392|    0.171504|    0.006956|    0.016293|
|         569|  2.1448e-01|   -7.986489|   -8.865745|    0.171493|    0.006955|    0.016291|
|         570|  2.1447e-01|   -7.986856|   -8.866101|    0.171483|    0.006955|    0.016290|
|         571|  2.1447e-01|   -7.987219|   -8.866457|    0.171472|    0.006954|    0.016288|
|         572|  2.1447e-01|   -7.987578|   -8.866815|    0.171461|    0.006954|    0.016286|
|         573|  2.1446e-01|   -7.987934|   -8.867175|    0.171451|    0.006953|    0.016285|
|         574|  2.1449e-01|   -7.988286|   -8.867538|    0.171440|    0.006953|    0.016283|
|         575|  2.1449e-01|   -7.988634|   -8.867904|    0.171430|    0.006952|    0.016281|
|         576|  2.1449e-01|   -7.988978|   -8.868272|    0.171419|    0.006952|    0.016280|
|         577|  2.1448e-01|   -7.989319|   -8.868642|    0.171409|    0.006951|    0.016278|
|         578|  2.1447e-01|   -7.989657|   -8.869014|    0.171399|    0.006951|    0.016277|
|         579|  2.1448e-01|   -7.989991|   -8.869389|    0.171388|    0.006951|    0.016275|
|         580|  2.1447e-01|   -7.990321|   -8.869766|    0.171378|    0.006950|    0.016273|
|         581|  2.1447e-01|   -7.990648|   -8.870143|    0.171368|    0.006950|    0.016272|
|         582|  2.1445e-01|   -7.990972|   -8.870523|    0.171358|    0.006949|    0.016270|
|         583|  2.1445e-01|   -7.991293|   -8.870904|    0.171348|    0.006949|    0.016269|
|         584|  2.1445e-01|   -7.991610|   -8.871288|    0.171337|    0.006948|    0.016267|
|         585|  2.1445e-01|   -7.991924|   -8.871674|    0.171327|    0.006948|    0.016265|
|         586|  2.1445e-01|   -7.992235|   -8.872059|    0.171317|    0.006947|    0.016264|
|         587|  2.1445e-01|   -7.992543|   -8.872446|    0.171307|    0.006947|    0.016262|
|         588|  2.1445e-01|   -7.992847|   -8.872835|    0.171298|    0.006946|    0.016261|
|         589|  2.1445e-01|   -7.993149|   -8.873224|    0.171288|    0.006946|    0.016259|
|         590|  2.1444e-01|   -7.993448|   -8.873612|    0.171278|    0.006946|    0.016258|
|         591|  2.1443e-01|   -7.993744|   -8.874001|    0.171268|    0.006945|    0.016256|
|         592|  2.1443e-01|   -7.994037|   -8.874391|    0.171258|    0.006945|    0.016255|
|         593|  2.1443e-01|   -7.994327|   -8.874782|    0.171249|    0.006944|    0.016253|
|         594|  2.1443e-01|   -7.994615|   -8.875175|    0.171239|    0.006944|    0.016252|
|         595|  2.1443e-01|   -7.994899|   -8.875569|    0.171229|    0.006943|    0.016250|
|         596|  2.1444e-01|   -7.995181|   -8.875964|    0.171220|    0.006943|    0.016249|
|         597|  2.1443e-01|   -7.995461|   -8.876360|    0.171210|    0.006942|    0.016247|
|         598|  2.1444e-01|   -7.995738|   -8.876758|    0.171201|    0.006942|    0.016246|
|         599|  2.1443e-01|   -7.996012|   -8.877156|    0.171191|    0.006942|    0.016244|
|         600|  2.1443e-01|   -7.996284|   -8.877555|    0.171182|    0.006941|    0.016243|
|         601|  2.1443e-01|   -7.996553|   -8.877954|    0.171172|    0.006941|    0.016241|
|         602|  2.1443e-01|   -7.996820|   -8.878353|    0.171163|    0.006940|    0.016240|
|         603|  2.1443e-01|   -7.997085|   -8.878753|    0.171154|    0.006940|    0.016239|
|         604|  2.1443e-01|   -7.997347|   -8.879154|    0.171145|    0.006939|    0.016237|
|         605|  2.1443e-01|   -7.997607|   -8.879556|    0.171135|    0.006939|    0.016236|
|         606|  2.1444e-01|   -7.997864|   -8.879957|    0.171126|    0.006939|    0.016234|
|         607|  2.1442e-01|   -7.998120|   -8.880359|    0.171117|    0.006938|    0.016233|
|         608|  2.1442e-01|   -7.998373|   -8.880760|    0.171108|    0.006938|    0.016231|
|         609|  2.1442e-01|   -7.998624|   -8.881160|    0.171099|    0.006937|    0.016230|
|         610|  2.1442e-01|   -7.998873|   -8.881560|    0.171090|    0.006937|    0.016229|
|         611|  2.1442e-01|   -7.999120|   -8.881960|    0.171081|    0.006937|    0.016227|
|         612|  2.1442e-01|   -7.999365|   -8.882360|    0.171072|    0.006936|    0.016226|
|         613|  2.1442e-01|   -7.999608|   -8.882761|    0.171063|    0.006936|    0.016224|
|         614|  2.1442e-01|   -7.999849|   -8.883161|    0.171054|    0.006935|    0.016223|
|         615|  2.1442e-01|   -8.000088|   -8.883562|    0.171046|    0.006935|    0.016222|
|         616|  2.1442e-01|   -8.000325|   -8.883962|    0.171037|    0.006934|    0.016220|
|         617|  2.1442e-01|   -8.000560|   -8.884360|    0.171028|    0.006934|    0.016219|
|         618|  2.1442e-01|   -8.000794|   -8.884759|    0.171019|    0.006934|    0.016218|
|         619|  2.1442e-01|   -8.001025|   -8.885158|    0.171011|    0.006933|    0.016216|
|         620|  2.1442e-01|   -8.001255|   -8.885556|    0.171002|    0.006933|    0.016215|
|         621|  2.1443e-01|   -8.001483|   -8.885953|    0.170994|    0.006932|    0.016214|
|         622|  2.1442e-01|   -8.001710|   -8.886349|    0.170985|    0.006932|    0.016212|
|         623|  2.1442e-01|   -8.001934|   -8.886744|    0.170977|    0.006932|    0.016211|
|         624|  2.1442e-01|   -8.002157|   -8.887140|    0.170968|    0.006931|    0.016210|
|         625|  2.1443e-01|   -8.002379|   -8.887533|    0.170960|    0.006931|    0.016208|
|         626|  2.1443e-01|   -8.002599|   -8.887926|    0.170951|    0.006930|    0.016207|
|         627|  2.1444e-01|   -8.002817|   -8.888319|    0.170943|    0.006930|    0.016206|
|         628|  2.1443e-01|   -8.003034|   -8.888712|    0.170935|    0.006930|    0.016204|
|         629|  2.1443e-01|   -8.003249|   -8.889104|    0.170926|    0.006929|    0.016203|
|         630|  2.1443e-01|   -8.003462|   -8.889495|    0.170918|    0.006929|    0.016202|
|         631|  2.1444e-01|   -8.003674|   -8.889886|    0.170910|    0.006929|    0.016201|
|         632|  2.1444e-01|   -8.003885|   -8.890277|    0.170902|    0.006928|    0.016199|
|         633|  2.1443e-01|   -8.004094|   -8.890667|    0.170894|    0.006928|    0.016198|
|         634|  2.1444e-01|   -8.004302|   -8.891057|    0.170886|    0.006927|    0.016197|
|         635|  2.1443e-01|   -8.004509|   -8.891447|    0.170878|    0.006927|    0.016196|
|         636|  2.1444e-01|   -8.004714|   -8.891836|    0.170870|    0.006927|    0.016194|
|         637|  2.1443e-01|   -8.004918|   -8.892225|    0.170862|    0.006926|    0.016193|
|         638|  2.1443e-01|   -8.005120|   -8.892611|    0.170854|    0.006926|    0.016192|
|         639|  2.1443e-01|   -8.005321|   -8.892998|    0.170846|    0.006926|    0.016191|
|         640|  2.1442e-01|   -8.005521|   -8.893384|    0.170838|    0.006925|    0.016189|
|         641|  2.1443e-01|   -8.005720|   -8.893769|    0.170830|    0.006925|    0.016188|
|         642|  2.1443e-01|   -8.005917|   -8.894154|    0.170822|    0.006924|    0.016187|
|         643|  2.1443e-01|   -8.006113|   -8.894538|    0.170815|    0.006924|    0.016186|
|         644|  2.1444e-01|   -8.006308|   -8.894920|    0.170807|    0.006924|    0.016185|
|         645|  2.1444e-01|   -8.006502|   -8.895301|    0.170799|    0.006923|    0.016183|
|         646|  2.1443e-01|   -8.006694|   -8.895681|    0.170792|    0.006923|    0.016182|
|         647|  2.1442e-01|   -8.006885|   -8.896060|    0.170784|    0.006923|    0.016181|
|         648|  2.1441e-01|   -8.007076|   -8.896437|    0.170776|    0.006922|    0.016180|
|         649|  2.1442e-01|   -8.007265|   -8.896813|    0.170769|    0.006922|    0.016179|
|         650|  2.1442e-01|   -8.007453|   -8.897188|    0.170761|    0.006922|    0.016178|
|         651|  2.1441e-01|   -8.007640|   -8.897563|    0.170754|    0.006921|    0.016176|
|         652|  2.1441e-01|   -8.007825|   -8.897936|    0.170747|    0.006921|    0.016175|
|         653|  2.1441e-01|   -8.008010|   -8.898308|    0.170739|    0.006920|    0.016174|
|         654|  2.1441e-01|   -8.008193|   -8.898679|    0.170732|    0.006920|    0.016173|
|         655|  2.1441e-01|   -8.008376|   -8.899050|    0.170725|    0.006920|    0.016172|
|         656|  2.1441e-01|   -8.008557|   -8.899419|    0.170717|    0.006919|    0.016171|
|         657|  2.1441e-01|   -8.008738|   -8.899787|    0.170710|    0.006919|    0.016170|
|         658|  2.1441e-01|   -8.008917|   -8.900154|    0.170703|    0.006919|    0.016168|
|         659|  2.1441e-01|   -8.009096|   -8.900520|    0.170696|    0.006918|    0.016167|
|         660|  2.1441e-01|   -8.009273|   -8.900884|    0.170688|    0.006918|    0.016166|
|         661|  2.1440e-01|   -8.009450|   -8.901248|    0.170681|    0.006918|    0.016165|
|         662|  2.1440e-01|   -8.009625|   -8.901610|    0.170674|    0.006917|    0.016164|
|         663|  2.1440e-01|   -8.009800|   -8.901971|    0.170667|    0.006917|    0.016163|
|         664|  2.1439e-01|   -8.009973|   -8.902330|    0.170660|    0.006917|    0.016162|
|         665|  2.1439e-01|   -8.010146|   -8.902687|    0.170653|    0.006916|    0.016161|
|         666|  2.1439e-01|   -8.010318|   -8.903042|    0.170646|    0.006916|    0.016160|
|         667|  2.1439e-01|   -8.010489|   -8.903396|    0.170639|    0.006916|    0.016159|
|         668|  2.1438e-01|   -8.010659|   -8.903749|    0.170632|    0.006915|    0.016158|
|         669|  2.1438e-01|   -8.010827|   -8.904100|    0.170626|    0.006915|    0.016156|
|         670|  2.1439e-01|   -8.010996|   -8.904449|    0.170619|    0.006915|    0.016155|
|         671|  2.1439e-01|   -8.011163|   -8.904797|    0.170612|    0.006914|    0.016154|
|         672|  2.1438e-01|   -8.011329|   -8.905143|    0.170605|    0.006914|    0.016153|
|         673|  2.1437e-01|   -8.011495|   -8.905488|    0.170598|    0.006914|    0.016152|
|         674|  2.1437e-01|   -8.011659|   -8.905832|    0.170592|    0.006913|    0.016151|
|         675|  2.1437e-01|   -8.011823|   -8.906173|    0.170585|    0.006913|    0.016150|
|         676|  2.1438e-01|   -8.011986|   -8.906513|    0.170579|    0.006913|    0.016149|
|         677|  2.1438e-01|   -8.012147|   -8.906851|    0.170572|    0.006912|    0.016148|
|         678|  2.1436e-01|   -8.012309|   -8.907188|    0.170565|    0.006912|    0.016147|
|         679|  2.1436e-01|   -8.012469|   -8.907523|    0.170559|    0.006912|    0.016146|
|         680|  2.1436e-01|   -8.012628|   -8.907856|    0.170552|    0.006912|    0.016145|
|         681|  2.1436e-01|   -8.012787|   -8.908188|    0.170546|    0.006911|    0.016144|
|         682|  2.1435e-01|   -8.012944|   -8.908517|    0.170539|    0.006911|    0.016143|
|         683|  2.1435e-01|   -8.013101|   -8.908844|    0.170533|    0.006911|    0.016142|
|         684|  2.1434e-01|   -8.013257|   -8.909170|    0.170527|    0.006910|    0.016141|
|         685|  2.1434e-01|   -8.013413|   -8.909494|    0.170520|    0.006910|    0.016140|
|         686|  2.1433e-01|   -8.013567|   -8.909816|    0.170514|    0.006910|    0.016139|
|         687|  2.1433e-01|   -8.013721|   -8.910136|    0.170508|    0.006909|    0.016138|
|         688|  2.1433e-01|   -8.013874|   -8.910454|    0.170501|    0.006909|    0.016137|
|         689|  2.1433e-01|   -8.014026|   -8.910770|    0.170495|    0.006909|    0.016136|
|         690|  2.1433e-01|   -8.014177|   -8.911085|    0.170489|    0.006908|    0.016135|
|         691|  2.1433e-01|   -8.014327|   -8.911397|    0.170483|    0.006908|    0.016134|
|         692|  2.1433e-01|   -8.014477|   -8.911708|    0.170477|    0.006908|    0.016133|
|         693|  2.1434e-01|   -8.014626|   -8.912017|    0.170471|    0.006908|    0.016132|
|         694|  2.1435e-01|   -8.014774|   -8.912324|    0.170465|    0.006907|    0.016132|
|         695|  2.1437e-01|   -8.014921|   -8.912629|    0.170459|    0.006907|    0.016131|
|         696|  2.1439e-01|   -8.015068|   -8.912933|    0.170453|    0.006907|    0.016130|
|         697|  2.1441e-01|   -8.015214|   -8.913234|    0.170447|    0.006906|    0.016129|
|         698|  2.1443e-01|   -8.015359|   -8.913534|    0.170441|    0.006906|    0.016128|
|         699|  2.1444e-01|   -8.015503|   -8.913832|    0.170435|    0.006906|    0.016127|
|         700|  2.1443e-01|   -8.015646|   -8.914128|    0.170429|    0.006905|    0.016126|
|         701|  2.1443e-01|   -8.015789|   -8.914421|    0.170423|    0.006905|    0.016125|
|         702|  2.1442e-01|   -8.015931|   -8.914713|    0.170417|    0.006905|    0.016124|
|         703|  2.1442e-01|   -8.016072|   -8.915003|    0.170411|    0.006905|    0.016123|
|         704|  2.1442e-01|   -8.016213|   -8.915291|    0.170406|    0.006904|    0.016122|
|         705|  2.1442e-01|   -8.016352|   -8.915578|    0.170400|    0.006904|    0.016121|
|         706|  2.1441e-01|   -8.016491|   -8.915863|    0.170394|    0.006904|    0.016121|
|         707|  2.1440e-01|   -8.016629|   -8.916146|    0.170388|    0.006903|    0.016120|
|         708|  2.1439e-01|   -8.016767|   -8.916427|    0.170383|    0.006903|    0.016119|
|         709|  2.1439e-01|   -8.016904|   -8.916706|    0.170377|    0.006903|    0.016118|
|         710|  2.1439e-01|   -8.017040|   -8.916984|    0.170371|    0.006903|    0.016117|
|         711|  2.1439e-01|   -8.017175|   -8.917260|    0.170366|    0.006902|    0.016116|
|         712|  2.1438e-01|   -8.017309|   -8.917535|    0.170360|    0.006902|    0.016115|
|         713|  2.1438e-01|   -8.017443|   -8.917807|    0.170355|    0.006902|    0.016115|
|         714|  2.1437e-01|   -8.017576|   -8.918078|    0.170349|    0.006902|    0.016114|
|         715|  2.1437e-01|   -8.017709|   -8.918346|    0.170344|    0.006901|    0.016113|
|         716|  2.1436e-01|   -8.017840|   -8.918613|    0.170338|    0.006901|    0.016112|
|         717|  2.1435e-01|   -8.017971|   -8.918878|    0.170333|    0.006901|    0.016111|
|         718|  2.1435e-01|   -8.018101|   -8.919141|    0.170328|    0.006900|    0.016110|
|         719|  2.1435e-01|   -8.018231|   -8.919402|    0.170322|    0.006900|    0.016110|
|         720|  2.1435e-01|   -8.018360|   -8.919663|    0.170317|    0.006900|    0.016109|
|         721|  2.1435e-01|   -8.018488|   -8.919921|    0.170311|    0.006900|    0.016108|
|         722|  2.1434e-01|   -8.018615|   -8.920177|    0.170306|    0.006899|    0.016107|
|         723|  2.1434e-01|   -8.018742|   -8.920432|    0.170301|    0.006899|    0.016106|
|         724|  2.1434e-01|   -8.018868|   -8.920685|    0.170296|    0.006899|    0.016105|
|         725|  2.1433e-01|   -8.018994|   -8.920936|    0.170290|    0.006899|    0.016105|
|         726|  2.1433e-01|   -8.019118|   -8.921186|    0.170285|    0.006898|    0.016104|
|         727|  2.1433e-01|   -8.019242|   -8.921434|    0.170280|    0.006898|    0.016103|
|         728|  2.1433e-01|   -8.019365|   -8.921681|    0.170275|    0.006898|    0.016102|
|         729|  2.1433e-01|   -8.019488|   -8.921926|    0.170270|    0.006898|    0.016101|
|         730|  2.1433e-01|   -8.019610|   -8.922168|    0.170265|    0.006897|    0.016101|
|         731|  2.1433e-01|   -8.019731|   -8.922409|    0.170260|    0.006897|    0.016100|
|         732|  2.1432e-01|   -8.019852|   -8.922649|    0.170255|    0.006897|    0.016099|
|         733|  2.1432e-01|   -8.019971|   -8.922887|    0.170250|    0.006896|    0.016098|
|         734|  2.1431e-01|   -8.020091|   -8.923123|    0.170245|    0.006896|    0.016098|
|         735|  2.1431e-01|   -8.020209|   -8.923357|    0.170240|    0.006896|    0.016097|
|         736|  2.1431e-01|   -8.020327|   -8.923590|    0.170235|    0.006896|    0.016096|
|         737|  2.1431e-01|   -8.020444|   -8.923820|    0.170230|    0.006895|    0.016095|
|         738|  2.1431e-01|   -8.020561|   -8.924049|    0.170225|    0.006895|    0.016095|
|         739|  2.1431e-01|   -8.020677|   -8.924277|    0.170220|    0.006895|    0.016094|
|         740|  2.1431e-01|   -8.020792|   -8.924503|    0.170215|    0.006895|    0.016093|
|         741|  2.1431e-01|   -8.020906|   -8.924727|    0.170211|    0.006894|    0.016092|
|         742|  2.1431e-01|   -8.021020|   -8.924950|    0.170206|    0.006894|    0.016092|
|         743|  2.1431e-01|   -8.021134|   -8.925171|    0.170201|    0.006894|    0.016091|
|         744|  2.1431e-01|   -8.021247|   -8.925390|    0.170196|    0.006894|    0.016090|
|         745|  2.1430e-01|   -8.021359|   -8.925608|    0.170192|    0.006894|    0.016089|
|         746|  2.1429e-01|   -8.021470|   -8.925825|    0.170187|    0.006893|    0.016089|
|         747|  2.1429e-01|   -8.021581|   -8.926040|    0.170182|    0.006893|    0.016088|
|         748|  2.1429e-01|   -8.021692|   -8.926255|    0.170178|    0.006893|    0.016087|
|         749|  2.1428e-01|   -8.021801|   -8.926467|    0.170173|    0.006893|    0.016087|
|         750|  2.1428e-01|   -8.021910|   -8.926679|    0.170168|    0.006892|    0.016086|
+-----------------------------------------------------------------------+
|        File Writing Summary       |              Filename             |
+-----------------------------------------------------------------------+
|SU2 binary restart                 |restart_flow.dat                   |
|Paraview                           |flow.vtu                           |
|Paraview surface                   |surface_flow.vtu                   |
+-----------------------------------------------------------------------+
+------------------------------------------------------------------------------------------+
|  Inner_Iter|   Time(sec)|    rms[Rho]|     rms[nu]|          CL|          CD|         CMz|
+------------------------------------------------------------------------------------------+
|         751|  2.1435e-01|   -8.022019|   -8.926889|    0.170164|    0.006892|    0.016085|
|         752|  2.1435e-01|   -8.022127|   -8.927099|    0.170159|    0.006892|    0.016084|
|         753|  2.1434e-01|   -8.022234|   -8.927306|    0.170155|    0.006892|    0.016084|
|         754|  2.1435e-01|   -8.022341|   -8.927513|    0.170150|    0.006891|    0.016083|
|         755|  2.1434e-01|   -8.022447|   -8.927719|    0.170146|    0.006891|    0.016082|
|         756|  2.1432e-01|   -8.022553|   -8.927923|    0.170141|    0.006891|    0.016082|
|         757|  2.1432e-01|   -8.022658|   -8.928126|    0.170137|    0.006891|    0.016081|
|         758|  2.1431e-01|   -8.022763|   -8.928328|    0.170132|    0.006890|    0.016080|
|         759|  2.1432e-01|   -8.022867|   -8.928529|    0.170128|    0.006890|    0.016080|
|         760|  2.1432e-01|   -8.022971|   -8.928728|    0.170124|    0.006890|    0.016079|
|         761|  2.1432e-01|   -8.023074|   -8.928926|    0.170119|    0.006890|    0.016078|
|         762|  2.1432e-01|   -8.023177|   -8.929123|    0.170115|    0.006890|    0.016078|
|         763|  2.1432e-01|   -8.023279|   -8.929319|    0.170111|    0.006889|    0.016077|
|         764|  2.1431e-01|   -8.023381|   -8.929513|    0.170106|    0.006889|    0.016076|
|         765|  2.1432e-01|   -8.023482|   -8.929707|    0.170102|    0.006889|    0.016076|
|         766|  2.1431e-01|   -8.023582|   -8.929899|    0.170098|    0.006889|    0.016075|
|         767|  2.1431e-01|   -8.023682|   -8.930090|    0.170094|    0.006888|    0.016074|
|         768|  2.1431e-01|   -8.023782|   -8.930280|    0.170090|    0.006888|    0.016074|
|         769|  2.1431e-01|   -8.023881|   -8.930468|    0.170085|    0.006888|    0.016073|
|         770|  2.1431e-01|   -8.023979|   -8.930655|    0.170081|    0.006888|    0.016072|
|         771|  2.1432e-01|   -8.024077|   -8.930840|    0.170077|    0.006888|    0.016072|
|         772|  2.1432e-01|   -8.024175|   -8.931024|    0.170073|    0.006887|    0.016071|
|         773|  2.1431e-01|   -8.024272|   -8.931207|    0.170069|    0.006887|    0.016070|
|         774|  2.1431e-01|   -8.024368|   -8.931388|    0.170065|    0.006887|    0.016070|
|         775|  2.1431e-01|   -8.024464|   -8.931569|    0.170061|    0.006887|    0.016069|
|         776|  2.1429e-01|   -8.024560|   -8.931747|    0.170057|    0.006886|    0.016069|
|         777|  2.1429e-01|   -8.024655|   -8.931925|    0.170053|    0.006886|    0.016068|
|         778|  2.1429e-01|   -8.024750|   -8.932100|    0.170049|    0.006886|    0.016067|
|         779|  2.1428e-01|   -8.024844|   -8.932274|    0.170045|    0.006886|    0.016067|
|         780|  2.1428e-01|   -8.024937|   -8.932447|    0.170041|    0.006886|    0.016066|
|         781|  2.1428e-01|   -8.025031|   -8.932619|    0.170037|    0.006885|    0.016066|
|         782|  2.1427e-01|   -8.025124|   -8.932789|    0.170033|    0.006885|    0.016065|
|         783|  2.1427e-01|   -8.025216|   -8.932958|    0.170029|    0.006885|    0.016064|
|         784|  2.1427e-01|   -8.025308|   -8.933125|    0.170025|    0.006885|    0.016064|
|         785|  2.1428e-01|   -8.025400|   -8.933291|    0.170021|    0.006885|    0.016063|
|         786|  2.1428e-01|   -8.025491|   -8.933456|    0.170018|    0.006884|    0.016063|
|         787|  2.1427e-01|   -8.025582|   -8.933619|    0.170014|    0.006884|    0.016062|
|         788|  2.1427e-01|   -8.025672|   -8.933781|    0.170010|    0.006884|    0.016061|
|         789|  2.1427e-01|   -8.025762|   -8.933942|    0.170006|    0.006884|    0.016061|
|         790|  2.1426e-01|   -8.025852|   -8.934101|    0.170002|    0.006884|    0.016060|
|         791|  2.1426e-01|   -8.025941|   -8.934259|    0.169999|    0.006883|    0.016060|
|         792|  2.1426e-01|   -8.026030|   -8.934416|    0.169995|    0.006883|    0.016059|
|         793|  2.1425e-01|   -8.026119|   -8.934571|    0.169991|    0.006883|    0.016059|
|         794|  2.1426e-01|   -8.026207|   -8.934725|    0.169988|    0.006883|    0.016058|
|         795|  2.1425e-01|   -8.026295|   -8.934877|    0.169984|    0.006883|    0.016057|
|         796|  2.1424e-01|   -8.026383|   -8.935029|    0.169980|    0.006882|    0.016057|
|         797|  2.1424e-01|   -8.026470|   -8.935179|    0.169977|    0.006882|    0.016056|
|         798|  2.1425e-01|   -8.026557|   -8.935328|    0.169973|    0.006882|    0.016056|
|         799|  2.1425e-01|   -8.026644|   -8.935475|    0.169969|    0.006882|    0.016055|
|         800|  2.1424e-01|   -8.026731|   -8.935621|    0.169966|    0.006882|    0.016055|
|         801|  2.1424e-01|   -8.026817|   -8.935766|    0.169962|    0.006881|    0.016054|
|         802|  2.1424e-01|   -8.026902|   -8.935910|    0.169959|    0.006881|    0.016054|
|         803|  2.1424e-01|   -8.026988|   -8.936052|    0.169955|    0.006881|    0.016053|
|         804|  2.1424e-01|   -8.027073|   -8.936194|    0.169952|    0.006881|    0.016053|
|         805|  2.1423e-01|   -8.027158|   -8.936334|    0.169948|    0.006881|    0.016052|
|         806|  2.1422e-01|   -8.027243|   -8.936473|    0.169945|    0.006880|    0.016051|
|         807|  2.1421e-01|   -8.027328|   -8.936611|    0.169941|    0.006880|    0.016051|
|         808|  2.1421e-01|   -8.027412|   -8.936748|    0.169938|    0.006880|    0.016050|
|         809|  2.1421e-01|   -8.027496|   -8.936884|    0.169935|    0.006880|    0.016050|
|         810|  2.1421e-01|   -8.027580|   -8.937019|    0.169931|    0.006880|    0.016049|
|         811|  2.1420e-01|   -8.027663|   -8.937153|    0.169928|    0.006879|    0.016049|
|         812|  2.1420e-01|   -8.027747|   -8.937286|    0.169924|    0.006879|    0.016048|
|         813|  2.1420e-01|   -8.027830|   -8.937418|    0.169921|    0.006879|    0.016048|
|         814|  2.1419e-01|   -8.027913|   -8.937549|    0.169918|    0.006879|    0.016047|
|         815|  2.1421e-01|   -8.027995|   -8.937679|    0.169915|    0.006879|    0.016047|
|         816|  2.1421e-01|   -8.028078|   -8.937808|    0.169911|    0.006879|    0.016046|
|         817|  2.1420e-01|   -8.028160|   -8.937936|    0.169908|    0.006878|    0.016046|
|         818|  2.1421e-01|   -8.028242|   -8.938063|    0.169905|    0.006878|    0.016045|
|         819|  2.1421e-01|   -8.028324|   -8.938189|    0.169901|    0.006878|    0.016045|
|         820|  2.1421e-01|   -8.028406|   -8.938314|    0.169898|    0.006878|    0.016044|
|         821|  2.1420e-01|   -8.028488|   -8.938439|    0.169895|    0.006878|    0.016044|
|         822|  2.1420e-01|   -8.028569|   -8.938562|    0.169892|    0.006877|    0.016043|
|         823|  2.1420e-01|   -8.028650|   -8.938684|    0.169889|    0.006877|    0.016043|
|         824|  2.1420e-01|   -8.028732|   -8.938806|    0.169886|    0.006877|    0.016042|
|         825|  2.1420e-01|   -8.028812|   -8.938927|    0.169882|    0.006877|    0.016042|
|         826|  2.1419e-01|   -8.028893|   -8.939047|    0.169879|    0.006877|    0.016041|
|         827|  2.1419e-01|   -8.028974|   -8.939166|    0.169876|    0.006877|    0.016041|
|         828|  2.1418e-01|   -8.029054|   -8.939285|    0.169873|    0.006876|    0.016040|
|         829|  2.1420e-01|   -8.029135|   -8.939402|    0.169870|    0.006876|    0.016040|
|         830|  2.1420e-01|   -8.029215|   -8.939520|    0.169867|    0.006876|    0.016040|
|         831|  2.1420e-01|   -8.029295|   -8.939636|    0.169864|    0.006876|    0.016039|
|         832|  2.1420e-01|   -8.029375|   -8.939752|    0.169861|    0.006876|    0.016039|
|         833|  2.1420e-01|   -8.029455|   -8.939867|    0.169858|    0.006875|    0.016038|
|         834|  2.1422e-01|   -8.029535|   -8.939982|    0.169855|    0.006875|    0.016038|
|         835|  2.1424e-01|   -8.029614|   -8.940096|    0.169852|    0.006875|    0.016037|
|         836|  2.1426e-01|   -8.029694|   -8.940209|    0.169849|    0.006875|    0.016037|
|         837|  2.1428e-01|   -8.029773|   -8.940322|    0.169846|    0.006875|    0.016036|
|         838|  2.1430e-01|   -8.029852|   -8.940434|    0.169843|    0.006875|    0.016036|
|         839|  2.1432e-01|   -8.029932|   -8.940546|    0.169840|    0.006874|    0.016035|
|         840|  2.1434e-01|   -8.030011|   -8.940657|    0.169837|    0.006874|    0.016035|
|         841|  2.1436e-01|   -8.030090|   -8.940767|    0.169834|    0.006874|    0.016035|
|         842|  2.1438e-01|   -8.030169|   -8.940876|    0.169831|    0.006874|    0.016034|
|         843|  2.1437e-01|   -8.030247|   -8.940985|    0.169828|    0.006874|    0.016034|
|         844|  2.1437e-01|   -8.030326|   -8.941094|    0.169826|    0.006874|    0.016033|
|         845|  2.1437e-01|   -8.030405|   -8.941202|    0.169823|    0.006873|    0.016033|
|         846|  2.1436e-01|   -8.030483|   -8.941309|    0.169820|    0.006873|    0.016032|
|         847|  2.1436e-01|   -8.030562|   -8.941416|    0.169817|    0.006873|    0.016032|
|         848|  2.1436e-01|   -8.030640|   -8.941522|    0.169814|    0.006873|    0.016031|
|         849|  2.1435e-01|   -8.030719|   -8.941628|    0.169812|    0.006873|    0.016031|
|         850|  2.1435e-01|   -8.030797|   -8.941733|    0.169809|    0.006873|    0.016031|
|         851|  2.1435e-01|   -8.030875|   -8.941838|    0.169806|    0.006873|    0.016030|
|         852|  2.1435e-01|   -8.030954|   -8.941943|    0.169803|    0.006872|    0.016030|
|         853|  2.1435e-01|   -8.031032|   -8.942047|    0.169801|    0.006872|    0.016029|
|         854|  2.1434e-01|   -8.031110|   -8.942151|    0.169798|    0.006872|    0.016029|
|         855|  2.1434e-01|   -8.031188|   -8.942254|    0.169795|    0.006872|    0.016029|
|         856|  2.1434e-01|   -8.031266|   -8.942357|    0.169792|    0.006872|    0.016028|
|         857|  2.1434e-01|   -8.031344|   -8.942459|    0.169790|    0.006872|    0.016028|
|         858|  2.1433e-01|   -8.031422|   -8.942561|    0.169787|    0.006871|    0.016027|
|         859|  2.1433e-01|   -8.031500|   -8.942663|    0.169784|    0.006871|    0.016027|
|         860|  2.1432e-01|   -8.031578|   -8.942764|    0.169782|    0.006871|    0.016026|
|         861|  2.1432e-01|   -8.031655|   -8.942865|    0.169779|    0.006871|    0.016026|
|         862|  2.1431e-01|   -8.031733|   -8.942965|    0.169777|    0.006871|    0.016026|
|         863|  2.1431e-01|   -8.031811|   -8.943065|    0.169774|    0.006871|    0.016025|
|         864|  2.1431e-01|   -8.031889|   -8.943165|    0.169771|    0.006870|    0.016025|
|         865|  2.1431e-01|   -8.031966|   -8.943264|    0.169769|    0.006870|    0.016025|
|         866|  2.1431e-01|   -8.032044|   -8.943363|    0.169766|    0.006870|    0.016024|
|         867|  2.1431e-01|   -8.032122|   -8.943462|    0.169764|    0.006870|    0.016024|
|         868|  2.1430e-01|   -8.032199|   -8.943560|    0.169761|    0.006870|    0.016023|
|         869|  2.1429e-01|   -8.032277|   -8.943658|    0.169759|    0.006870|    0.016023|
|         870|  2.1429e-01|   -8.032355|   -8.943756|    0.169756|    0.006870|    0.016023|
|         871|  2.1428e-01|   -8.032432|   -8.943853|    0.169754|    0.006869|    0.016022|
|         872|  2.1428e-01|   -8.032510|   -8.943950|    0.169751|    0.006869|    0.016022|
|         873|  2.1428e-01|   -8.032588|   -8.944047|    0.169749|    0.006869|    0.016021|
|         874|  2.1428e-01|   -8.032665|   -8.944143|    0.169746|    0.006869|    0.016021|
|         875|  2.1428e-01|   -8.032743|   -8.944239|    0.169744|    0.006869|    0.016021|
|         876|  2.1428e-01|   -8.032820|   -8.944335|    0.169741|    0.006869|    0.016020|
|         877|  2.1428e-01|   -8.032898|   -8.944431|    0.169739|    0.006869|    0.016020|
|         878|  2.1427e-01|   -8.032976|   -8.944526|    0.169737|    0.006868|    0.016020|
|         879|  2.1427e-01|   -8.033053|   -8.944621|    0.169734|    0.006868|    0.016019|
|         880|  2.1427e-01|   -8.033131|   -8.944716|    0.169732|    0.006868|    0.016019|
|         881|  2.1426e-01|   -8.033209|   -8.944810|    0.169729|    0.006868|    0.016018|
|         882|  2.1426e-01|   -8.033286|   -8.944904|    0.169727|    0.006868|    0.016018|
|         883|  2.1426e-01|   -8.033364|   -8.944998|    0.169725|    0.006868|    0.016018|
|         884|  2.1426e-01|   -8.033442|   -8.945092|    0.169722|    0.006868|    0.016017|
|         885|  2.1425e-01|   -8.033520|   -8.945185|    0.169720|    0.006867|    0.016017|
|         886|  2.1425e-01|   -8.033598|   -8.945278|    0.169718|    0.006867|    0.016017|
|         887|  2.1425e-01|   -8.033675|   -8.945371|    0.169716|    0.006867|    0.016016|
|         888|  2.1424e-01|   -8.033753|   -8.945464|    0.169713|    0.006867|    0.016016|
|         889|  2.1424e-01|   -8.033831|   -8.945557|    0.169711|    0.006867|    0.016016|
|         890|  2.1424e-01|   -8.033909|   -8.945649|    0.169709|    0.006867|    0.016015|
|         891|  2.1423e-01|   -8.033987|   -8.945741|    0.169706|    0.006867|    0.016015|
|         892|  2.1423e-01|   -8.034065|   -8.945833|    0.169704|    0.006866|    0.016015|
|         893|  2.1423e-01|   -8.034143|   -8.945925|    0.169702|    0.006866|    0.016014|
|         894|  2.1422e-01|   -8.034221|   -8.946016|    0.169700|    0.006866|    0.016014|
|         895|  2.1422e-01|   -8.034299|   -8.946107|    0.169698|    0.006866|    0.016014|
|         896|  2.1422e-01|   -8.034377|   -8.946198|    0.169695|    0.006866|    0.016013|
|         897|  2.1422e-01|   -8.034455|   -8.946289|    0.169693|    0.006866|    0.016013|
|         898|  2.1423e-01|   -8.034533|   -8.946379|    0.169691|    0.006866|    0.016013|
|         899|  2.1422e-01|   -8.034612|   -8.946470|    0.169689|    0.006865|    0.016012|
|         900|  2.1422e-01|   -8.034690|   -8.946560|    0.169687|    0.006865|    0.016012|
|         901|  2.1422e-01|   -8.034768|   -8.946650|    0.169684|    0.006865|    0.016012|
|         902|  2.1421e-01|   -8.034847|   -8.946739|    0.169682|    0.006865|    0.016011|
|         903|  2.1421e-01|   -8.034925|   -8.946829|    0.169680|    0.006865|    0.016011|
|         904|  2.1421e-01|   -8.035004|   -8.946918|    0.169678|    0.006865|    0.016011|
|         905|  2.1421e-01|   -8.035082|   -8.947007|    0.169676|    0.006865|    0.016010|
|         906|  2.1420e-01|   -8.035161|   -8.947096|    0.169674|    0.006865|    0.016010|
|         907|  2.1420e-01|   -8.035239|   -8.947184|    0.169672|    0.006864|    0.016010|
|         908|  2.1419e-01|   -8.035318|   -8.947272|    0.169670|    0.006864|    0.016009|
|         909|  2.1418e-01|   -8.035397|   -8.947361|    0.169668|    0.006864|    0.016009|
|         910|  2.1418e-01|   -8.035476|   -8.947448|    0.169666|    0.006864|    0.016009|
|         911|  2.1418e-01|   -8.035555|   -8.947536|    0.169664|    0.006864|    0.016008|
|         912|  2.1418e-01|   -8.035634|   -8.947623|    0.169662|    0.006864|    0.016008|
|         913|  2.1417e-01|   -8.035713|   -8.947710|    0.169660|    0.006864|    0.016008|
|         914|  2.1417e-01|   -8.035792|   -8.947797|    0.169658|    0.006863|    0.016008|
|         915|  2.1416e-01|   -8.035871|   -8.947884|    0.169656|    0.006863|    0.016007|
|         916|  2.1415e-01|   -8.035950|   -8.947970|    0.169654|    0.006863|    0.016007|
|         917|  2.1415e-01|   -8.036029|   -8.948057|    0.169652|    0.006863|    0.016007|
|         918|  2.1414e-01|   -8.036109|   -8.948143|    0.169650|    0.006863|    0.016006|
|         919|  2.1414e-01|   -8.036188|   -8.948229|    0.169648|    0.006863|    0.016006|
|         920|  2.1414e-01|   -8.036268|   -8.948314|    0.169646|    0.006863|    0.016006|
|         921|  2.1414e-01|   -8.036347|   -8.948400|    0.169644|    0.006863|    0.016005|
|         922|  2.1414e-01|   -8.036427|   -8.948485|    0.169642|    0.006862|    0.016005|
|         923|  2.1414e-01|   -8.036507|   -8.948570|    0.169640|    0.006862|    0.016005|
|         924|  2.1414e-01|   -8.036586|   -8.948655|    0.169638|    0.006862|    0.016005|
|         925|  2.1414e-01|   -8.036666|   -8.948740|    0.169636|    0.006862|    0.016004|
|         926|  2.1414e-01|   -8.036746|   -8.948824|    0.169634|    0.006862|    0.016004|
|         927|  2.1414e-01|   -8.036826|   -8.948908|    0.169632|    0.006862|    0.016004|
|         928|  2.1414e-01|   -8.036906|   -8.948992|    0.169630|    0.006862|    0.016003|
|         929|  2.1414e-01|   -8.036986|   -8.949076|    0.169629|    0.006862|    0.016003|
|         930|  2.1413e-01|   -8.037067|   -8.949160|    0.169627|    0.006861|    0.016003|
|         931|  2.1413e-01|   -8.037147|   -8.949243|    0.169625|    0.006861|    0.016003|
|         932|  2.1413e-01|   -8.037227|   -8.949327|    0.169623|    0.006861|    0.016002|
|         933|  2.1413e-01|   -8.037308|   -8.949410|    0.169621|    0.006861|    0.016002|
|         934|  2.1413e-01|   -8.037388|   -8.949493|    0.169619|    0.006861|    0.016002|
|         935|  2.1413e-01|   -8.037469|   -8.949576|    0.169618|    0.006861|    0.016001|
|         936|  2.1413e-01|   -8.037550|   -8.949659|    0.169616|    0.006861|    0.016001|
|         937|  2.1413e-01|   -8.037631|   -8.949741|    0.169614|    0.006861|    0.016001|
|         938|  2.1413e-01|   -8.037712|   -8.949824|    0.169612|    0.006861|    0.016001|
|         939|  2.1412e-01|   -8.037793|   -8.949906|    0.169610|    0.006860|    0.016000|
|         940|  2.1412e-01|   -8.037874|   -8.949988|    0.169609|    0.006860|    0.016000|
|         941|  2.1412e-01|   -8.037955|   -8.950070|    0.169607|    0.006860|    0.016000|
|         942|  2.1412e-01|   -8.038036|   -8.950152|    0.169605|    0.006860|    0.016000|
|         943|  2.1412e-01|   -8.038117|   -8.950233|    0.169603|    0.006860|    0.015999|
|         944|  2.1412e-01|   -8.038199|   -8.950315|    0.169602|    0.006860|    0.015999|
|         945|  2.1412e-01|   -8.038280|   -8.950396|    0.169600|    0.006860|    0.015999|
|         946|  2.1411e-01|   -8.038362|   -8.950477|    0.169598|    0.006860|    0.015999|
|         947|  2.1411e-01|   -8.038444|   -8.950558|    0.169597|    0.006859|    0.015998|
|         948|  2.1411e-01|   -8.038525|   -8.950638|    0.169595|    0.006859|    0.015998|
|         949|  2.1411e-01|   -8.038607|   -8.950719|    0.169593|    0.006859|    0.015998|
|         950|  2.1411e-01|   -8.038689|   -8.950799|    0.169592|    0.006859|    0.015997|
|         951|  2.1411e-01|   -8.038771|   -8.950879|    0.169590|    0.006859|    0.015997|
|         952|  2.1410e-01|   -8.038853|   -8.950959|    0.169588|    0.006859|    0.015997|
|         953|  2.1410e-01|   -8.038936|   -8.951039|    0.169587|    0.006859|    0.015997|
|         954|  2.1410e-01|   -8.039018|   -8.951119|    0.169585|    0.006859|    0.015996|
|         955|  2.1410e-01|   -8.039100|   -8.951198|    0.169583|    0.006859|    0.015996|
|         956|  2.1410e-01|   -8.039183|   -8.951278|    0.169582|    0.006858|    0.015996|
|         957|  2.1410e-01|   -8.039265|   -8.951357|    0.169580|    0.006858|    0.015996|
|         958|  2.1410e-01|   -8.039348|   -8.951436|    0.169578|    0.006858|    0.015995|
|         959|  2.1411e-01|   -8.039431|   -8.951515|    0.169577|    0.006858|    0.015995|
|         960|  2.1410e-01|   -8.039514|   -8.951594|    0.169575|    0.006858|    0.015995|
|         961|  2.1410e-01|   -8.039597|   -8.951673|    0.169574|    0.006858|    0.015995|
|         962|  2.1410e-01|   -8.039680|   -8.951752|    0.169572|    0.006858|    0.015995|
|         963|  2.1410e-01|   -8.039763|   -8.951830|    0.169570|    0.006858|    0.015994|
|         964|  2.1410e-01|   -8.039846|   -8.951909|    0.169569|    0.006858|    0.015994|
|         965|  2.1409e-01|   -8.039930|   -8.951987|    0.169567|    0.006858|    0.015994|
|         966|  2.1409e-01|   -8.040013|   -8.952065|    0.169566|    0.006857|    0.015994|
|         967|  2.1409e-01|   -8.040097|   -8.952143|    0.169564|    0.006857|    0.015993|
|         968|  2.1409e-01|   -8.040180|   -8.952221|    0.169563|    0.006857|    0.015993|
|         969|  2.1408e-01|   -8.040264|   -8.952298|    0.169561|    0.006857|    0.015993|
|         970|  2.1407e-01|   -8.040348|   -8.952376|    0.169560|    0.006857|    0.015993|
|         971|  2.1407e-01|   -8.040432|   -8.952453|    0.169558|    0.006857|    0.015992|
|         972|  2.1406e-01|   -8.040516|   -8.952530|    0.169557|    0.006857|    0.015992|
|         973|  2.1406e-01|   -8.040600|   -8.952607|    0.169555|    0.006857|    0.015992|
|         974|  2.1406e-01|   -8.040684|   -8.952684|    0.169554|    0.006857|    0.015992|
|         975|  2.1407e-01|   -8.040769|   -8.952761|    0.169552|    0.006856|    0.015991|
|         976|  2.1407e-01|   -8.040853|   -8.952837|    0.169551|    0.006856|    0.015991|
|         977|  2.1407e-01|   -8.040938|   -8.952914|    0.169549|    0.006856|    0.015991|
|         978|  2.1406e-01|   -8.041022|   -8.952991|    0.169548|    0.006856|    0.015991|
|         979|  2.1406e-01|   -8.041107|   -8.953067|    0.169546|    0.006856|    0.015991|
|         980|  2.1406e-01|   -8.041192|   -8.953143|    0.169545|    0.006856|    0.015990|
|         981|  2.1406e-01|   -8.041277|   -8.953219|    0.169543|    0.006856|    0.015990|
|         982|  2.1405e-01|   -8.041362|   -8.953295|    0.169542|    0.006856|    0.015990|
|         983|  2.1405e-01|   -8.041447|   -8.953371|    0.169540|    0.006856|    0.015990|
|         984|  2.1405e-01|   -8.041532|   -8.953447|    0.169539|    0.006856|    0.015990|
|         985|  2.1405e-01|   -8.041618|   -8.953522|    0.169538|    0.006855|    0.015989|
|         986|  2.1404e-01|   -8.041703|   -8.953598|    0.169536|    0.006855|    0.015989|
|         987|  2.1404e-01|   -8.041789|   -8.953673|    0.169535|    0.006855|    0.015989|
|         988|  2.1404e-01|   -8.041874|   -8.953748|    0.169533|    0.006855|    0.015989|
|         989|  2.1404e-01|   -8.041960|   -8.953823|    0.169532|    0.006855|    0.015988|
|         990|  2.1403e-01|   -8.042046|   -8.953897|    0.169531|    0.006855|    0.015988|
|         991|  2.1402e-01|   -8.042132|   -8.953972|    0.169529|    0.006855|    0.015988|
|         992|  2.1403e-01|   -8.042218|   -8.954047|    0.169528|    0.006855|    0.015988|
|         993|  2.1402e-01|   -8.042304|   -8.954121|    0.169526|    0.006855|    0.015988|
|         994|  2.1402e-01|   -8.042390|   -8.954196|    0.169525|    0.006855|    0.015987|
|         995|  2.1402e-01|   -8.042477|   -8.954270|    0.169524|    0.006854|    0.015987|
|         996|  2.1401e-01|   -8.042563|   -8.954345|    0.169522|    0.006854|    0.015987|
|         997|  2.1400e-01|   -8.042650|   -8.954419|    0.169521|    0.006854|    0.015987|
|         998|  2.1400e-01|   -8.042736|   -8.954493|    0.169520|    0.006854|    0.015987|

----------------------------- Solver Exit -------------------------------

Maximum number of iterations reached (ITER = 999) before convergence.
+-----------------------------------------------------------------------+
|      Convergence Field     |     Value    |   Criterion  |  Converged |
+-----------------------------------------------------------------------+
|                  Cauchy[CD]|   1.14036e-06|       < 1e-06|          No|
+-----------------------------------------------------------------------+
-------------------------------------------------------------------------
+-----------------------------------------------------------------------+
|        File Writing Summary       |              Filename             |
+-----------------------------------------------------------------------+
|SU2 binary restart                 |restart_flow.dat                   |
|Paraview                           |flow.vtu                           |
|Paraview surface                   |surface_flow.vtu                   |
+-----------------------------------------------------------------------+