+------------------------------------------------------------------------------------------+
|  Inner_Iter|   Time(sec)|    rms[Rho]|     rms[nu]|          CL|          CD|         CMz|
+------------------------------------------------------------------------------------------+
|           0|  2.0946e-01|   -4.061904|  -10.671696|    4.718676|    1.489068|    1.368657|
|           1|  2.1279e-01|   -4.906874|  -10.686108|    3.629646|    1.290806|    1.094462|
|           2|  2.1020e-01|   -4.815425|  -10.926333|    2.892971|    1.022541|    0.866013|
|           3|  2.0860e-01|   -4.845629|  -10.907607|    2.536841|    0.856389|    0.729684|
|           4|  2.0767e-01|   -4.935568|  -10.899293|    2.293511|    0.729307|    0.610678|
|           5|  2.0652e-01|   -5.015233|  -10.902226|    2.071457|    0.611138|    0.483858|
|           6|  2.0626e-01|   -5.065732|  -10.896321|    1.849893|    0.495798|    0.349484|
|           7|  2.0564e-01|   -5.090019|  -10.875314|    1.626101|    0.384275|    0.215284|
|           8|  2.0483e-01|   -5.094936|  -10.844555|    1.401335|    0.279122|    0.089549|
|           9|  2.0451e-01|   -5.087984|  -10.809036|    1.176634|    0.182960|   -0.021497|
|          10|  2.0444e-01|   -5.077987|  -10.774292|    0.953980|    0.098124|   -0.114140|
|          11|  2.0550e-01|   -5.072957|  -10.744083|    0.736703|    0.026125|   -0.187173|
|          12|  2.0528e-01|   -5.076742|  -10.714245|    0.529784|   -0.032444|   -0.241088|
|          13|  2.0518e-01|   -5.088350|  -10.686492|    0.339833|   -0.077621|   -0.277082|
|          14|  2.0494e-01|   -5.104383|  -10.664260|    0.174814|   -0.109705|   -0.296392|
|          15|  2.0471e-01|   -5.121892|  -10.650040|    0.043251|   -0.129032|   -0.300114|
|          16|  2.0464e-01|   -5.139936|  -10.643292|   -0.047084|   -0.135990|   -0.289351|
|          17|  2.0440e-01|   -5.159443|  -10.642067|   -0.090405|   -0.131102|   -0.265391|
|          18|  2.0427e-01|   -5.181715|  -10.644776|   -0.083533|   -0.115089|   -0.229796|
|          19|  2.0401e-01|   -5.206518|  -10.649251|   -0.025893|   -0.088883|   -0.184452|
|          20|  2.0393e-01|   -5.230768|  -10.653303|    0.080340|   -0.053735|   -0.131700|
|          21|  2.0381e-01|   -5.248813|  -10.655624|    0.229632|   -0.011414|   -0.074450|
|          22|  2.0366e-01|   -5.255213|  -10.655622|    0.412467|    0.035640|   -0.016103|
|          23|  2.0348e-01|   -5.249080|  -10.653297|    0.616148|    0.084498|    0.039893|
|          24|  2.0329e-01|   -5.235623|  -10.649338|    0.826693|    0.132121|    0.090547|
|          25|  2.0329e-01|   -5.222673|  -10.644742|    1.030678|    0.175717|    0.133599|
|          26|  2.0341e-01|   -5.216594|  -10.640240|    1.216375|    0.212953|    0.167526|
|          27|  2.0392e-01|   -5.220935|  -10.636067|    1.374261|    0.242059|    0.191435|
|          28|  2.0388e-01|   -5.236862|  -10.631994|    1.497267|    0.261867|    0.204944|
|          29|  2.0383e-01|   -5.263728|  -10.627188|    1.580918|    0.271828|    0.208111|
|          30|  2.0371e-01|   -5.299196|  -10.621262|    1.623380|    0.271980|    0.201385|
|          31|  2.0369e-01|   -5.338951|  -10.613517|    1.625300|    0.262883|    0.185563|
|          32|  2.0363e-01|   -5.376638|  -10.604108|    1.589487|    0.245525|    0.161745|
|          33|  2.0355e-01|   -5.405279|  -10.593060|    1.520746|    0.221304|    0.131380|
|          34|  2.0347e-01|   -5.420604|  -10.580537|    1.425952|    0.192049|    0.096370|
|          35|  2.0337e-01|   -5.424074|  -10.567396|    1.313830|    0.159951|    0.059026|
|          36|  2.0331e-01|   -5.421914|  -10.554394|    1.193929|    0.127300|    0.021798|
|          37|  2.0325e-01|   -5.420874|  -10.541829|    1.075386|    0.096201|   -0.013027|
|          38|  2.0317e-01|   -5.425573|  -10.529604|    0.966172|    0.068435|   -0.043467|
|          39|  2.0308e-01|   -5.438362|  -10.517524|    0.872761|    0.045400|   -0.067918|
|          40|  2.0300e-01|   -5.459976|  -10.505895|    0.799924|    0.028071|   -0.085210|
|          41|  2.0299e-01|   -5.489828|  -10.494803|    0.750618|    0.016972|   -0.094678|
|          42|  2.0343e-01|   -5.525750|  -10.484084|    0.726023|    0.012182|   -0.096188|
|          43|  2.0403e-01|   -5.563474|  -10.473554|    0.725790|    0.013396|   -0.090078|
|          44|  2.0402e-01|   -5.596402|  -10.463171|    0.748633|    0.020075|   -0.077000|
|          45|  2.0395e-01|   -5.617062|  -10.453289|    0.792841|    0.031569|   -0.057823|
|          46|  2.0389e-01|   -5.621465|  -10.443819|    0.855883|    0.047030|   -0.033810|
|          47|  2.0376e-01|   -5.612385|  -10.434764|    0.933698|    0.065274|   -0.006779|
|          48|  2.0366e-01|   -5.597091|  -10.426070|    1.020860|    0.084857|    0.021082|
|          49|  2.0366e-01|   -5.582984|  -10.417571|    1.111444|    0.104307|    0.047585|
|          50|  2.0358e-01|   -5.575251|  -10.409018|    1.199820|    0.122303|    0.070846|
|          51|  2.0351e-01|   -5.576712|  -10.399897|    1.281089|    0.137778|    0.089435|
|          52|  2.0343e-01|   -5.588497|  -10.390015|    1.351294|    0.149949|    0.102437|
|          53|  2.0334e-01|   -5.610571|  -10.379111|    1.407536|    0.158325|    0.109458|
|          54|  2.0338e-01|   -5.641850|  -10.367105|    1.448022|    0.162691|    0.110577|
|          55|  2.0335e-01|   -5.679933|  -10.353974|    1.472030|    0.163067|    0.106263|
|          56|  2.0328e-01|   -5.720552|  -10.339739|    1.479734|    0.159645|    0.097237|
|          57|  2.0321e-01|   -5.757350|  -10.324407|    1.471893|    0.152704|    0.084329|
|          58|  2.0320e-01|   -5.783339|  -10.307972|    1.449658|    0.142592|    0.068428|
|          59|  2.0320e-01|   -5.794696|  -10.290522|    1.414818|    0.129818|    0.050576|
|          60|  2.0316e-01|   -5.793360|  -10.272175|    1.370161|    0.115132|    0.032001|
|          61|  2.0337e-01|   -5.785276|  -10.253182|    1.319379|    0.099479|    0.013991|
|          62|  2.0356e-01|   -5.777098|  -10.233704|    1.266572|    0.083874|   -0.002296|
|          63|  2.0369e-01|   -5.774033|  -10.213857|    1.215720|    0.069283|   -0.015954|
|          64|  2.0369e-01|   -5.779266|  -10.193768|    1.170313|    0.056541|   -0.026374|
|          65|  2.0365e-01|   -5.794309|  -10.173496|    1.133129|    0.046295|   -0.033233|
|          66|  2.0360e-01|   -5.819379|  -10.153094|    1.106109|    0.038974|   -0.036468|
|          67|  2.0353e-01|   -5.853418|  -10.132574|    1.090323|    0.034779|   -0.036230|
|          68|  2.0352e-01|   -5.893611|  -10.111924|    1.086037|    0.033696|   -0.032837|
|          69|  2.0350e-01|   -5.934580|  -10.091168|    1.092885|    0.035543|   -0.026702|
|          70|  2.0347e-01|   -5.968213|  -10.070252|    1.110094|    0.040033|   -0.018291|
|          71|  2.0339e-01|   -5.986514|  -10.049142|    1.136498|    0.046773|   -0.008152|
|          72|  2.0331e-01|   -5.987488|  -10.027808|    1.170313|    0.055211|    0.003018|
|          73|  2.0337e-01|   -5.976925|  -10.006253|    1.209085|    0.064629|    0.014396|
|          74|  2.0330e-01|   -5.963424|   -9.984497|    1.250012|    0.074236|    0.025161|
|          75|  2.0324e-01|   -5.953945|   -9.962609|    1.290372|    0.083283|    0.034608|
|          76|  2.0327e-01|   -5.952762|   -9.940619|    1.327798|    0.091147|    0.042207|
|          77|  2.0337e-01|   -5.962034|   -9.918612|    1.360416|    0.097363|    0.047621|
|          78|  2.0339e-01|   -5.982509|   -9.896611|    1.386885|    0.101638|    0.050697|
|          79|  2.0336e-01|   -6.013835|   -9.874654|    1.406406|    0.103848|    0.051450|
|          80|  2.0333e-01|   -6.054326|   -9.852794|    1.418689|    0.104018|    0.050041|
|          81|  2.0347e-01|   -6.100145|   -9.831018|    1.423880|    0.102285|    0.046725|
|          82|  2.0346e-01|   -6.144159|   -9.809369|    1.422402|    0.098840|    0.041798|
|          83|  2.0343e-01|   -6.176134|   -9.787872|    1.414772|    0.093890|    0.035557|
|          84|  2.0339e-01|   -6.187540|   -9.766560|    1.401618|    0.087684|    0.028332|
|          85|  2.0333e-01|   -6.178761|   -9.745470|    1.383889|    0.080574|    0.020545|
|          86|  2.0331e-01|   -6.158519|   -9.724657|    1.362926|    0.073004|    0.012699|
|          87|  2.0337e-01|   -6.136696|   -9.704160|    1.340323|    0.065451|    0.005299|
|          88|  2.0331e-01|   -6.120115|   -9.683999|    1.317708|    0.058368|   -0.001213|
|          89|  2.0334e-01|   -6.112334|   -9.664183|    1.296572|    0.052139|   -0.006499|
|          90|  2.0335e-01|   -6.114692|   -9.644654|    1.278169|    0.047054|   -0.010342|
|          91|  2.0330e-01|   -6.127137|   -9.625448|    1.263460|    0.043303|   -0.012639|
|          92|  2.0325e-01|   -6.148580|   -9.606541|    1.253092|    0.040977|   -0.013391|
|          93|  2.0334e-01|   -6.176811|   -9.587890|    1.247412|    0.040076|   -0.012685|
|          94|  2.0354e-01|   -6.208192|   -9.569467|    1.246505|    0.040529|   -0.010665|
|          95|  2.0384e-01|   -6.237558|   -9.551234|    1.250247|    0.042214|   -0.007521|
|          96|  2.0389e-01|   -6.259235|   -9.533245|    1.258328|    0.044966|   -0.003477|
|          97|  2.0389e-01|   -6.269680|   -9.515445|    1.270223|    0.048570|    0.001194|
|          98|  2.0390e-01|   -6.269788|   -9.497853|    1.285144|    0.052754|    0.006173|
|          99|  2.0394e-01|   -6.264108|   -9.480532|    1.302082|    0.057206|    0.011122|
|         100|  2.0390e-01|   -6.258036|   -9.463451|    1.319916|    0.061607|    0.015722|
|         101|  2.0387e-01|   -6.255852|   -9.446642|    1.337537|    0.065661|    0.019703|
|         102|  2.0384e-01|   -6.260199|   -9.430108|    1.353948|    0.069125|    0.022864|
|         103|  2.0381e-01|   -6.272274|   -9.413801|    1.368323|    0.071818|    0.025077|
|         104|  2.0376e-01|   -6.292087|   -9.397731|    1.380044|    0.073624|    0.026287|
|         105|  2.0397e-01|   -6.318523|   -9.381857|    1.388711|    0.074498|    0.026502|
|         106|  2.0413e-01|   -6.349171|   -9.366134|    1.394134|    0.074450|    0.025784|
|         107|  2.0411e-01|   -6.380137|   -9.350544|    1.396303|    0.073535|    0.024231|
|         108|  2.0409e-01|   -6.406365|   -9.335029|    1.395342|    0.071838|    0.021967|
|         109|  2.0409e-01|   -6.423165|   -9.319658|    1.391480|    0.069473|    0.019135|
|         110|  2.0424e-01|   -6.428576|   -9.304290|    1.385077|    0.066582|    0.015905|
|         111|  2.0427e-01|   -6.424515|   -9.288978|    1.376643|    0.063345|    0.012476|
|         112|  2.0426e-01|   -6.415534|   -9.273651|    1.366828|    0.059966|    0.009064|
|         113|  2.0432e-01|   -6.406591|   -9.258325|    1.356356|    0.056651|    0.005880|
|         114|  2.0432e-01|   -6.401574|   -9.242930|    1.345954|    0.053592|    0.003107|
|         115|  2.0430e-01|   -6.402928|   -9.227494|    1.336280|    0.050949|    0.000884|
|         116|  2.0429e-01|   -6.411848|   -9.212028|    1.327884|    0.048837|   -0.000699|
|         117|  2.0425e-01|   -6.428536|   -9.196496|    1.321183|    0.047329|   -0.001601|
|         118|  2.0426e-01|   -6.452325|   -9.181012|    1.316451|    0.046452|   -0.001825|
|         119|  2.0429e-01|   -6.481586|   -9.165598|    1.313823|    0.046195|   -0.001412|
|         120|  2.0441e-01|   -6.513494|   -9.150362|    1.313312|    0.046516|   -0.000431|
|         121|  2.0438e-01|   -6.543912|   -9.135372|    1.314832|    0.047350|    0.001030|
|         122|  2.0435e-01|   -6.567931|   -9.120718|    1.318208|    0.048615|    0.002864|
|         123|  2.0436e-01|   -6.581560|   -9.106500|    1.323179|    0.050210|    0.004953|
|         124|  2.0434e-01|   -6.583823|   -9.092709|    1.329407|    0.052022|    0.007162|
|         125|  2.0431e-01|   -6.577241|   -9.079403|    1.336485|    0.053930|    0.009359|
|         126|  2.0435e-01|   -6.566200|   -9.066511|    1.343974|    0.055811|    0.011415|
|         127|  2.0447e-01|   -6.554867|   -9.053929|    1.351434|    0.057553|    0.013219|
|         128|  2.0449e-01|   -6.546097|   -9.041570|    1.358461|    0.059059|    0.014684|
|         129|  2.0463e-01|   -6.541278|   -9.029202|    1.364705|    0.060254|    0.015750|
|         130|  2.0464e-01|   -6.540580|   -9.016671|    1.369890|    0.061088|    0.016384|
|         131|  2.0466e-01|   -6.543258|   -9.003797|    1.373817|    0.061532|    0.016578|
|         132|  2.0467e-01|   -6.547934|   -8.990317|    1.376359|    0.061580|    0.016345|
|         133|  2.0463e-01|   -6.552924|   -8.976105|    1.377464|    0.061242|    0.015716|
|         134|  2.0464e-01|   -6.556648|   -8.960945|    1.377138|    0.060547|    0.014734|
|         135|  2.0465e-01|   -6.558076|   -8.944684|    1.375450|    0.059533|    0.013458|
|         136|  2.0463e-01|   -6.557028|   -8.927221|    1.372528|    0.058257|    0.011956|
|         137|  2.0462e-01|   -6.554194|   -8.908513|    1.368560|    0.056782|    0.010304|
|         138|  2.0465e-01|   -6.550869|   -8.888440|    1.363788|    0.055186|    0.008589|
|         139|  2.0479e-01|   -6.548565|   -8.867095|    1.358490|    0.053548|    0.006893|
|         140|  2.0478e-01|   -6.548677|   -8.844528|    1.352963|    0.051948|    0.005296|
|         141|  2.0478e-01|   -6.552260|   -8.820822|    1.347497|    0.050458|    0.003866|
|         142|  2.0476e-01|   -6.559924|   -8.796130|    1.342359|    0.049139|    0.002656|
|         143|  2.0473e-01|   -6.571790|   -8.770670|    1.337774|    0.048038|    0.001701|
|         144|  2.0489e-01|   -6.587453|   -8.744541|    1.333913|    0.047183|    0.001018|
|         145|  2.0504e-01|   -6.605958|   -8.717912|    1.330894|    0.046590|    0.000605|
|         146|  2.0501e-01|   -6.625800|   -8.690940|    1.328776|    0.046254|    0.000449|
|         147|  2.0499e-01|   -6.645039|   -8.663783|    1.327565|    0.046162|    0.000522|
|         148|  2.0498e-01|   -6.661612|   -8.636537|    1.327225|    0.046288|    0.000789|
|         149|  2.0496e-01|   -6.673859|   -8.609308|    1.327682|    0.046598|    0.001206|
|         150|  2.0493e-01|   -6.681070|   -8.582178|    1.328826|    0.047053|    0.001724|
|         151|  2.0488e-01|   -6.683714|   -8.555219|    1.330519|    0.047608|    0.002291|
|         152|  2.0489e-01|   -6.683218|   -8.528502|    1.332598|    0.048213|    0.002854|
|         153|  2.0486e-01|   -6.681430|   -8.502099|    1.334882|    0.048819|    0.003358|
|         154|  2.0484e-01|   -6.680113|   -8.476071|    1.337184|    0.049376|    0.003757|
|         155|  2.0485e-01|   -6.680622|   -8.450483|    1.339324|    0.049840|    0.004010|
|         156|  2.0482e-01|   -6.683788|   -8.425391|    1.341139|    0.050176|    0.004088|
|         157|  2.0482e-01|   -6.689913|   -8.400869|    1.342494|    0.050355|    0.003973|
|         158|  2.0481e-01|   -6.698816|   -8.376985|    1.343288|    0.050361|    0.003658|
|         159|  2.0490e-01|   -6.709907|   -8.353791|    1.343455|    0.050188|    0.003149|
|         160|  2.0499e-01|   -6.722277|   -8.331369|    1.342962|    0.049838|    0.002460|
|         161|  2.0499e-01|   -6.734844|   -8.309768|    1.341811|    0.049321|    0.001610|
|         162|  2.0497e-01|   -6.746560|   -8.289039|    1.340032|    0.048657|    0.000629|
|         163|  2.0497e-01|   -6.756663|   -8.269213|    1.337681|    0.047869|   -0.000451|
|         164|  2.0496e-01|   -6.764887|   -8.250361|    1.334844|    0.046986|   -0.001593|
|         165|  2.0497e-01|   -6.771532|   -8.232535|    1.331627|    0.046044|   -0.002756|
|         166|  2.0494e-01|   -6.777362|   -8.215780|    1.328159|    0.045080|   -0.003899|
|         167|  2.0496e-01|   -6.783368|   -8.200131|    1.324577|    0.044132|   -0.004981|
|         168|  2.0495e-01|   -6.790530|   -8.185625|    1.321023|    0.043235|   -0.005965|
|         169|  2.0492e-01|   -6.799619|   -8.172294|    1.317630|    0.042423|   -0.006823|
|         170|  2.0492e-01|   -6.811092|   -8.160167|    1.314512|    0.041721|   -0.007533|
|         171|  2.0490e-01|   -6.825035|   -8.149263|    1.311763|    0.041147|   -0.008082|
|         172|  2.0488e-01|   -6.841150|   -8.139618|    1.309447|    0.040712|   -0.008467|
|         173|  2.0486e-01|   -6.858776|   -8.131248|    1.307601|    0.040418|   -0.008694|
|         174|  2.0494e-01|   -6.876961|   -8.124169|    1.306237|    0.040260|   -0.008773|
|         175|  2.0504e-01|   -6.894590|   -8.118382|    1.305342|    0.040229|   -0.008720|
|         176|  2.0503e-01|   -6.910594|   -8.113917|    1.304884|    0.040310|   -0.008556|
|         177|  2.0502e-01|   -6.924192|   -8.110790|    1.304818|    0.040486|   -0.008304|
|         178|  2.0503e-01|   -6.935085|   -8.109009|    1.305081|    0.040737|   -0.007988|
|         179|  2.0500e-01|   -6.943515|   -8.108567|    1.305602|    0.041041|   -0.007635|
|         180|  2.0500e-01|   -6.950144|   -8.109488|    1.306299|    0.041373|   -0.007269|
|         181|  2.0499e-01|   -6.955815|   -8.111760|    1.307085|    0.041710|   -0.006916|
|         182|  2.0499e-01|   -6.961302|   -8.115373|    1.307874|    0.042029|   -0.006599|
|         183|  2.0497e-01|   -6.967118|   -8.120316|    1.308584|    0.042312|   -0.006334|
|         184|  2.0495e-01|   -6.973415|   -8.126570|    1.309146|    0.042541|   -0.006137|
|         185|  2.0494e-01|   -6.979965|   -8.134122|    1.309502|    0.042705|   -0.006013|
|         186|  2.0493e-01|   -6.986226|   -8.142994|    1.309611|    0.042799|   -0.005966|
|         187|  2.0492e-01|   -6.991480|   -8.153167|    1.309448|    0.042820|   -0.005993|
|         188|  2.0491e-01|   -6.995036|   -8.164612|    1.309004|    0.042770|   -0.006088|
|         189|  2.0500e-01|   -6.996449|   -8.177312|    1.308285|    0.042657|   -0.006239|
|         190|  2.0503e-01|   -6.995686|   -8.191203|    1.307313|    0.042490|   -0.006434|
|         191|  2.0510e-01|   -6.993155|   -8.206281|    1.306122|    0.042283|   -0.006655|
|         192|  2.0510e-01|   -6.989599|   -8.222529|    1.304763|    0.042050|   -0.006885|
|         193|  2.0507e-01|   -6.985919|   -8.239875|    1.303292|    0.041810|   -0.007105|
|         194|  2.0506e-01|   -6.982986|   -8.258281|    1.301773|    0.041579|   -0.007297|
|         195|  2.0506e-01|   -6.981513|   -8.277690|    1.300273|    0.041374|   -0.007445|
|         196|  2.0514e-01|   -6.981981|   -8.298056|    1.298852|    0.041209|   -0.007536|
|         197|  2.0524e-01|   -6.984609|   -8.319290|    1.297566|    0.041097|   -0.007559|
|         198|  2.0533e-01|   -6.989359|   -8.341358|    1.296458|    0.041046|   -0.007510|
|         199|  2.0541e-01|   -6.995958|   -8.364276|    1.295561|    0.041062|   -0.007387|
|         200|  2.0549e-01|   -7.003940|   -8.387992|    1.294896|    0.041144|   -0.007193|
|         201|  2.0559e-01|   -7.012718|   -8.412492|    1.294467|    0.041292|   -0.006933|
|         202|  2.0568e-01|   -7.021659|   -8.437758|    1.294272|    0.041500|   -0.006616|
|         203|  2.0576e-01|   -7.030186|   -8.463745|    1.294293|    0.041760|   -0.006253|
|         204|  2.0584e-01|   -7.037872|   -8.490449|    1.294507|    0.042064|   -0.005856|
|         205|  2.0582e-01|   -7.044499|   -8.517936|    1.294882|    0.042400|   -0.005438|
|         206|  2.0581e-01|   -7.050082|   -8.546291|    1.295381|    0.042757|   -0.005012|
|         207|  2.0578e-01|   -7.054831|   -8.575513|    1.295964|    0.043123|   -0.004591|
|         208|  2.0574e-01|   -7.059080|   -8.605618|    1.296592|    0.043486|   -0.004187|
|         209|  2.0572e-01|   -7.063204|   -8.636609|    1.297223|    0.043837|   -0.003809|
|         210|  2.0569e-01|   -7.067538|   -8.668488|    1.297823|    0.044167|   -0.003466|
|         211|  2.0565e-01|   -7.072323|   -8.701224|    1.298359|    0.044467|   -0.003164|
|         212|  2.0562e-01|   -7.077681|   -8.734723|    1.298806|    0.044733|   -0.002906|
|         213|  2.0559e-01|   -7.083614|   -8.768863|    1.299143|    0.044962|   -0.002694|
|         214|  2.0557e-01|   -7.090024|   -8.803349|    1.299361|    0.045152|   -0.002527|
|         215|  2.0555e-01|   -7.096756|   -8.837796|    1.299453|    0.045305|   -0.002402|
|         216|  2.0553e-01|   -7.103637|   -8.871562|    1.299420|    0.045421|   -0.002315|
|         217|  2.0551e-01|   -7.110527|   -8.904058|    1.299271|    0.045506|   -0.002260|
|         218|  2.0549e-01|   -7.117352|   -8.934584|    1.299018|    0.045564|   -0.002231|
|         219|  2.0546e-01|   -7.124118|   -8.962233|    1.298677|    0.045601|   -0.002221|
|         220|  2.0544e-01|   -7.130914|   -8.986144|    1.298269|    0.045623|   -0.002223|
|         221|  2.0541e-01|   -7.137880|   -9.005639|    1.297815|    0.045636|   -0.002229|
|         222|  2.0539e-01|   -7.145171|   -9.020255|    1.297338|    0.045646|   -0.002233|
|         223|  2.0536e-01|   -7.152914|   -9.029808|    1.296862|    0.045659|   -0.002230|
|         224|  2.0532e-01|   -7.161168|   -9.034580|    1.296408|    0.045681|   -0.002214|
|         225|  2.0530e-01|   -7.169893|   -9.035240|    1.295996|    0.045715|   -0.002182|
|         226|  2.0528e-01|   -7.178942|   -9.032604|    1.295642|    0.045765|   -0.002131|
|         227|  2.0525e-01|   -7.188059|   -9.027704|    1.295359|    0.045834|   -0.002060|
|         228|  2.0523e-01|   -7.196906|   -9.021433|    1.295157|    0.045922|   -0.001969|
|         229|  2.0520e-01|   -7.205102|   -9.014512|    1.295039|    0.046028|   -0.001859|
|         230|  2.0518e-01|   -7.212282|   -9.007669|    1.295008|    0.046153|   -0.001732|
|         231|  2.0515e-01|   -7.218159|   -9.001312|    1.295058|    0.046294|   -0.001593|
|         232|  2.0513e-01|   -7.222579|   -8.995808|    1.295185|    0.046448|   -0.001444|
|         233|  2.0510e-01|   -7.225551|   -8.991410|    1.295377|    0.046610|   -0.001291|
|         234|  2.0508e-01|   -7.227251|   -8.988266|    1.295620|    0.046777|   -0.001139|
|         235|  2.0506e-01|   -7.227977|   -8.986462|    1.295898|    0.046943|   -0.000994|
|         236|  2.0503e-01|   -7.228099|   -8.985945|    1.296194|    0.047104|   -0.000860|
|         237|  2.0501e-01|   -7.227992|   -8.986739|    1.296490|    0.047253|   -0.000742|
|         238|  2.0499e-01|   -7.227986|   -8.988703|    1.296768|    0.047388|   -0.000645|
|         239|  2.0503e-01|   -7.228333|   -8.991765|    1.297010|    0.047504|   -0.000571|
|         240|  2.0504e-01|   -7.229195|   -8.995825|    1.297203|    0.047598|   -0.000523|
|         241|  2.0501e-01|   -7.230644|   -9.000661|    1.297334|    0.047668|   -0.000503|
|         242|  2.0498e-01|   -7.232677|   -9.006156|    1.297395|    0.047713|   -0.000508|
|         243|  2.0495e-01|   -7.235239|   -9.012109|    1.297382|    0.047732|   -0.000540|
|         244|  2.0493e-01|   -7.238242|   -9.018332|    1.297293|    0.047728|   -0.000594|
|         245|  2.0492e-01|   -7.241591|   -9.024647|    1.297131|    0.047702|   -0.000669|
|         246|  2.0489e-01|   -7.245197|   -9.030869|    1.296903|    0.047657|   -0.000760|
|         247|  2.0487e-01|   -7.248990|   -9.036856|    1.296618|    0.047597|   -0.000863|
|         248|  2.0484e-01|   -7.252922|   -9.042439|    1.296285|    0.047524|   -0.000974|
|         249|  2.0481e-01|   -7.256963|   -9.047424|    1.295919|    0.047444|   -0.001088|
|         250|  2.0478e-01|   -7.261093|   -9.051713|    1.295533|    0.047360|   -0.001202|
+-----------------------------------------------------------------------+
|        File Writing Summary       |              Filename             |
+-----------------------------------------------------------------------+
|SU2 binary restart                 |restart_flow.dat                   |
|Paraview                           |flow.vtu                           |
|Paraview surface                   |surface_flow.vtu                   |
+-----------------------------------------------------------------------+
+------------------------------------------------------------------------------------------+
|  Inner_Iter|   Time(sec)|    rms[Rho]|     rms[nu]|          CL|          CD|         CMz|
+------------------------------------------------------------------------------------------+
|         251|  2.0503e-01|   -7.265297|   -9.055251|    1.295140|    0.047275|   -0.001311|
|         252|  2.0501e-01|   -7.269555|   -9.058040|    1.294753|    0.047194|   -0.001413|
|         253|  2.0499e-01|   -7.273844|   -9.060077|    1.294383|    0.047119|   -0.001505|
|         254|  2.0502e-01|   -7.278136|   -9.061385|    1.294040|    0.047051|   -0.001586|
|         255|  2.0504e-01|   -7.282410|   -9.061990|    1.293731|    0.046994|   -0.001654|
|         256|  2.0502e-01|   -7.286658|   -9.062093|    1.293462|    0.046946|   -0.001710|
|         257|  2.0500e-01|   -7.290894|   -9.061740|    1.293234|    0.046909|   -0.001755|
|         258|  2.0498e-01|   -7.295161|   -9.061136|    1.293047|    0.046882|   -0.001788|
|         259|  2.0496e-01|   -7.299535|   -9.060410|    1.292899|    0.046862|   -0.001814|
|         260|  2.0495e-01|   -7.304118|   -9.059476|    1.292784|    0.046850|   -0.001833|
|         261|  2.0494e-01|   -7.309029|   -9.058575|    1.292698|    0.046842|   -0.001849|
|         262|  2.0493e-01|   -7.314396|   -9.057701|    1.292632|    0.046837|   -0.001863|
|         263|  2.0494e-01|   -7.320332|   -9.057058|    1.292578|    0.046832|   -0.001879|
|         264|  2.0495e-01|   -7.326926|   -9.056562|    1.292528|    0.046825|   -0.001898|
|         265|  2.0497e-01|   -7.334227|   -9.056473|    1.292473|    0.046815|   -0.001923|
|         266|  2.0497e-01|   -7.342233|   -9.056862|    1.292406|    0.046799|   -0.001955|
|         267|  2.0497e-01|   -7.350883|   -9.057808|    1.292320|    0.046776|   -0.001995|
|         268|  2.0497e-01|   -7.360054|   -9.059383|    1.292209|    0.046745|   -0.002044|
|         269|  2.0496e-01|   -7.369567|   -9.061653|    1.292070|    0.046706|   -0.002103|
|         270|  2.0496e-01|   -7.379192|   -9.064610|    1.291899|    0.046658|   -0.002170|
|         271|  2.0497e-01|   -7.388664|   -9.067988|    1.291696|    0.046602|   -0.002246|
|         272|  2.0498e-01|   -7.397702|   -9.072182|    1.291459|    0.046538|   -0.002329|
|         273|  2.0498e-01|   -7.406036|   -9.077174|    1.291191|    0.046467|   -0.002418|
|         274|  2.0498e-01|   -7.413430|   -9.082980|    1.290893|    0.046390|   -0.002512|
|         275|  2.0498e-01|   -7.419713|   -9.089608|    1.290569|    0.046309|   -0.002609|
|         276|  2.0498e-01|   -7.424792|   -9.096970|    1.290222|    0.046224|   -0.002707|
|         277|  2.0496e-01|   -7.428666|   -9.105142|    1.289856|    0.046137|   -0.002806|
|         278|  2.0495e-01|   -7.431411|   -9.114145|    1.289477|    0.046050|   -0.002903|
|         279|  2.0494e-01|   -7.433171|   -9.123968|    1.289089|    0.045965|   -0.002997|
|         280|  2.0493e-01|   -7.434120|   -9.134549|    1.288698|    0.045881|   -0.003087|
|         281|  2.0492e-01|   -7.434444|   -9.145886|    1.288309|    0.045802|   -0.003171|
|         282|  2.0491e-01|   -7.434310|   -9.157939|    1.287927|    0.045728|   -0.003249|
|         283|  2.0489e-01|   -7.433855|   -9.170643|    1.287555|    0.045660|   -0.003320|
|         284|  2.0489e-01|   -7.433180|   -9.183970|    1.287197|    0.045598|   -0.003385|
|         285|  2.0489e-01|   -7.432346|   -9.197848|    1.286856|    0.045544|   -0.003442|
|         286|  2.0490e-01|   -7.431381|   -9.212224|    1.286531|    0.045496|   -0.003493|
|         287|  2.0490e-01|   -7.430290|   -9.227049|    1.286224|    0.045454|   -0.003539|
|         288|  2.0489e-01|   -7.429060|   -9.242216|    1.285931|    0.045419|   -0.003580|
|         289|  2.0487e-01|   -7.427666|   -9.257679|    1.285652|    0.045388|   -0.003618|
|         290|  2.0486e-01|   -7.426082|   -9.273251|    1.285383|    0.045361|   -0.003655|
|         291|  2.0487e-01|   -7.424279|   -9.288921|    1.285119|    0.045337|   -0.003690|
|         292|  2.0485e-01|   -7.422233|   -9.304573|    1.284856|    0.045314|   -0.003726|
|         293|  2.0483e-01|   -7.419917|   -9.320058|    1.284590|    0.045291|   -0.003765|
|         294|  2.0482e-01|   -7.417313|   -9.335296|    1.284316|    0.045268|   -0.003806|
|         295|  2.0483e-01|   -7.414406|   -9.350136|    1.284031|    0.045242|   -0.003852|
|         296|  2.0481e-01|   -7.411197|   -9.364424|    1.283731|    0.045214|   -0.003902|
|         297|  2.0479e-01|   -7.407697|   -9.378174|    1.283412|    0.045182|   -0.003956|
|         298|  2.0480e-01|   -7.403943|   -9.391196|    1.283074|    0.045147|   -0.004016|
|         299|  2.0479e-01|   -7.399993|   -9.403501|    1.282715|    0.045109|   -0.004080|
|         300|  2.0477e-01|   -7.395930|   -9.415023|    1.282336|    0.045067|   -0.004148|
|         301|  2.0475e-01|   -7.391857|   -9.425755|    1.281936|    0.045023|   -0.004219|
|         302|  2.0473e-01|   -7.387891|   -9.435696|    1.281519|    0.044977|   -0.004293|
|         303|  2.0471e-01|   -7.384157|   -9.444884|    1.281086|    0.044930|   -0.004368|
|         304|  2.0469e-01|   -7.380782|   -9.453283|    1.280641|    0.044882|   -0.004444|
|         305|  2.0469e-01|   -7.377884|   -9.460894|    1.280186|    0.044835|   -0.004520|
|         306|  2.0471e-01|   -7.375570|   -9.467629|    1.279726|    0.044790|   -0.004594|
|         307|  2.0470e-01|   -7.373930|   -9.473918|    1.279263|    0.044746|   -0.004666|
|         308|  2.0468e-01|   -7.373034|   -9.479533|    1.278802|    0.044706|   -0.004735|
|         309|  2.0466e-01|   -7.372933|   -9.484488|    1.278344|    0.044669|   -0.004801|
|         310|  2.0466e-01|   -7.373662|   -9.488838|    1.277892|    0.044636|   -0.004863|
|         311|  2.0465e-01|   -7.375233|   -9.492708|    1.277448|    0.044607|   -0.004922|
|         312|  2.0463e-01|   -7.377646|   -9.495956|    1.277014|    0.044582|   -0.004977|
|         313|  2.0461e-01|   -7.380888|   -9.498503|    1.276588|    0.044561|   -0.005028|
|         314|  2.0459e-01|   -7.384933|   -9.500481|    1.276173|    0.044544|   -0.005077|
|         315|  2.0460e-01|   -7.389746|   -9.501917|    1.275765|    0.044529|   -0.005124|
|         316|  2.0458e-01|   -7.395287|   -9.502448|    1.275365|    0.044518|   -0.005169|
|         317|  2.0456e-01|   -7.401507|   -9.502457|    1.274970|    0.044508|   -0.005213|
|         318|  2.0454e-01|   -7.408353|   -9.501779|    1.274580|    0.044499|   -0.005257|
|         319|  2.0452e-01|   -7.415765|   -9.500402|    1.274190|    0.044492|   -0.005302|
|         320|  2.0450e-01|   -7.423681|   -9.498453|    1.273801|    0.044484|   -0.005347|
|         321|  2.0448e-01|   -7.432033|   -9.495647|    1.273409|    0.044476|   -0.005394|
|         322|  2.0447e-01|   -7.440749|   -9.492342|    1.273013|    0.044467|   -0.005442|
|         323|  2.0444e-01|   -7.449756|   -9.488383|    1.272612|    0.044456|   -0.005493|
|         324|  2.0442e-01|   -7.458977|   -9.483749|    1.272204|    0.044445|   -0.005546|
|         325|  2.0440e-01|   -7.468335|   -9.478550|    1.271790|    0.044431|   -0.005600|
|         326|  2.0439e-01|   -7.477753|   -9.472889|    1.271367|    0.044417|   -0.005657|
|         327|  2.0437e-01|   -7.487156|   -9.466517|    1.270937|    0.044400|   -0.005715|
|         328|  2.0435e-01|   -7.496470|   -9.459562|    1.270500|    0.044383|   -0.005774|
|         329|  2.0433e-01|   -7.505623|   -9.452263|    1.270056|    0.044365|   -0.005834|
|         330|  2.0431e-01|   -7.514545|   -9.444514|    1.269607|    0.044346|   -0.005895|
|         331|  2.0429e-01|   -7.523169|   -9.436485|    1.269153|    0.044327|   -0.005956|
|         332|  2.0427e-01|   -7.531428|   -9.427929|    1.268697|    0.044308|   -0.006017|
|         333|  2.0425e-01|   -7.539255|   -9.419163|    1.268239|    0.044290|   -0.006076|
|         334|  2.0423e-01|   -7.546582|   -9.410161|    1.267781|    0.044273|   -0.006135|
|         335|  2.0422e-01|   -7.553342|   -9.400889|    1.267324|    0.044257|   -0.006192|
|         336|  2.0421e-01|   -7.559467|   -9.391459|    1.266869|    0.044242|   -0.006248|
|         337|  2.0419e-01|   -7.564894|   -9.381948|    1.266418|    0.044229|   -0.006302|
|         338|  2.0417e-01|   -7.569565|   -9.372213|    1.265971|    0.044218|   -0.006354|
|         339|  2.0415e-01|   -7.573434|   -9.362628|    1.265529|    0.044208|   -0.006404|
|         340|  2.0413e-01|   -7.576472|   -9.353145|    1.265091|    0.044201|   -0.006452|
|         341|  2.0412e-01|   -7.578667|   -9.343809|    1.264659|    0.044195|   -0.006499|
|         342|  2.0410e-01|   -7.580032|   -9.334616|    1.264232|    0.044190|   -0.006545|
|         343|  2.0408e-01|   -7.580604|   -9.325645|    1.263808|    0.044187|   -0.006589|
|         344|  2.0407e-01|   -7.580444|   -9.316911|    1.263389|    0.044185|   -0.006633|
|         345|  2.0405e-01|   -7.579632|   -9.308451|    1.262972|    0.044184|   -0.006677|
|         346|  2.0404e-01|   -7.578265|   -9.300299|    1.262557|    0.044183|   -0.006720|
|         347|  2.0403e-01|   -7.576452|   -9.292374|    1.262142|    0.044182|   -0.006764|
|         348|  2.0400e-01|   -7.574309|   -9.284771|    1.261727|    0.044181|   -0.006809|
|         349|  2.0399e-01|   -7.571950|   -9.277537|    1.261311|    0.044179|   -0.006854|
|         350|  2.0397e-01|   -7.569488|   -9.270662|    1.260894|    0.044177|   -0.006900|
|         351|  2.0396e-01|   -7.567030|   -9.264134|    1.260473|    0.044173|   -0.006947|
|         352|  2.0394e-01|   -7.564672|   -9.257990|    1.260049|    0.044169|   -0.006996|
|         353|  2.0392e-01|   -7.562501|   -9.252213|    1.259622|    0.044164|   -0.007045|
|         354|  2.0391e-01|   -7.560593|   -9.246799|    1.259192|    0.044158|   -0.007096|
|         355|  2.0389e-01|   -7.559014|   -9.241725|    1.258758|    0.044151|   -0.007147|
|         356|  2.0387e-01|   -7.557816|   -9.237078|    1.258322|    0.044143|   -0.007199|
|         357|  2.0386e-01|   -7.557044|   -9.232781|    1.257883|    0.044135|   -0.007251|
|         358|  2.0385e-01|   -7.556733|   -9.228772|    1.257443|    0.044126|   -0.007304|
|         359|  2.0383e-01|   -7.556907|   -9.225119|    1.257001|    0.044116|   -0.007356|
|         360|  2.0382e-01|   -7.557583|   -9.221775|    1.256560|    0.044107|   -0.007409|
|         361|  2.0380e-01|   -7.558770|   -9.218816|    1.256119|    0.044098|   -0.007460|
|         362|  2.0379e-01|   -7.560468|   -9.216148|    1.255680|    0.044089|   -0.007512|
|         363|  2.0378e-01|   -7.562673|   -9.213724|    1.255243|    0.044081|   -0.007562|
|         364|  2.0376e-01|   -7.565372|   -9.211639|    1.254809|    0.044074|   -0.007611|
|         365|  2.0374e-01|   -7.568548|   -9.209801|    1.254378|    0.044067|   -0.007660|
|         366|  2.0373e-01|   -7.572179|   -9.208221|    1.253950|    0.044061|   -0.007707|
|         367|  2.0373e-01|   -7.576237|   -9.206899|    1.253526|    0.044055|   -0.007754|
|         368|  2.0377e-01|   -7.580693|   -9.205776|    1.253106|    0.044050|   -0.007800|
|         369|  2.0382e-01|   -7.585511|   -9.204919|    1.252689|    0.044046|   -0.007845|
|         370|  2.0384e-01|   -7.590653|   -9.204241|    1.252276|    0.044042|   -0.007889|
|         371|  2.0382e-01|   -7.596078|   -9.203769|    1.251865|    0.044039|   -0.007933|
|         372|  2.0381e-01|   -7.601742|   -9.203491|    1.251456|    0.044036|   -0.007977|
|         373|  2.0380e-01|   -7.607599|   -9.203382|    1.251050|    0.044033|   -0.008021|
|         374|  2.0378e-01|   -7.613602|   -9.203429|    1.250644|    0.044030|   -0.008065|
|         375|  2.0378e-01|   -7.619700|   -9.203640|    1.250240|    0.044027|   -0.008109|
|         376|  2.0377e-01|   -7.625843|   -9.203963|    1.249835|    0.044024|   -0.008153|
|         377|  2.0377e-01|   -7.631983|   -9.204331|    1.249430|    0.044020|   -0.008197|
|         378|  2.0376e-01|   -7.638070|   -9.204855|    1.249025|    0.044016|   -0.008242|
|         379|  2.0377e-01|   -7.644059|   -9.205462|    1.248619|    0.044012|   -0.008287|
|         380|  2.0380e-01|   -7.649909|   -9.206156|    1.248212|    0.044007|   -0.008332|
|         381|  2.0385e-01|   -7.655581|   -9.206929|    1.247804|    0.044002|   -0.008378|
|         382|  2.0390e-01|   -7.661043|   -9.207761|    1.247394|    0.043996|   -0.008424|
|         383|  2.0394e-01|   -7.666270|   -9.208671|    1.246984|    0.043991|   -0.008470|
|         384|  2.0398e-01|   -7.671242|   -9.209670|    1.246573|    0.043985|   -0.008516|
|         385|  2.0403e-01|   -7.675943|   -9.210717|    1.246162|    0.043979|   -0.008561|
|         386|  2.0407e-01|   -7.680368|   -9.211722|    1.245751|    0.043972|   -0.008607|
|         387|  2.0412e-01|   -7.684510|   -9.212760|    1.245340|    0.043967|   -0.008652|
|         388|  2.0418e-01|   -7.688371|   -9.213905|    1.244930|    0.043961|   -0.008697|
|         389|  2.0422e-01|   -7.691953|   -9.215059|    1.244522|    0.043956|   -0.008742|
|         390|  2.0427e-01|   -7.695263|   -9.216195|    1.244115|    0.043951|   -0.008785|
|         391|  2.0426e-01|   -7.698306|   -9.217362|    1.243710|    0.043946|   -0.008828|
|         392|  2.0426e-01|   -7.701089|   -9.218594|    1.243307|    0.043942|   -0.008871|
|         393|  2.0426e-01|   -7.703619|   -9.219848|    1.242906|    0.043939|   -0.008913|
|         394|  2.0426e-01|   -7.705905|   -9.221045|    1.242508|    0.043936|   -0.008954|
|         395|  2.0426e-01|   -7.707954|   -9.222319|    1.242112|    0.043933|   -0.008994|
|         396|  2.0425e-01|   -7.709774|   -9.223569|    1.241719|    0.043931|   -0.009034|
|         397|  2.0425e-01|   -7.711375|   -9.224842|    1.241328|    0.043930|   -0.009074|
|         398|  2.0425e-01|   -7.712769|   -9.226180|    1.240939|    0.043928|   -0.009113|
|         399|  2.0424e-01|   -7.713968|   -9.227523|    1.240553|    0.043927|   -0.009152|
|         400|  2.0424e-01|   -7.714989|   -9.228929|    1.240168|    0.043927|   -0.009190|
|         401|  2.0424e-01|   -7.715849|   -9.230278|    1.239785|    0.043926|   -0.009229|
|         402|  2.0424e-01|   -7.716570|   -9.231666|    1.239403|    0.043925|   -0.009267|
|         403|  2.0423e-01|   -7.717176|   -9.233060|    1.239023|    0.043925|   -0.009305|
|         404|  2.0423e-01|   -7.717693|   -9.234512|    1.238643|    0.043924|   -0.009343|
|         405|  2.0423e-01|   -7.718148|   -9.236014|    1.238265|    0.043924|   -0.009380|
|         406|  2.0422e-01|   -7.718572|   -9.237559|    1.237888|    0.043923|   -0.009418|
|         407|  2.0421e-01|   -7.718995|   -9.239150|    1.237511|    0.043923|   -0.009456|
|         408|  2.0421e-01|   -7.719448|   -9.240811|    1.237136|    0.043922|   -0.009493|
|         409|  2.0421e-01|   -7.719961|   -9.242538|    1.236762|    0.043922|   -0.009530|
|         410|  2.0421e-01|   -7.720562|   -9.244184|    1.236389|    0.043922|   -0.009567|
|         411|  2.0420e-01|   -7.721280|   -9.245903|    1.236017|    0.043922|   -0.009603|
|         412|  2.0420e-01|   -7.722137|   -9.247701|    1.235647|    0.043922|   -0.009639|
|         413|  2.0419e-01|   -7.723156|   -9.249551|    1.235279|    0.043922|   -0.009675|
|         414|  2.0418e-01|   -7.724354|   -9.251435|    1.234913|    0.043923|   -0.009710|
|         415|  2.0417e-01|   -7.725745|   -9.253341|    1.234548|    0.043924|   -0.009745|
|         416|  2.0418e-01|   -7.727339|   -9.255291|    1.234187|    0.043925|   -0.009779|
|         417|  2.0417e-01|   -7.729141|   -9.257230|    1.233827|    0.043927|   -0.009813|
|         418|  2.0417e-01|   -7.731152|   -9.259219|    1.233470|    0.043929|   -0.009846|
|         419|  2.0417e-01|   -7.733369|   -9.261268|    1.233116|    0.043931|   -0.009879|
|         420|  2.0417e-01|   -7.735787|   -9.263336|    1.232764|    0.043934|   -0.009911|
|         421|  2.0416e-01|   -7.738395|   -9.265452|    1.232414|    0.043937|   -0.009942|
|         422|  2.0416e-01|   -7.741180|   -9.267585|    1.232067|    0.043941|   -0.009974|
|         423|  2.0415e-01|   -7.744125|   -9.269727|    1.231723|    0.043945|   -0.010004|
|         424|  2.0415e-01|   -7.747214|   -9.271905|    1.231381|    0.043949|   -0.010034|
|         425|  2.0414e-01|   -7.750425|   -9.274128|    1.231041|    0.043953|   -0.010064|
|         426|  2.0415e-01|   -7.753740|   -9.276414|    1.230703|    0.043958|   -0.010094|
|         427|  2.0414e-01|   -7.757135|   -9.278703|    1.230368|    0.043962|   -0.010123|
|         428|  2.0414e-01|   -7.760590|   -9.280883|    1.230034|    0.043967|   -0.010152|
|         429|  2.0414e-01|   -7.764084|   -9.283126|    1.229702|    0.043972|   -0.010181|
|         430|  2.0413e-01|   -7.767597|   -9.285310|    1.229371|    0.043977|   -0.010210|
|         431|  2.0413e-01|   -7.771110|   -9.287493|    1.229042|    0.043982|   -0.010238|
|         432|  2.0412e-01|   -7.774608|   -9.289722|    1.228715|    0.043987|   -0.010266|
|         433|  2.0411e-01|   -7.778076|   -9.291930|    1.228389|    0.043992|   -0.010294|
|         434|  2.0412e-01|   -7.781501|   -9.294145|    1.228064|    0.043998|   -0.010322|
|         435|  2.0413e-01|   -7.784873|   -9.296341|    1.227741|    0.044003|   -0.010350|
|         436|  2.0413e-01|   -7.788185|   -9.298488|    1.227419|    0.044008|   -0.010377|
|         437|  2.0413e-01|   -7.791431|   -9.300545|    1.227099|    0.044014|   -0.010404|
|         438|  2.0413e-01|   -7.794608|   -9.302630|    1.226781|    0.044019|   -0.010431|
|         439|  2.0412e-01|   -7.797714|   -9.304668|    1.226464|    0.044025|   -0.010458|
|         440|  2.0416e-01|   -7.800751|   -9.306694|    1.226149|    0.044031|   -0.010484|
|         441|  2.0419e-01|   -7.803720|   -9.308762|    1.225835|    0.044037|   -0.010510|
|         442|  2.0423e-01|   -7.806625|   -9.310591|    1.225524|    0.044043|   -0.010535|
|         443|  2.0426e-01|   -7.809470|   -9.312445|    1.225214|    0.044049|   -0.010561|
|         444|  2.0429e-01|   -7.812260|   -9.314311|    1.224906|    0.044055|   -0.010586|
|         445|  2.0430e-01|   -7.815002|   -9.316151|    1.224601|    0.044062|   -0.010610|
|         446|  2.0429e-01|   -7.817702|   -9.317850|    1.224297|    0.044068|   -0.010634|
|         447|  2.0429e-01|   -7.820368|   -9.319597|    1.223996|    0.044075|   -0.010658|
|         448|  2.0428e-01|   -7.823006|   -9.321305|    1.223696|    0.044082|   -0.010682|
|         449|  2.0428e-01|   -7.825624|   -9.322936|    1.223398|    0.044089|   -0.010706|
|         450|  2.0427e-01|   -7.828230|   -9.324589|    1.223102|    0.044096|   -0.010729|
|         451|  2.0427e-01|   -7.830831|   -9.326242|    1.222808|    0.044103|   -0.010752|
|         452|  2.0426e-01|   -7.833435|   -9.327884|    1.222516|    0.044110|   -0.010775|
|         453|  2.0426e-01|   -7.836049|   -9.329588|    1.222226|    0.044117|   -0.010797|
|         454|  2.0426e-01|   -7.838681|   -9.331138|    1.221937|    0.044124|   -0.010820|
|         455|  2.0428e-01|   -7.841337|   -9.332765|    1.221650|    0.044131|   -0.010842|
|         456|  2.0427e-01|   -7.844024|   -9.334401|    1.221365|    0.044138|   -0.010865|
|         457|  2.0427e-01|   -7.846747|   -9.336062|    1.221081|    0.044145|   -0.010887|
|         458|  2.0426e-01|   -7.849513|   -9.337750|    1.220799|    0.044152|   -0.010909|
|         459|  2.0426e-01|   -7.852325|   -9.339484|    1.220518|    0.044159|   -0.010931|
|         460|  2.0425e-01|   -7.855189|   -9.341233|    1.220239|    0.044165|   -0.010953|
|         461|  2.0425e-01|   -7.858107|   -9.343021|    1.219961|    0.044172|   -0.010974|
|         462|  2.0425e-01|   -7.861082|   -9.344850|    1.219685|    0.044178|   -0.010996|
|         463|  2.0429e-01|   -7.864114|   -9.346750|    1.219410|    0.044185|   -0.011017|
|         464|  2.0433e-01|   -7.867205|   -9.348726|    1.219137|    0.044191|   -0.011038|
|         465|  2.0436e-01|   -7.870354|   -9.350430|    1.218865|    0.044198|   -0.011060|
|         466|  2.0435e-01|   -7.873559|   -9.352289|    1.218595|    0.044204|   -0.011081|
|         467|  2.0434e-01|   -7.876817|   -9.354200|    1.218327|    0.044211|   -0.011101|
|         468|  2.0433e-01|   -7.880123|   -9.356126|    1.218060|    0.044217|   -0.011122|
|         469|  2.0433e-01|   -7.883474|   -9.357978|    1.217795|    0.044223|   -0.011142|
|         470|  2.0432e-01|   -7.886863|   -9.359927|    1.217532|    0.044230|   -0.011163|
|         471|  2.0432e-01|   -7.890283|   -9.361875|    1.217270|    0.044236|   -0.011183|
|         472|  2.0431e-01|   -7.893728|   -9.363839|    1.217010|    0.044242|   -0.011203|
|         473|  2.0430e-01|   -7.897188|   -9.365741|    1.216752|    0.044248|   -0.011223|
|         474|  2.0430e-01|   -7.900655|   -9.367730|    1.216495|    0.044255|   -0.011242|
|         475|  2.0430e-01|   -7.904120|   -9.369719|    1.216240|    0.044261|   -0.011262|
|         476|  2.0429e-01|   -7.907575|   -9.371719|    1.215986|    0.044267|   -0.011281|
|         477|  2.0428e-01|   -7.911011|   -9.373702|    1.215734|    0.044273|   -0.011300|
|         478|  2.0428e-01|   -7.914419|   -9.375704|    1.215484|    0.044279|   -0.011320|
|         479|  2.0427e-01|   -7.917790|   -9.377749|    1.215235|    0.044285|   -0.011339|
|         480|  2.0426e-01|   -7.921119|   -9.379773|    1.214987|    0.044291|   -0.011358|
|         481|  2.0426e-01|   -7.924397|   -9.381818|    1.214740|    0.044297|   -0.011376|
|         482|  2.0425e-01|   -7.927619|   -9.383919|    1.214495|    0.044303|   -0.011395|
|         483|  2.0425e-01|   -7.930780|   -9.386011|    1.214251|    0.044309|   -0.011414|
|         484|  2.0425e-01|   -7.933877|   -9.388039|    1.214009|    0.044314|   -0.011432|
|         485|  2.0424e-01|   -7.936906|   -9.389988|    1.213767|    0.044320|   -0.011451|
|         486|  2.0424e-01|   -7.939865|   -9.392044|    1.213527|    0.044326|   -0.011469|
|         487|  2.0423e-01|   -7.942755|   -9.394093|    1.213288|    0.044331|   -0.011488|
|         488|  2.0423e-01|   -7.945575|   -9.396218|    1.213051|    0.044337|   -0.011506|
|         489|  2.0423e-01|   -7.948326|   -9.398098|    1.212814|    0.044342|   -0.011524|
|         490|  2.0423e-01|   -7.951012|   -9.400034|    1.212579|    0.044347|   -0.011542|
|         491|  2.0423e-01|   -7.953636|   -9.401935|    1.212345|    0.044353|   -0.011560|
|         492|  2.0422e-01|   -7.956200|   -9.403826|    1.212112|    0.044358|   -0.011578|
|         493|  2.0422e-01|   -7.958711|   -9.405752|    1.211881|    0.044363|   -0.011596|
|         494|  2.0421e-01|   -7.961171|   -9.407694|    1.211651|    0.044368|   -0.011613|
|         495|  2.0421e-01|   -7.963587|   -9.409647|    1.211422|    0.044374|   -0.011631|
|         496|  2.0421e-01|   -7.965965|   -9.411615|    1.211194|    0.044379|   -0.011648|
|         497|  2.0420e-01|   -7.968309|   -9.413599|    1.210967|    0.044384|   -0.011665|
|         498|  2.0419e-01|   -7.970625|   -9.415571|    1.210742|    0.044389|   -0.011682|
|         499|  2.0419e-01|   -7.972920|   -9.417618|    1.210518|    0.044394|   -0.011699|
|         500|  2.0418e-01|   -7.975197|   -9.419703|    1.210295|    0.044399|   -0.011716|
+-----------------------------------------------------------------------+
|        File Writing Summary       |              Filename             |
+-----------------------------------------------------------------------+
|SU2 binary restart                 |restart_flow.dat                   |
|Paraview                           |flow.vtu                           |
|Paraview surface                   |surface_flow.vtu                   |
+-----------------------------------------------------------------------+
+------------------------------------------------------------------------------------------+
|  Inner_Iter|   Time(sec)|    rms[Rho]|     rms[nu]|          CL|          CD|         CMz|
+------------------------------------------------------------------------------------------+
|         501|  2.0431e-01|   -7.977464|   -9.421846|    1.210074|    0.044405|   -0.011732|
|         502|  2.0430e-01|   -7.979724|   -9.424121|    1.209854|    0.044410|   -0.011749|
|         503|  2.0430e-01|   -7.981984|   -9.426286|    1.209634|    0.044415|   -0.011765|
|         504|  2.0430e-01|   -7.984248|   -9.428286|    1.209416|    0.044420|   -0.011782|
|         505|  2.0430e-01|   -7.986521|   -9.430410|    1.209200|    0.044425|   -0.011798|
|         506|  2.0430e-01|   -7.988807|   -9.432460|    1.208984|    0.044430|   -0.011814|
|         507|  2.0430e-01|   -7.991110|   -9.434649|    1.208769|    0.044435|   -0.011830|
|         508|  2.0433e-01|   -7.993435|   -9.436861|    1.208556|    0.044440|   -0.011846|
|         509|  2.0433e-01|   -7.995783|   -9.439107|    1.208343|    0.044445|   -0.011862|
|         510|  2.0433e-01|   -7.998160|   -9.441461|    1.208132|    0.044450|   -0.011877|
|         511|  2.0434e-01|   -8.000567|   -9.443635|    1.207922|    0.044456|   -0.011893|
|         512|  2.0434e-01|   -8.003007|   -9.445797|    1.207713|    0.044461|   -0.011908|
|         513|  2.0436e-01|   -8.005482|   -9.447985|    1.207504|    0.044466|   -0.011924|
|         514|  2.0436e-01|   -8.007993|   -9.450177|    1.207297|    0.044471|   -0.011939|
|         515|  2.0439e-01|   -8.010542|   -9.452329|    1.207091|    0.044476|   -0.011954|
|         516|  2.0439e-01|   -8.013128|   -9.454451|    1.206886|    0.044481|   -0.011969|
|         517|  2.0440e-01|   -8.015751|   -9.456554|    1.206682|    0.044486|   -0.011984|
|         518|  2.0441e-01|   -8.018411|   -9.458597|    1.206479|    0.044491|   -0.011999|
|         519|  2.0441e-01|   -8.021106|   -9.460610|    1.206277|    0.044496|   -0.012013|
|         520|  2.0442e-01|   -8.023834|   -9.462642|    1.206076|    0.044501|   -0.012028|
|         521|  2.0443e-01|   -8.026592|   -9.464647|    1.205876|    0.044506|   -0.012042|
|         522|  2.0446e-01|   -8.029379|   -9.466492|    1.205677|    0.044511|   -0.012057|
|         523|  2.0447e-01|   -8.032189|   -9.468255|    1.205479|    0.044516|   -0.012071|
|         524|  2.0447e-01|   -8.035019|   -9.470092|    1.205282|    0.044521|   -0.012085|
|         525|  2.0448e-01|   -8.037864|   -9.471844|    1.205086|    0.044526|   -0.012099|
|         526|  2.0450e-01|   -8.040721|   -9.473595|    1.204891|    0.044531|   -0.012113|
|         527|  2.0451e-01|   -8.043584|   -9.475315|    1.204697|    0.044536|   -0.012127|
|         528|  2.0452e-01|   -8.046448|   -9.477112|    1.204504|    0.044541|   -0.012140|
|         529|  2.0453e-01|   -8.049310|   -9.478901|    1.204312|    0.044546|   -0.012154|
|         530|  2.0454e-01|   -8.052164|   -9.480720|    1.204120|    0.044551|   -0.012168|
|         531|  2.0456e-01|   -8.055007|   -9.482531|    1.203930|    0.044556|   -0.012181|
|         532|  2.0457e-01|   -8.057834|   -9.484387|    1.203741|    0.044561|   -0.012194|
|         533|  2.0460e-01|   -8.060642|   -9.485992|    1.203552|    0.044566|   -0.012208|
|         534|  2.0462e-01|   -8.063427|   -9.487694|    1.203365|    0.044571|   -0.012221|
|         535|  2.0462e-01|   -8.066188|   -9.489379|    1.203178|    0.044576|   -0.012234|
|         536|  2.0464e-01|   -8.068921|   -9.491067|    1.202993|    0.044581|   -0.012247|
|         537|  2.0465e-01|   -8.071626|   -9.492754|    1.202808|    0.044586|   -0.012260|
|         538|  2.0465e-01|   -8.074301|   -9.494489|    1.202624|    0.044591|   -0.012273|
|         539|  2.0466e-01|   -8.076945|   -9.496170|    1.202440|    0.044596|   -0.012286|
|         540|  2.0466e-01|   -8.079559|   -9.497624|    1.202258|    0.044600|   -0.012298|
|         541|  2.0467e-01|   -8.082143|   -9.499229|    1.202077|    0.044605|   -0.012311|
|         542|  2.0468e-01|   -8.084697|   -9.500811|    1.201896|    0.044610|   -0.012323|
|         543|  2.0468e-01|   -8.087222|   -9.502287|    1.201716|    0.044615|   -0.012336|
|         544|  2.0468e-01|   -8.089719|   -9.503899|    1.201537|    0.044620|   -0.012348|
|         545|  2.0468e-01|   -8.092190|   -9.505538|    1.201359|    0.044625|   -0.012361|
|         546|  2.0469e-01|   -8.094636|   -9.507142|    1.201182|    0.044629|   -0.012373|
|         547|  2.0469e-01|   -8.097060|   -9.508747|    1.201006|    0.044634|   -0.012385|
|         548|  2.0468e-01|   -8.099463|   -9.510306|    1.200830|    0.044639|   -0.012397|
|         549|  2.0468e-01|   -8.101847|   -9.511789|    1.200655|    0.044644|   -0.012409|
|         550|  2.0467e-01|   -8.104214|   -9.513535|    1.200481|    0.044648|   -0.012421|
|         551|  2.0468e-01|   -8.106566|   -9.515108|    1.200308|    0.044653|   -0.012433|
|         552|  2.0467e-01|   -8.108904|   -9.516575|    1.200136|    0.044658|   -0.012444|
|         553|  2.0468e-01|   -8.111229|   -9.518239|    1.199965|    0.044662|   -0.012456|
|         554|  2.0467e-01|   -8.113544|   -9.519912|    1.199794|    0.044667|   -0.012468|
|         555|  2.0467e-01|   -8.115849|   -9.521503|    1.199624|    0.044672|   -0.012479|
|         556|  2.0468e-01|   -8.118146|   -9.522906|    1.199455|    0.044676|   -0.012491|
|         557|  2.0467e-01|   -8.120434|   -9.524534|    1.199287|    0.044681|   -0.012502|
|         558|  2.0467e-01|   -8.122715|   -9.526161|    1.199120|    0.044686|   -0.012513|
|         559|  2.0466e-01|   -8.124989|   -9.527773|    1.198953|    0.044690|   -0.012525|
|         560|  2.0466e-01|   -8.127257|   -9.529403|    1.198787|    0.044695|   -0.012536|
|         561|  2.0466e-01|   -8.129517|   -9.531053|    1.198622|    0.044699|   -0.012547|
|         562|  2.0467e-01|   -8.131771|   -9.532729|    1.198458|    0.044704|   -0.012558|
|         563|  2.0467e-01|   -8.134019|   -9.534430|    1.198294|    0.044709|   -0.012569|
|         564|  2.0467e-01|   -8.136258|   -9.536164|    1.198131|    0.044713|   -0.012580|
|         565|  2.0467e-01|   -8.138491|   -9.538008|    1.197969|    0.044718|   -0.012591|
|         566|  2.0470e-01|   -8.140716|   -9.539867|    1.197808|    0.044722|   -0.012601|
|         567|  2.0470e-01|   -8.142932|   -9.541641|    1.197647|    0.044726|   -0.012612|
|         568|  2.0469e-01|   -8.145140|   -9.543286|    1.197487|    0.044731|   -0.012623|
|         569|  2.0469e-01|   -8.147340|   -9.544781|    1.197328|    0.044735|   -0.012633|
|         570|  2.0469e-01|   -8.149530|   -9.546439|    1.197170|    0.044740|   -0.012644|
|         571|  2.0469e-01|   -8.151711|   -9.548160|    1.197012|    0.044744|   -0.012654|
|         572|  2.0468e-01|   -8.153882|   -9.549894|    1.196855|    0.044748|   -0.012664|
|         573|  2.0468e-01|   -8.156045|   -9.551646|    1.196698|    0.044753|   -0.012675|
|         574|  2.0469e-01|   -8.158197|   -9.553406|    1.196542|    0.044757|   -0.012685|
|         575|  2.0469e-01|   -8.160340|   -9.555178|    1.196387|    0.044762|   -0.012695|
|         576|  2.0468e-01|   -8.162474|   -9.556988|    1.196233|    0.044766|   -0.012705|
|         577|  2.0468e-01|   -8.164597|   -9.558904|    1.196080|    0.044770|   -0.012715|
|         578|  2.0468e-01|   -8.166711|   -9.560655|    1.195927|    0.044774|   -0.012725|
|         579|  2.0467e-01|   -8.168814|   -9.562007|    1.195774|    0.044779|   -0.012735|
|         580|  2.0467e-01|   -8.170908|   -9.563547|    1.195623|    0.044783|   -0.012745|
|         581|  2.0468e-01|   -8.172992|   -9.565058|    1.195472|    0.044787|   -0.012755|
|         582|  2.0469e-01|   -8.175065|   -9.566505|    1.195321|    0.044792|   -0.012764|
|         583|  2.0469e-01|   -8.177128|   -9.568008|    1.195172|    0.044796|   -0.012774|
|         584|  2.0469e-01|   -8.179182|   -9.569507|    1.195023|    0.044800|   -0.012784|
|         585|  2.0469e-01|   -8.181226|   -9.570806|    1.194874|    0.044804|   -0.012793|
|         586|  2.0468e-01|   -8.183261|   -9.571603|    1.194727|    0.044808|   -0.012803|
|         587|  2.0468e-01|   -8.185288|   -9.572743|    1.194579|    0.044813|   -0.012812|
|         588|  2.0471e-01|   -8.187307|   -9.573501|    1.194433|    0.044817|   -0.012822|
|         589|  2.0474e-01|   -8.189318|   -9.574355|    1.194287|    0.044821|   -0.012831|
|         590|  2.0476e-01|   -8.191323|   -9.575127|    1.194142|    0.044825|   -0.012840|
|         591|  2.0479e-01|   -8.193321|   -9.575843|    1.193997|    0.044829|   -0.012849|
|         592|  2.0483e-01|   -8.195316|   -9.576558|    1.193853|    0.044833|   -0.012859|
|         593|  2.0486e-01|   -8.197306|   -9.577246|    1.193710|    0.044837|   -0.012868|
|         594|  2.0486e-01|   -8.199294|   -9.577916|    1.193567|    0.044842|   -0.012877|
|         595|  2.0485e-01|   -8.201281|   -9.578473|    1.193424|    0.044846|   -0.012886|
|         596|  2.0486e-01|   -8.203267|   -9.579001|    1.193283|    0.044850|   -0.012895|
|         597|  2.0489e-01|   -8.205254|   -9.579427|    1.193142|    0.044854|   -0.012904|
|         598|  2.0489e-01|   -8.207241|   -9.579805|    1.193001|    0.044858|   -0.012912|
|         599|  2.0489e-01|   -8.209230|   -9.580287|    1.192861|    0.044862|   -0.012921|
|         600|  2.0489e-01|   -8.211220|   -9.580878|    1.192722|    0.044866|   -0.012930|
|         601|  2.0489e-01|   -8.213213|   -9.581525|    1.192583|    0.044870|   -0.012939|
|         602|  2.0490e-01|   -8.215208|   -9.582195|    1.192445|    0.044874|   -0.012947|
|         603|  2.0490e-01|   -8.217205|   -9.582863|    1.192307|    0.044878|   -0.012956|
|         604|  2.0490e-01|   -8.219205|   -9.583630|    1.192170|    0.044882|   -0.012964|
|         605|  2.0489e-01|   -8.221206|   -9.584496|    1.192033|    0.044886|   -0.012973|
|         606|  2.0489e-01|   -8.223209|   -9.585375|    1.191897|    0.044890|   -0.012981|
|         607|  2.0488e-01|   -8.225213|   -9.586183|    1.191762|    0.044894|   -0.012990|
|         608|  2.0488e-01|   -8.227218|   -9.587110|    1.191627|    0.044898|   -0.012998|
|         609|  2.0488e-01|   -8.229222|   -9.588043|    1.191493|    0.044902|   -0.013006|
|         610|  2.0488e-01|   -8.231225|   -9.589011|    1.191359|    0.044906|   -0.013015|
|         611|  2.0490e-01|   -8.233226|   -9.589980|    1.191226|    0.044910|   -0.013023|
|         612|  2.0490e-01|   -8.235224|   -9.590952|    1.191093|    0.044914|   -0.013031|
|         613|  2.0490e-01|   -8.237218|   -9.591918|    1.190961|    0.044917|   -0.013039|
|         614|  2.0489e-01|   -8.239208|   -9.592877|    1.190829|    0.044921|   -0.013047|
|         615|  2.0489e-01|   -8.241193|   -9.593761|    1.190698|    0.044925|   -0.013055|
|         616|  2.0489e-01|   -8.243171|   -9.594710|    1.190567|    0.044929|   -0.013063|
|         617|  2.0489e-01|   -8.245142|   -9.595710|    1.190437|    0.044933|   -0.013071|
|         618|  2.0488e-01|   -8.247106|   -9.596639|    1.190308|    0.044937|   -0.013079|
|         619|  2.0488e-01|   -8.249061|   -9.597622|    1.190179|    0.044941|   -0.013086|
|         620|  2.0488e-01|   -8.251008|   -9.598663|    1.190050|    0.044945|   -0.013094|
|         621|  2.0488e-01|   -8.252945|   -9.599723|    1.189922|    0.044949|   -0.013102|
|         622|  2.0489e-01|   -8.254873|   -9.600807|    1.189795|    0.044952|   -0.013109|
|         623|  2.0491e-01|   -8.256791|   -9.601928|    1.189668|    0.044956|   -0.013117|
|         624|  2.0493e-01|   -8.258700|   -9.603088|    1.189542|    0.044960|   -0.013124|
|         625|  2.0496e-01|   -8.260598|   -9.604290|    1.189416|    0.044964|   -0.013132|
|         626|  2.0500e-01|   -8.262486|   -9.605540|    1.189291|    0.044968|   -0.013139|
|         627|  2.0500e-01|   -8.264363|   -9.606825|    1.189166|    0.044972|   -0.013147|
|         628|  2.0500e-01|   -8.266230|   -9.608156|    1.189041|    0.044975|   -0.013154|
|         629|  2.0499e-01|   -8.268086|   -9.609535|    1.188918|    0.044979|   -0.013161|
|         630|  2.0499e-01|   -8.269933|   -9.610961|    1.188794|    0.044983|   -0.013168|
|         631|  2.0499e-01|   -8.271769|   -9.612436|    1.188672|    0.044987|   -0.013176|
|         632|  2.0498e-01|   -8.273595|   -9.613954|    1.188549|    0.044991|   -0.013183|
|         633|  2.0498e-01|   -8.275411|   -9.615528|    1.188428|    0.044994|   -0.013190|
|         634|  2.0498e-01|   -8.277217|   -9.617157|    1.188306|    0.044998|   -0.013197|
|         635|  2.0498e-01|   -8.279014|   -9.618836|    1.188185|    0.045002|   -0.013204|
|         636|  2.0498e-01|   -8.280803|   -9.620567|    1.188065|    0.045006|   -0.013211|
|         637|  2.0497e-01|   -8.282583|   -9.622345|    1.187945|    0.045010|   -0.013218|
|         638|  2.0496e-01|   -8.284355|   -9.624177|    1.187826|    0.045013|   -0.013224|
|         639|  2.0496e-01|   -8.286121|   -9.626062|    1.187707|    0.045017|   -0.013231|
|         640|  2.0496e-01|   -8.287880|   -9.627962|    1.187589|    0.045021|   -0.013238|
|         641|  2.0495e-01|   -8.289633|   -9.629909|    1.187471|    0.045025|   -0.013245|
|         642|  2.0498e-01|   -8.291382|   -9.631901|    1.187354|    0.045028|   -0.013251|
|         643|  2.0498e-01|   -8.293126|   -9.633923|    1.187237|    0.045032|   -0.013258|
|         644|  2.0498e-01|   -8.294867|   -9.635973|    1.187120|    0.045036|   -0.013265|
|         645|  2.0498e-01|   -8.296604|   -9.638046|    1.187004|    0.045040|   -0.013271|
|         646|  2.0499e-01|   -8.298340|   -9.640139|    1.186889|    0.045043|   -0.013278|
|         647|  2.0499e-01|   -8.300073|   -9.642249|    1.186774|    0.045047|   -0.013284|
|         648|  2.0499e-01|   -8.301804|   -9.644385|    1.186659|    0.045051|   -0.013291|
|         649|  2.0498e-01|   -8.303534|   -9.646666|    1.186545|    0.045054|   -0.013297|
|         650|  2.0498e-01|   -8.305264|   -9.648713|    1.186431|    0.045058|   -0.013303|
|         651|  2.0497e-01|   -8.306992|   -9.650758|    1.186318|    0.045062|   -0.013310|
|         652|  2.0497e-01|   -8.308720|   -9.652759|    1.186205|    0.045065|   -0.013316|
|         653|  2.0497e-01|   -8.310448|   -9.654724|    1.186093|    0.045069|   -0.013322|
|         654|  2.0496e-01|   -8.312175|   -9.656642|    1.185981|    0.045073|   -0.013328|
|         655|  2.0497e-01|   -8.313902|   -9.658519|    1.185869|    0.045076|   -0.013334|
|         656|  2.0496e-01|   -8.315627|   -9.660187|    1.185758|    0.045080|   -0.013341|
|         657|  2.0496e-01|   -8.317352|   -9.661974|    1.185648|    0.045084|   -0.013347|
|         658|  2.0495e-01|   -8.319075|   -9.663748|    1.185537|    0.045087|   -0.013353|
|         659|  2.0495e-01|   -8.320795|   -9.665481|    1.185428|    0.045091|   -0.013359|
|         660|  2.0497e-01|   -8.322514|   -9.667184|    1.185318|    0.045094|   -0.013365|
|         661|  2.0497e-01|   -8.324230|   -9.668859|    1.185209|    0.045098|   -0.013371|
|         662|  2.0496e-01|   -8.325943|   -9.670493|    1.185101|    0.045102|   -0.013377|
|         663|  2.0496e-01|   -8.327653|   -9.672082|    1.184993|    0.045105|   -0.013382|
|         664|  2.0498e-01|   -8.329361|   -9.673610|    1.184885|    0.045109|   -0.013388|
|         665|  2.0499e-01|   -8.331065|   -9.675093|    1.184778|    0.045112|   -0.013394|
|         666|  2.0499e-01|   -8.332766|   -9.676485|    1.184671|    0.045116|   -0.013400|
|         667|  2.0498e-01|   -8.334463|   -9.677861|    1.184564|    0.045119|   -0.013406|
|         668|  2.0498e-01|   -8.336157|   -9.679212|    1.184458|    0.045123|   -0.013411|
|         669|  2.0497e-01|   -8.337848|   -9.680508|    1.184353|    0.045126|   -0.013417|
|         670|  2.0497e-01|   -8.339535|   -9.681754|    1.184247|    0.045130|   -0.013423|
|         671|  2.0497e-01|   -8.341218|   -9.682954|    1.184143|    0.045133|   -0.013429|
|         672|  2.0498e-01|   -8.342897|   -9.684116|    1.184038|    0.045137|   -0.013434|
|         673|  2.0497e-01|   -8.344572|   -9.685246|    1.183934|    0.045140|   -0.013440|
|         674|  2.0497e-01|   -8.346243|   -9.686341|    1.183830|    0.045144|   -0.013445|
|         675|  2.0496e-01|   -8.347910|   -9.687466|    1.183727|    0.045147|   -0.013451|
|         676|  2.0496e-01|   -8.349573|   -9.688495|    1.183624|    0.045151|   -0.013456|
|         677|  2.0496e-01|   -8.351231|   -9.689494|    1.183521|    0.045154|   -0.013462|
|         678|  2.0500e-01|   -8.352885|   -9.690465|    1.183419|    0.045157|   -0.013467|
|         679|  2.0500e-01|   -8.354535|   -9.691465|    1.183317|    0.045161|   -0.013473|
|         680|  2.0500e-01|   -8.356179|   -9.692338|    1.183216|    0.045164|   -0.013478|
|         681|  2.0499e-01|   -8.357819|   -9.693183|    1.183115|    0.045168|   -0.013483|
|         682|  2.0499e-01|   -8.359453|   -9.694004|    1.183014|    0.045171|   -0.013489|
|         683|  2.0499e-01|   -8.361081|   -9.694786|    1.182914|    0.045174|   -0.013494|
|         684|  2.0499e-01|   -8.362704|   -9.695518|    1.182814|    0.045178|   -0.013499|
|         685|  2.0498e-01|   -8.364320|   -9.696086|    1.182714|    0.045181|   -0.013504|
|         686|  2.0498e-01|   -8.365930|   -9.696697|    1.182615|    0.045184|   -0.013510|
|         687|  2.0498e-01|   -8.367533|   -9.697150|    1.182516|    0.045188|   -0.013515|
|         688|  2.0497e-01|   -8.369130|   -9.697725|    1.182418|    0.045191|   -0.013520|
|         689|  2.0498e-01|   -8.370719|   -9.698248|    1.182320|    0.045194|   -0.013525|
|         690|  2.0497e-01|   -8.372302|   -9.698743|    1.182222|    0.045198|   -0.013530|
|         691|  2.0497e-01|   -8.373879|   -9.699228|    1.182125|    0.045201|   -0.013535|
|         692|  2.0497e-01|   -8.375449|   -9.699705|    1.182027|    0.045204|   -0.013540|
|         693|  2.0498e-01|   -8.377013|   -9.700174|    1.181931|    0.045208|   -0.013545|
|         694|  2.0500e-01|   -8.378572|   -9.700678|    1.181834|    0.045211|   -0.013550|
|         695|  2.0500e-01|   -8.380125|   -9.701151|    1.181738|    0.045214|   -0.013555|
|         696|  2.0499e-01|   -8.381674|   -9.701601|    1.181643|    0.045217|   -0.013560|
|         697|  2.0499e-01|   -8.383219|   -9.702049|    1.181547|    0.045221|   -0.013565|
|         698|  2.0498e-01|   -8.384759|   -9.702500|    1.181452|    0.045224|   -0.013570|
|         699|  2.0497e-01|   -8.386296|   -9.702960|    1.181358|    0.045227|   -0.013575|
|         700|  2.0497e-01|   -8.387829|   -9.703431|    1.181264|    0.045230|   -0.013579|
|         701|  2.0497e-01|   -8.389359|   -9.703927|    1.181170|    0.045234|   -0.013584|
|         702|  2.0497e-01|   -8.390887|   -9.704464|    1.181076|    0.045237|   -0.013589|
|         703|  2.0497e-01|   -8.392411|   -9.705007|    1.180983|    0.045240|   -0.013593|
|         704|  2.0497e-01|   -8.393933|   -9.705581|    1.180890|    0.045243|   -0.013598|
|         705|  2.0497e-01|   -8.395452|   -9.706205|    1.180797|    0.045246|   -0.013603|
|         706|  2.0496e-01|   -8.396968|   -9.706884|    1.180705|    0.045250|   -0.013607|
|         707|  2.0497e-01|   -8.398482|   -9.707681|    1.180613|    0.045253|   -0.013612|
|         708|  2.0498e-01|   -8.399992|   -9.708504|    1.180522|    0.045256|   -0.013617|
|         709|  2.0498e-01|   -8.401500|   -9.709337|    1.180431|    0.045259|   -0.013621|
|         710|  2.0498e-01|   -8.403005|   -9.710227|    1.180340|    0.045262|   -0.013626|
|         711|  2.0498e-01|   -8.404506|   -9.711257|    1.180249|    0.045266|   -0.013630|
|         712|  2.0498e-01|   -8.406004|   -9.712364|    1.180159|    0.045269|   -0.013635|
|         713|  2.0497e-01|   -8.407498|   -9.713539|    1.180069|    0.045272|   -0.013639|
|         714|  2.0497e-01|   -8.408989|   -9.714779|    1.179980|    0.045275|   -0.013643|
|         715|  2.0497e-01|   -8.410477|   -9.716085|    1.179890|    0.045278|   -0.013648|
|         716|  2.0497e-01|   -8.411963|   -9.717454|    1.179801|    0.045281|   -0.013652|
|         717|  2.0497e-01|   -8.413446|   -9.718887|    1.179713|    0.045284|   -0.013657|
|         718|  2.0496e-01|   -8.414927|   -9.720385|    1.179624|    0.045287|   -0.013661|
|         719|  2.0497e-01|   -8.416407|   -9.721976|    1.179536|    0.045291|   -0.013665|
|         720|  2.0496e-01|   -8.417886|   -9.723477|    1.179449|    0.045294|   -0.013669|
|         721|  2.0497e-01|   -8.419365|   -9.724954|    1.179361|    0.045297|   -0.013674|
|         722|  2.0496e-01|   -8.420845|   -9.726505|    1.179274|    0.045300|   -0.013678|
|         723|  2.0498e-01|   -8.422325|   -9.728016|    1.179188|    0.045303|   -0.013682|
|         724|  2.0500e-01|   -8.423806|   -9.729505|    1.179101|    0.045306|   -0.013686|
|         725|  2.0501e-01|   -8.425289|   -9.730935|    1.179015|    0.045309|   -0.013690|
|         726|  2.0500e-01|   -8.426774|   -9.732257|    1.178929|    0.045312|   -0.013695|
|         727|  2.0500e-01|   -8.428260|   -9.733749|    1.178844|    0.045315|   -0.013699|
|         728|  2.0500e-01|   -8.429748|   -9.735187|    1.178759|    0.045318|   -0.013703|
|         729|  2.0501e-01|   -8.431237|   -9.736593|    1.178674|    0.045321|   -0.013707|
|         730|  2.0500e-01|   -8.432728|   -9.737970|    1.178589|    0.045324|   -0.013711|
|         731|  2.0500e-01|   -8.434221|   -9.739317|    1.178505|    0.045327|   -0.013715|
|         732|  2.0499e-01|   -8.435716|   -9.740635|    1.178421|    0.045330|   -0.013719|
|         733|  2.0499e-01|   -8.437212|   -9.741923|    1.178337|    0.045333|   -0.013723|
|         734|  2.0499e-01|   -8.438709|   -9.743185|    1.178254|    0.045336|   -0.013727|
|         735|  2.0499e-01|   -8.440206|   -9.744422|    1.178171|    0.045339|   -0.013730|
|         736|  2.0499e-01|   -8.441704|   -9.745640|    1.178088|    0.045342|   -0.013734|
|         737|  2.0499e-01|   -8.443202|   -9.746843|    1.178006|    0.045345|   -0.013738|
|         738|  2.0500e-01|   -8.444699|   -9.748039|    1.177924|    0.045348|   -0.013742|
|         739|  2.0502e-01|   -8.446195|   -9.749237|    1.177842|    0.045351|   -0.013746|
|         740|  2.0503e-01|   -8.447690|   -9.750445|    1.177760|    0.045354|   -0.013750|
|         741|  2.0503e-01|   -8.449183|   -9.751674|    1.177679|    0.045357|   -0.013754|
|         742|  2.0503e-01|   -8.450675|   -9.752935|    1.177598|    0.045360|   -0.013757|
|         743|  2.0503e-01|   -8.452164|   -9.754243|    1.177517|    0.045363|   -0.013761|
|         744|  2.0503e-01|   -8.453652|   -9.755613|    1.177436|    0.045366|   -0.013765|
|         745|  2.0502e-01|   -8.455139|   -9.757023|    1.177356|    0.045369|   -0.013769|
|         746|  2.0502e-01|   -8.456623|   -9.758478|    1.177276|    0.045372|   -0.013772|
|         747|  2.0502e-01|   -8.458105|   -9.759992|    1.177197|    0.045375|   -0.013776|
|         748|  2.0501e-01|   -8.459586|   -9.761566|    1.177117|    0.045378|   -0.013780|
|         749|  2.0501e-01|   -8.461066|   -9.763199|    1.177038|    0.045381|   -0.013783|
|         750|  2.0500e-01|   -8.462543|   -9.764882|    1.176959|    0.045384|   -0.013787|
+-----------------------------------------------------------------------+
|        File Writing Summary       |              Filename             |
+-----------------------------------------------------------------------+
|SU2 binary restart                 |restart_flow.dat                   |
|Paraview                           |flow.vtu                           |
|Paraview surface                   |surface_flow.vtu                   |
+-----------------------------------------------------------------------+
+------------------------------------------------------------------------------------------+
|  Inner_Iter|   Time(sec)|    rms[Rho]|     rms[nu]|          CL|          CD|         CMz|
+------------------------------------------------------------------------------------------+
|         751|  2.0509e-01|   -8.464020|   -9.766609|    1.176881|    0.045387|   -0.013791|
|         752|  2.0509e-01|   -8.465495|   -9.768378|    1.176802|    0.045389|   -0.013794|
|         753|  2.0510e-01|   -8.466968|   -9.770181|    1.176724|    0.045392|   -0.013798|
|         754|  2.0510e-01|   -8.468440|   -9.772014|    1.176646|    0.045395|   -0.013801|
|         755|  2.0510e-01|   -8.469911|   -9.773893|    1.176569|    0.045398|   -0.013805|
|         756|  2.0509e-01|   -8.471379|   -9.775851|    1.176491|    0.045401|   -0.013808|
|         757|  2.0509e-01|   -8.472846|   -9.777537|    1.176414|    0.045404|   -0.013812|
|         758|  2.0510e-01|   -8.474311|   -9.779304|    1.176338|    0.045406|   -0.013815|
|         759|  2.0511e-01|   -8.475774|   -9.781253|    1.176261|    0.045409|   -0.013819|
|         760|  2.0511e-01|   -8.477234|   -9.783030|    1.176185|    0.045412|   -0.013822|
|         761|  2.0511e-01|   -8.478692|   -9.784493|    1.176109|    0.045415|   -0.013826|
|         762|  2.0512e-01|   -8.480146|   -9.786091|    1.176033|    0.045418|   -0.013829|
|         763|  2.0513e-01|   -8.481597|   -9.787713|    1.175957|    0.045420|   -0.013833|
|         764|  2.0513e-01|   -8.483044|   -9.789306|    1.175882|    0.045423|   -0.013836|
|         765|  2.0513e-01|   -8.484487|   -9.790864|    1.175807|    0.045426|   -0.013840|
|         766|  2.0512e-01|   -8.485925|   -9.792386|    1.175732|    0.045429|   -0.013843|
|         767|  2.0512e-01|   -8.487358|   -9.793875|    1.175658|    0.045431|   -0.013846|
|         768|  2.0515e-01|   -8.488787|   -9.795337|    1.175583|    0.045434|   -0.013850|
|         769|  2.0515e-01|   -8.490210|   -9.796775|    1.175509|    0.045437|   -0.013853|
|         770|  2.0516e-01|   -8.491627|   -9.798192|    1.175436|    0.045439|   -0.013857|
|         771|  2.0516e-01|   -8.493039|   -9.799588|    1.175362|    0.045442|   -0.013860|
|         772|  2.0517e-01|   -8.494446|   -9.800952|    1.175289|    0.045445|   -0.013863|
|         773|  2.0517e-01|   -8.495846|   -9.802272|    1.175216|    0.045448|   -0.013866|
|         774|  2.0517e-01|   -8.497241|   -9.803578|    1.175143|    0.045450|   -0.013870|
|         775|  2.0518e-01|   -8.498630|   -9.804887|    1.175070|    0.045453|   -0.013873|
|         776|  2.0518e-01|   -8.500014|   -9.806169|    1.174998|    0.045456|   -0.013876|
|         777|  2.0519e-01|   -8.501392|   -9.807420|    1.174926|    0.045458|   -0.013879|
|         778|  2.0520e-01|   -8.502765|   -9.808650|    1.174854|    0.045461|   -0.013883|
|         779|  2.0521e-01|   -8.504133|   -9.809868|    1.174782|    0.045463|   -0.013886|
|         780|  2.0522e-01|   -8.505495|   -9.811084|    1.174710|    0.045466|   -0.013889|
|         781|  2.0522e-01|   -8.506852|   -9.812301|    1.174639|    0.045469|   -0.013892|
|         782|  2.0524e-01|   -8.508204|   -9.813515|    1.174568|    0.045471|   -0.013895|
|         783|  2.0524e-01|   -8.509552|   -9.814828|    1.174497|    0.045474|   -0.013899|
|         784|  2.0525e-01|   -8.510895|   -9.816082|    1.174427|    0.045476|   -0.013902|
|         785|  2.0525e-01|   -8.512234|   -9.817323|    1.174357|    0.045479|   -0.013905|
|         786|  2.0525e-01|   -8.513569|   -9.818545|    1.174287|    0.045482|   -0.013908|
|         787|  2.0527e-01|   -8.514900|   -9.819776|    1.174217|    0.045484|   -0.013911|
|         788|  2.0528e-01|   -8.516226|   -9.821017|    1.174147|    0.045487|   -0.013914|
|         789|  2.0528e-01|   -8.517549|   -9.822273|    1.174078|    0.045489|   -0.013917|
|         790|  2.0528e-01|   -8.518867|   -9.823549|    1.174008|    0.045492|   -0.013920|
|         791|  2.0529e-01|   -8.520182|   -9.824850|    1.173940|    0.045494|   -0.013923|
|         792|  2.0529e-01|   -8.521494|   -9.826182|    1.173871|    0.045497|   -0.013926|
|         793|  2.0529e-01|   -8.522802|   -9.827504|    1.173802|    0.045500|   -0.013929|
|         794|  2.0529e-01|   -8.524107|   -9.828676|    1.173734|    0.045502|   -0.013932|
|         795|  2.0529e-01|   -8.525410|   -9.830037|    1.173666|    0.045505|   -0.013935|
|         796|  2.0530e-01|   -8.526710|   -9.831493|    1.173598|    0.045507|   -0.013938|
|         797|  2.0530e-01|   -8.528007|   -9.832879|    1.173530|    0.045510|   -0.013941|
|         798|  2.0530e-01|   -8.529303|   -9.834252|    1.173463|    0.045512|   -0.013944|
|         799|  2.0530e-01|   -8.530597|   -9.835630|    1.173396|    0.045515|   -0.013947|
|         800|  2.0531e-01|   -8.531889|   -9.837010|    1.173329|    0.045517|   -0.013950|
|         801|  2.0531e-01|   -8.533181|   -9.838403|    1.173262|    0.045519|   -0.013953|
|         802|  2.0531e-01|   -8.534471|   -9.839793|    1.173195|    0.045522|   -0.013956|
|         803|  2.0532e-01|   -8.535760|   -9.841281|    1.173129|    0.045524|   -0.013959|
|         804|  2.0533e-01|   -8.537049|   -9.842624|    1.173063|    0.045527|   -0.013962|
|         805|  2.0534e-01|   -8.538338|   -9.843939|    1.172997|    0.045529|   -0.013964|
|         806|  2.0534e-01|   -8.539627|   -9.845232|    1.172931|    0.045532|   -0.013967|
|         807|  2.0534e-01|   -8.540916|   -9.846475|    1.172866|    0.045534|   -0.013970|
|         808|  2.0534e-01|   -8.542204|   -9.847650|    1.172800|    0.045537|   -0.013973|
|         809|  2.0534e-01|   -8.543493|   -9.848797|    1.172735|    0.045539|   -0.013976|
|         810|  2.0534e-01|   -8.544782|   -9.849865|    1.172670|    0.045541|   -0.013978|
|         811|  2.0534e-01|   -8.546071|   -9.850578|    1.172606|    0.045544|   -0.013981|
|         812|  2.0533e-01|   -8.547360|   -9.851599|    1.172541|    0.045546|   -0.013984|
|         813|  2.0533e-01|   -8.548648|   -9.852614|    1.172477|    0.045549|   -0.013987|
|         814|  2.0533e-01|   -8.549935|   -9.853575|    1.172413|    0.045551|   -0.013989|
|         815|  2.0533e-01|   -8.551222|   -9.854497|    1.172349|    0.045554|   -0.013992|
|         816|  2.0533e-01|   -8.552509|   -9.855376|    1.172285|    0.045556|   -0.013995|
|         817|  2.0533e-01|   -8.553794|   -9.856210|    1.172222|    0.045558|   -0.013997|
|         818|  2.0535e-01|   -8.555080|   -9.856994|    1.172159|    0.045561|   -0.014000|
|         819|  2.0536e-01|   -8.556364|   -9.857724|    1.172095|    0.045563|   -0.014003|
|         820|  2.0537e-01|   -8.557648|   -9.858399|    1.172033|    0.045565|   -0.014005|
|         821|  2.0537e-01|   -8.558931|   -9.859017|    1.171970|    0.045568|   -0.014008|
|         822|  2.0538e-01|   -8.560213|   -9.859579|    1.171908|    0.045570|   -0.014011|
|         823|  2.0540e-01|   -8.561495|   -9.860087|    1.171845|    0.045573|   -0.014013|
|         824|  2.0541e-01|   -8.562775|   -9.860550|    1.171783|    0.045575|   -0.014016|
|         825|  2.0541e-01|   -8.564054|   -9.860974|    1.171721|    0.045577|   -0.014018|
|         826|  2.0540e-01|   -8.565333|   -9.861371|    1.171660|    0.045580|   -0.014021|
|         827|  2.0540e-01|   -8.566610|   -9.861753|    1.171598|    0.045582|   -0.014024|
|         828|  2.0540e-01|   -8.567887|   -9.862132|    1.171537|    0.045584|   -0.014026|
|         829|  2.0539e-01|   -8.569163|   -9.862520|    1.171476|    0.045587|   -0.014029|
|         830|  2.0539e-01|   -8.570438|   -9.862928|    1.171415|    0.045589|   -0.014031|
|         831|  2.0539e-01|   -8.571712|   -9.863367|    1.171354|    0.045591|   -0.014034|
|         832|  2.0538e-01|   -8.572986|   -9.863845|    1.171294|    0.045593|   -0.014036|
|         833|  2.0538e-01|   -8.574260|   -9.864369|    1.171233|    0.045596|   -0.014039|
|         834|  2.0538e-01|   -8.575533|   -9.864943|    1.171173|    0.045598|   -0.014041|
|         835|  2.0538e-01|   -8.576807|   -9.865571|    1.171113|    0.045600|   -0.014044|
|         836|  2.0538e-01|   -8.578080|   -9.866255|    1.171054|    0.045603|   -0.014046|
|         837|  2.0537e-01|   -8.579354|   -9.866992|    1.170994|    0.045605|   -0.014049|
|         838|  2.0537e-01|   -8.580628|   -9.867778|    1.170935|    0.045607|   -0.014051|
|         839|  2.0536e-01|   -8.581903|   -9.868610|    1.170875|    0.045609|   -0.014054|
|         840|  2.0536e-01|   -8.583178|   -9.869492|    1.170816|    0.045612|   -0.014056|
|         841|  2.0537e-01|   -8.584454|   -9.870428|    1.170758|    0.045614|   -0.014058|
|         842|  2.0536e-01|   -8.585731|   -9.871416|    1.170699|    0.045616|   -0.014061|
|         843|  2.0536e-01|   -8.587009|   -9.872451|    1.170641|    0.045618|   -0.014063|
|         844|  2.0535e-01|   -8.588288|   -9.873527|    1.170582|    0.045621|   -0.014066|
|         845|  2.0535e-01|   -8.589567|   -9.874641|    1.170524|    0.045623|   -0.014068|
|         846|  2.0535e-01|   -8.590848|   -9.875790|    1.170466|    0.045625|   -0.014070|
|         847|  2.0534e-01|   -8.592129|   -9.876997|    1.170409|    0.045627|   -0.014073|
|         848|  2.0534e-01|   -8.593410|   -9.878234|    1.170351|    0.045630|   -0.014075|
|         849|  2.0534e-01|   -8.594693|   -9.879449|    1.170294|    0.045632|   -0.014077|
|         850|  2.0533e-01|   -8.595976|   -9.880672|    1.170236|    0.045634|   -0.014080|
|         851|  2.0533e-01|   -8.597260|   -9.881907|    1.170179|    0.045636|   -0.014082|
|         852|  2.0533e-01|   -8.598544|   -9.883151|    1.170123|    0.045638|   -0.014084|
|         853|  2.0533e-01|   -8.599828|   -9.884400|    1.170066|    0.045641|   -0.014087|
|         854|  2.0532e-01|   -8.601112|   -9.885654|    1.170009|    0.045643|   -0.014089|
|         855|  2.0532e-01|   -8.602395|   -9.886914|    1.169953|    0.045645|   -0.014091|
|         856|  2.0532e-01|   -8.603677|   -9.888180|    1.169897|    0.045647|   -0.014093|
|         857|  2.0531e-01|   -8.604959|   -9.889452|    1.169841|    0.045649|   -0.014096|
|         858|  2.0531e-01|   -8.606239|   -9.890766|    1.169785|    0.045651|   -0.014098|
|         859|  2.0530e-01|   -8.607518|   -9.892077|    1.169729|    0.045654|   -0.014100|
|         860|  2.0530e-01|   -8.608796|   -9.893330|    1.169674|    0.045656|   -0.014102|
|         861|  2.0530e-01|   -8.610072|   -9.894566|    1.169619|    0.045658|   -0.014105|
|         862|  2.0529e-01|   -8.611346|   -9.895789|    1.169564|    0.045660|   -0.014107|
|         863|  2.0529e-01|   -8.612619|   -9.896997|    1.169509|    0.045662|   -0.014109|
|         864|  2.0529e-01|   -8.613889|   -9.898186|    1.169454|    0.045664|   -0.014111|
|         865|  2.0528e-01|   -8.615157|   -9.899355|    1.169399|    0.045666|   -0.014113|
|         866|  2.0528e-01|   -8.616423|   -9.900502|    1.169345|    0.045668|   -0.014116|
|         867|  2.0527e-01|   -8.617687|   -9.901627|    1.169291|    0.045671|   -0.014118|
|         868|  2.0527e-01|   -8.618948|   -9.902728|    1.169236|    0.045673|   -0.014120|
|         869|  2.0527e-01|   -8.620208|   -9.903798|    1.169183|    0.045675|   -0.014122|
|         870|  2.0526e-01|   -8.621466|   -9.904842|    1.169129|    0.045677|   -0.014124|
|         871|  2.0526e-01|   -8.622722|   -9.905851|    1.169075|    0.045679|   -0.014126|
|         872|  2.0525e-01|   -8.623977|   -9.906773|    1.169022|    0.045681|   -0.014128|
|         873|  2.0525e-01|   -8.625229|   -9.907660|    1.168968|    0.045683|   -0.014131|
|         874|  2.0526e-01|   -8.626480|   -9.908546|    1.168915|    0.045685|   -0.014133|
|         875|  2.0525e-01|   -8.627729|   -9.909406|    1.168862|    0.045687|   -0.014135|
|         876|  2.0525e-01|   -8.628976|   -9.910234|    1.168809|    0.045689|   -0.014137|
|         877|  2.0524e-01|   -8.630221|   -9.911033|    1.168757|    0.045691|   -0.014139|
|         878|  2.0524e-01|   -8.631463|   -9.911801|    1.168704|    0.045693|   -0.014141|
|         879|  2.0523e-01|   -8.632704|   -9.912497|    1.168652|    0.045695|   -0.014143|
|         880|  2.0523e-01|   -8.633942|   -9.913106|    1.168600|    0.045697|   -0.014145|
|         881|  2.0522e-01|   -8.635178|   -9.913762|    1.168548|    0.045699|   -0.014147|
|         882|  2.0522e-01|   -8.636412|   -9.914435|    1.168496|    0.045701|   -0.014149|
|         883|  2.0521e-01|   -8.637643|   -9.915098|    1.168444|    0.045703|   -0.014151|
|         884|  2.0521e-01|   -8.638872|   -9.915753|    1.168393|    0.045705|   -0.014153|
|         885|  2.0520e-01|   -8.640100|   -9.916408|    1.168341|    0.045707|   -0.014155|
|         886|  2.0520e-01|   -8.641325|   -9.917070|    1.168290|    0.045709|   -0.014157|
|         887|  2.0520e-01|   -8.642549|   -9.917745|    1.168239|    0.045711|   -0.014159|
|         888|  2.0520e-01|   -8.643772|   -9.918439|    1.168188|    0.045713|   -0.014161|
|         889|  2.0519e-01|   -8.644994|   -9.919155|    1.168137|    0.045715|   -0.014163|
|         890|  2.0519e-01|   -8.646215|   -9.919896|    1.168087|    0.045717|   -0.014165|
|         891|  2.0518e-01|   -8.647436|   -9.920670|    1.168036|    0.045719|   -0.014167|
|         892|  2.0518e-01|   -8.648656|   -9.921479|    1.167986|    0.045721|   -0.014169|
|         893|  2.0518e-01|   -8.649877|   -9.922325|    1.167936|    0.045723|   -0.014171|
|         894|  2.0517e-01|   -8.651098|   -9.923211|    1.167886|    0.045725|   -0.014173|
|         895|  2.0517e-01|   -8.652320|   -9.924140|    1.167836|    0.045727|   -0.014175|
|         896|  2.0517e-01|   -8.653542|   -9.925114|    1.167786|    0.045729|   -0.014177|
|         897|  2.0516e-01|   -8.654766|   -9.926134|    1.167737|    0.045731|   -0.014179|
|         898|  2.0516e-01|   -8.655990|   -9.927202|    1.167687|    0.045733|   -0.014181|
|         899|  2.0516e-01|   -8.657216|   -9.928321|    1.167638|    0.045735|   -0.014183|
|         900|  2.0515e-01|   -8.658442|   -9.929491|    1.167589|    0.045737|   -0.014185|
|         901|  2.0515e-01|   -8.659670|   -9.930716|    1.167540|    0.045739|   -0.014187|
|         902|  2.0514e-01|   -8.660899|   -9.931996|    1.167491|    0.045740|   -0.014188|
|         903|  2.0514e-01|   -8.662129|   -9.933333|    1.167443|    0.045742|   -0.014190|
|         904|  2.0513e-01|   -8.663360|   -9.934727|    1.167394|    0.045744|   -0.014192|
|         905|  2.0513e-01|   -8.664591|   -9.936178|    1.167346|    0.045746|   -0.014194|
|         906|  2.0513e-01|   -8.665824|   -9.937684|    1.167298|    0.045748|   -0.014196|
|         907|  2.0513e-01|   -8.667056|   -9.939239|    1.167250|    0.045750|   -0.014198|
|         908|  2.0512e-01|   -8.668289|   -9.940839|    1.167202|    0.045752|   -0.014200|
|         909|  2.0512e-01|   -8.669523|   -9.942508|    1.167154|    0.045754|   -0.014201|
|         910|  2.0512e-01|   -8.670757|   -9.944331|    1.167106|    0.045756|   -0.014203|
|         911|  2.0512e-01|   -8.671992|   -9.946054|    1.167059|    0.045758|   -0.014205|
|         912|  2.0511e-01|   -8.673227|   -9.947788|    1.167012|    0.045759|   -0.014207|
|         913|  2.0511e-01|   -8.674461|   -9.949541|    1.166964|    0.045761|   -0.014209|
|         914|  2.0511e-01|   -8.675696|   -9.951320|    1.166917|    0.045763|   -0.014210|
|         915|  2.0510e-01|   -8.676930|   -9.953226|    1.166871|    0.045765|   -0.014212|
|         916|  2.0510e-01|   -8.678164|   -9.955104|    1.166824|    0.045767|   -0.014214|
|         917|  2.0510e-01|   -8.679398|   -9.956828|    1.166777|    0.045769|   -0.014216|
|         918|  2.0509e-01|   -8.680632|   -9.958436|    1.166731|    0.045771|   -0.014217|
|         919|  2.0509e-01|   -8.681865|   -9.959716|    1.166684|    0.045772|   -0.014219|
|         920|  2.0508e-01|   -8.683099|   -9.960984|    1.166638|    0.045774|   -0.014221|
|         921|  2.0509e-01|   -8.684332|   -9.962084|    1.166592|    0.045776|   -0.014223|
|         922|  2.0509e-01|   -8.685566|   -9.963400|    1.166546|    0.045778|   -0.014224|
|         923|  2.0509e-01|   -8.686799|   -9.964667|    1.166501|    0.045780|   -0.014226|
|         924|  2.0508e-01|   -8.688032|   -9.965863|    1.166455|    0.045782|   -0.014228|
|         925|  2.0508e-01|   -8.689265|   -9.967008|    1.166410|    0.045783|   -0.014229|
|         926|  2.0507e-01|   -8.690498|   -9.968118|    1.166364|    0.045785|   -0.014231|
|         927|  2.0507e-01|   -8.691733|   -9.969205|    1.166319|    0.045787|   -0.014233|
|         928|  2.0507e-01|   -8.692967|   -9.970281|    1.166274|    0.045789|   -0.014235|
|         929|  2.0506e-01|   -8.694203|   -9.971344|    1.166229|    0.045790|   -0.014236|
|         930|  2.0506e-01|   -8.695439|   -9.972404|    1.166184|    0.045792|   -0.014238|
|         931|  2.0506e-01|   -8.696677|   -9.973469|    1.166139|    0.045794|   -0.014240|
|         932|  2.0505e-01|   -8.697915|   -9.974538|    1.166095|    0.045796|   -0.014241|
|         933|  2.0505e-01|   -8.699154|   -9.975642|    1.166050|    0.045798|   -0.014243|
|         934|  2.0505e-01|   -8.700395|   -9.976849|    1.166006|    0.045799|   -0.014245|
|         935|  2.0505e-01|   -8.701636|   -9.977990|    1.165962|    0.045801|   -0.014246|
|         936|  2.0505e-01|   -8.702879|   -9.979139|    1.165918|    0.045803|   -0.014248|
|         937|  2.0504e-01|   -8.704123|   -9.980331|    1.165874|    0.045805|   -0.014250|
|         938|  2.0504e-01|   -8.705367|   -9.981578|    1.165830|    0.045806|   -0.014251|
|         939|  2.0504e-01|   -8.706611|   -9.982888|    1.165787|    0.045808|   -0.014253|
|         940|  2.0504e-01|   -8.707856|   -9.984263|    1.165743|    0.045810|   -0.014254|
|         941|  2.0504e-01|   -8.709101|   -9.985706|    1.165700|    0.045812|   -0.014256|
|         942|  2.0503e-01|   -8.710346|   -9.987209|    1.165656|    0.045813|   -0.014258|
|         943|  2.0503e-01|   -8.711591|   -9.988766|    1.165613|    0.045815|   -0.014259|
|         944|  2.0502e-01|   -8.712836|   -9.990378|    1.165570|    0.045817|   -0.014261|
|         945|  2.0502e-01|   -8.714080|   -9.992036|    1.165527|    0.045818|   -0.014263|
|         946|  2.0502e-01|   -8.715323|   -9.993726|    1.165485|    0.045820|   -0.014264|
|         947|  2.0501e-01|   -8.716566|   -9.995436|    1.165442|    0.045822|   -0.014266|
|         948|  2.0501e-01|   -8.717807|   -9.997158|    1.165399|    0.045823|   -0.014267|
|         949|  2.0501e-01|   -8.719047|   -9.998884|    1.165357|    0.045825|   -0.014269|
|         950|  2.0500e-01|   -8.720286|  -10.000566|    1.165315|    0.045827|   -0.014271|
|         951|  2.0500e-01|   -8.721524|  -10.002061|    1.165273|    0.045828|   -0.014272|
|         952|  2.0500e-01|   -8.722760|  -10.003579|    1.165231|    0.045830|   -0.014274|
|         953|  2.0499e-01|   -8.723994|  -10.005147|    1.165189|    0.045832|   -0.014275|
|         954|  2.0499e-01|   -8.725225|  -10.006667|    1.165147|    0.045833|   -0.014277|
|         955|  2.0499e-01|   -8.726454|  -10.008137|    1.165105|    0.045835|   -0.014278|
|         956|  2.0498e-01|   -8.727680|  -10.009565|    1.165064|    0.045837|   -0.014280|
|         957|  2.0498e-01|   -8.728904|  -10.010956|    1.165022|    0.045838|   -0.014281|
|         958|  2.0498e-01|   -8.730124|  -10.012314|    1.164981|    0.045840|   -0.014283|
|         959|  2.0497e-01|   -8.731342|  -10.013646|    1.164940|    0.045842|   -0.014285|
|         960|  2.0497e-01|   -8.732557|  -10.014957|    1.164899|    0.045843|   -0.014286|
|         961|  2.0497e-01|   -8.733770|  -10.016250|    1.164858|    0.045845|   -0.014288|
|         962|  2.0497e-01|   -8.734980|  -10.017532|    1.164817|    0.045846|   -0.014289|
|         963|  2.0496e-01|   -8.736187|  -10.018806|    1.164776|    0.045848|   -0.014291|
|         964|  2.0496e-01|   -8.737391|  -10.020075|    1.164736|    0.045850|   -0.014292|
|         965|  2.0497e-01|   -8.738593|  -10.021344|    1.164695|    0.045851|   -0.014294|
|         966|  2.0496e-01|   -8.739792|  -10.022614|    1.164655|    0.045853|   -0.014295|
|         967|  2.0496e-01|   -8.740990|  -10.023887|    1.164615|    0.045854|   -0.014297|
|         968|  2.0496e-01|   -8.742185|  -10.025167|    1.164574|    0.045856|   -0.014298|
|         969|  2.0496e-01|   -8.743378|  -10.026455|    1.164534|    0.045857|   -0.014300|
|         970|  2.0496e-01|   -8.744569|  -10.027751|    1.164494|    0.045859|   -0.014301|
|         971|  2.0496e-01|   -8.745758|  -10.029057|    1.164455|    0.045861|   -0.014303|
|         972|  2.0495e-01|   -8.746945|  -10.030373|    1.164415|    0.045862|   -0.014304|
|         973|  2.0495e-01|   -8.748131|  -10.031699|    1.164375|    0.045864|   -0.014306|
|         974|  2.0494e-01|   -8.749315|  -10.033033|    1.164336|    0.045865|   -0.014307|
|         975|  2.0493e-01|   -8.750497|  -10.034373|    1.164297|    0.045867|   -0.014309|
|         976|  2.0493e-01|   -8.751678|  -10.035715|    1.164257|    0.045868|   -0.014310|
|         977|  2.0492e-01|   -8.752858|  -10.037054|    1.164218|    0.045870|   -0.014312|
|         978|  2.0491e-01|   -8.754036|  -10.038389|    1.164179|    0.045871|   -0.014313|
|         979|  2.0491e-01|   -8.755213|  -10.039717|    1.164140|    0.045873|   -0.014314|
|         980|  2.0490e-01|   -8.756389|  -10.041035|    1.164102|    0.045874|   -0.014316|
|         981|  2.0489e-01|   -8.757563|  -10.042340|    1.164063|    0.045876|   -0.014317|
|         982|  2.0489e-01|   -8.758737|  -10.043632|    1.164024|    0.045878|   -0.014319|
|         983|  2.0488e-01|   -8.759909|  -10.044910|    1.163986|    0.045879|   -0.014320|
|         984|  2.0487e-01|   -8.761081|  -10.046178|    1.163948|    0.045881|   -0.014322|
|         985|  2.0487e-01|   -8.762251|  -10.047437|    1.163910|    0.045882|   -0.014323|
|         986|  2.0486e-01|   -8.763421|  -10.048688|    1.163871|    0.045884|   -0.014324|
|         987|  2.0485e-01|   -8.764590|  -10.049944|    1.163833|    0.045885|   -0.014326|
|         988|  2.0485e-01|   -8.765758|  -10.051249|    1.163796|    0.045887|   -0.014327|
|         989|  2.0484e-01|   -8.766927|  -10.052545|    1.163758|    0.045888|   -0.014329|
|         990|  2.0483e-01|   -8.768094|  -10.053776|    1.163720|    0.045890|   -0.014330|
|         991|  2.0483e-01|   -8.769262|  -10.054995|    1.163683|    0.045891|   -0.014331|
|         992|  2.0482e-01|   -8.770430|  -10.056216|    1.163645|    0.045892|   -0.014333|
|         993|  2.0482e-01|   -8.771597|  -10.057443|    1.163608|    0.045894|   -0.014334|
|         994|  2.0481e-01|   -8.772763|  -10.058678|    1.163571|    0.045895|   -0.014336|
|         995|  2.0480e-01|   -8.773930|  -10.059924|    1.163533|    0.045897|   -0.014337|
|         996|  2.0480e-01|   -8.775095|  -10.061181|    1.163496|    0.045898|   -0.014338|
|         997|  2.0479e-01|   -8.776261|  -10.062451|    1.163459|    0.045900|   -0.014340|
|         998|  2.0479e-01|   -8.777426|  -10.063732|    1.163423|    0.045901|   -0.014341|

----------------------------- Solver Exit -------------------------------

Maximum number of iterations reached (ITER = 999) before convergence.
+-----------------------------------------------------------------------+
|      Convergence Field     |     Value    |   Criterion  |  Converged |
+-----------------------------------------------------------------------+
|                  Cauchy[CD]|   1.68484e-05|       < 1e-06|          No|
+-----------------------------------------------------------------------+
-------------------------------------------------------------------------
+-----------------------------------------------------------------------+