+------------------------------------------------------------------------------+
|          Viscosity Model|        Conductivity Model|              Fluid Model|
+------------------------------------------------------------------------------+
|               SUTHERLAND|          CONSTANT_PRANDTL|             STANDARD_AIR|
+------------------------------------------------------------------------------+
-- Fluid properties:
+------------------------------------------------------------------------------+
|                  Name|    Dim. value|    Ref. value|      Unit|Non-dim. value|
+------------------------------------------------------------------------------+
|        Ref. Viscosity|     1.716e-05|       46.5217|   N.s/m^2|    3.6886e-07|
|      Sutherland Temp.|        273.15|        288.15|         K|      0.947944|
|     Sutherland Const.|         110.4|        288.15|         K|      0.383134|
+------------------------------------------------------------------------------+
|        Prandtl (Lam.)|             -|             -|         -|          0.72|
|       Prandtl (Turb.)|             -|             -|         -|           0.9|
+------------------------------------------------------------------------------+
|          Gas Constant|       287.058|       36.1693|  N.m/kg.K|       7.93651|
|      Spec. Heat Ratio|             -|             -|         -|           1.4|
+------------------------------------------------------------------------------+
-- Initial and free-stream conditions:
+------------------------------------------------------------------------------+
|                  Name|    Dim. value|    Ref. value|      Unit|Non-dim. value|
+------------------------------------------------------------------------------+
|       Static Pressure|       37693.4|       4749.36|        Pa|       7.93651|
|               Density|      0.455697|      0.455697|    kg/m^3|             1|
|           Temperature|        288.15|        288.15|         K|             1|
|          Total Energy|        212000|       10422.2|   m^2/s^2|       20.3413|
|            Velocity-X|       95.9324|       102.089|       m/s|      0.939693|
|            Velocity-Y|       34.9165|       102.089|       m/s|       0.34202|
|    Velocity Magnitude|       102.089|       102.089|       m/s|             1|
+------------------------------------------------------------------------------+
|             Viscosity|    1.7893e-05|       46.5217|   N.s/m^2|   3.84615e-07|
|          Conductivity|             -|       1682.66|   W/m^2.K|             -|
|     Turb. Kin. Energy|       39.0832|       10422.2|   m^2/s^2|       0.00375|
|     Spec. Dissipation|       99536.9|       102.089|       1/s|           975|
+------------------------------------------------------------------------------+
|           Mach Number|             -|             -|         -|           0.3|
|       Reynolds Number|             -|             -|         -|       2.6e+06|
+------------------------------------------------------------------------------+
Initialize Jacobian structure (Navier-Stokes). MG level: 0.
Initialize Jacobian structure (SA model).

------------------- Numerics Preprocessing ( Zone 0 ) -------------------

----------------- Integration Preprocessing ( Zone 0 ) ------------------

------------------- Iteration Preprocessing ( Zone 0 ) ------------------
Euler/Navier-Stokes/RANS fluid iteration.

------------------------------ Begin Solver -----------------------------

Simulation Run using the Single-zone Driver
WARNING: SU2 was not compiled for an AVX-capable architecture. Performance could be better,
         see https://su2code.github.io/docs_v7/Build-SU2-Linux-MacOS/#compiler-optimizations
+------------------------------------------------------------------------------------------+
|  Inner_Iter|   Time(sec)|    rms[Rho]|     rms[nu]|          CL|          CD|         CMz|
+------------------------------------------------------------------------------------------+
|           0|  2.2237e-01|   -3.894885|  -10.662632|    5.522083|    2.407141|    1.669411|
|           1|  2.2252e-01|   -4.737499|  -10.651772|    4.832251|    2.244790|    1.462236|
|           2|  2.1937e-01|   -4.786044|  -10.781624|    4.177515|    1.922123|    1.239009|
|           3|  2.1585e-01|   -4.817360|  -10.806973|    3.800716|    1.704046|    1.089449|
|           4|  2.1523e-01|   -4.868780|  -10.795601|    3.477498|    1.511182|    0.937224|
|           5|  2.1368e-01|   -4.909735|  -10.793987|    3.139470|    1.312012|    0.760060|
|           6|  2.3237e-01|   -4.935658|  -10.783921|    2.783202|    1.105086|    0.563207|
|           7|  2.3899e-01|   -4.947702|  -10.759425|    2.418893|    0.896518|    0.360080|
|           8|  2.4588e-01|   -4.945102|  -10.723693|    2.056589|    0.692925|    0.164599|
|           9|  2.5131e-01|   -4.931190|  -10.682165|    1.703803|    0.500263|   -0.011788|
|          10|  2.5163e-01|   -4.915361|  -10.637653|    1.366923|    0.323641|   -0.161062|
|          11|  2.5175e-01|   -4.906729|  -10.600224|    1.051566|    0.166765|   -0.279291|
|          12|  2.5813e-01|   -4.908784|  -10.570961|    0.763204|    0.031942|   -0.365943|
|          13|  2.6142e-01|   -4.920038|  -10.546829|    0.507567|   -0.079552|   -0.422649|
|          14|  2.6105e-01|   -4.936790|  -10.529547|    0.291304|   -0.166768|   -0.451894|
|          15|  2.5985e-01|   -4.955840|  -10.520174|    0.121961|   -0.228713|   -0.456296|
|          16|  2.5874e-01|   -4.975807|  -10.517784|    0.006922|   -0.264539|   -0.438482|
|          17|  2.5826e-01|   -4.997142|  -10.520023|   -0.048012|   -0.273910|   -0.401149|
|          18|  2.6334e-01|   -5.020542|  -10.525268|   -0.039658|   -0.257309|   -0.347186|
|          19|  2.6683e-01|   -5.045015|  -10.531823|    0.032469|   -0.216011|   -0.279649|
|          20|  2.6925e-01|   -5.066775|  -10.537445|    0.166484|   -0.151946|   -0.201773|
|          21|  2.7116e-01|   -5.080509|  -10.540674|    0.357848|   -0.067848|   -0.117228|
|          22|  2.7518e-01|   -5.082707|  -10.541206|    0.597656|    0.032066|   -0.030492|
|          23|  2.8193e-01|   -5.074607|  -10.539999|    0.871765|    0.141829|    0.053415|
|          24|  2.8467e-01|   -5.061760|  -10.537887|    1.162406|    0.254380|    0.129760|
|          25|  2.8638e-01|   -5.050816|  -10.535911|    1.450868|    0.362543|    0.194792|
|          26|  2.8679e-01|   -5.046915|  -10.533931|    1.719814|    0.459834|    0.245995|
|          27|  2.8753e-01|   -5.052973|  -10.531622|    1.954676|    0.540954|    0.282030|
|          28|  2.8789e-01|   -5.070070|  -10.527906|    2.144358|    0.602044|    0.302540|
|          29|  2.8834e-01|   -5.097799|  -10.522030|    2.281511|    0.640783|    0.307936|
|          30|  2.8802e-01|   -5.134292|  -10.513516|    2.362493|    0.656320|    0.299195|
|          31|  2.8709e-01|   -5.175718|  -10.502186|    2.386923|    0.649050|    0.277659|
|          32|  2.8645e-01|   -5.215909|  -10.488068|    2.356961|    0.620299|    0.244869|
|          33|  2.8620e-01|   -5.247342|  -10.471965|    2.277080|    0.572297|    0.202669|
|          34|  2.8623e-01|   -5.264505|  -10.454084|    2.154972|    0.508599|    0.153532|
|          35|  2.8752e-01|   -5.267879|  -10.434830|    2.002170|    0.434282|    0.100668|
|          36|  2.8698e-01|   -5.263868|  -10.414183|    1.832672|    0.355299|    0.047612|
|          37|  2.8688e-01|   -5.260328|  -10.392270|    1.660616|    0.277535|   -0.002282|
|          38|  2.8782e-01|   -5.262952|  -10.369595|    1.498567|    0.206127|   -0.046143|
|          39|  2.8765e-01|   -5.274630|  -10.346425|    1.356685|    0.145136|   -0.081686|
|          40|  2.8716e-01|   -5.296082|  -10.322662|    1.242421|    0.097417|   -0.107267|
|          41|  2.8682e-01|   -5.326330|  -10.298234|    1.160490|    0.064593|   -0.121916|
|          42|  2.8657e-01|   -5.362679|  -10.273155|    1.113020|    0.047120|   -0.125359|
|          43|  2.8824e-01|   -5.400504|  -10.247544|    1.099930|    0.044467|   -0.117964|
|          44|  2.8831e-01|   -5.433442|  -10.221771|    1.119647|    0.055445|   -0.100581|
|          45|  2.8850e-01|   -5.455019|  -10.195846|    1.169835|    0.078535|   -0.074415|
|          46|  2.8797e-01|   -5.462189|  -10.169558|    1.247316|    0.111881|   -0.041165|
|          47|  2.8745e-01|   -5.457605|  -10.142400|    1.347363|    0.153041|   -0.003193|
|          48|  2.8732e-01|   -5.447412|  -10.113949|    1.463482|    0.198991|    0.036589|
|          49|  2.8870e-01|   -5.437707|  -10.083709|    1.588057|    0.246435|    0.075124|
|          50|  2.9109e-01|   -5.432890|  -10.051360|    1.713311|    0.292204|    0.109644|
|          51|  2.9145e-01|   -5.435555|  -10.016799|    1.832043|    0.333530|    0.137947|
|          52|  2.9125e-01|   -5.446884|   -9.980073|    1.938110|    0.368209|    0.158558|
|          53|  2.9119e-01|   -5.467013|   -9.941264|    2.026713|    0.394673|    0.170760|
|          54|  2.9081e-01|   -5.495133|   -9.900518|    2.094563|    0.412010|    0.174548|
|          55|  2.9027e-01|   -5.529288|   -9.857956|    2.139910|    0.419923|    0.170508|
|          56|  2.8982e-01|   -5.565957|   -9.813494|    2.162419|    0.418630|    0.159639|
|          57|  2.8950e-01|   -5.599841|   -9.767053|    2.162835|    0.408706|    0.143151|
|          58|  2.8925e-01|   -5.624786|   -9.718537|    2.142601|    0.390943|    0.122327|
|          59|  2.8895e-01|   -5.636561|   -9.667866|    2.103849|    0.366402|    0.098554|
|          60|  2.8871e-01|   -5.635698|   -9.615015|    2.049800|    0.336580|    0.073399|
|          61|  2.8914e-01|   -5.627137|   -9.560094|    1.984933|    0.303452|    0.048541|
|          62|  2.8882e-01|   -5.617245|   -9.503324|    1.914576|    0.269278|    0.025584|
|          63|  2.8946e-01|   -5.611238|   -9.444952|    1.844220|    0.236334|    0.005879|
|          64|  2.8906e-01|   -5.612278|   -9.385283|    1.778901|    0.206667|   -0.009583|
|          65|  2.8903e-01|   -5.621647|   -9.324651|    1.722784|    0.181929|   -0.020191|
|          66|  2.8959e-01|   -5.639121|   -9.263368|    1.678941|    0.163288|   -0.025698|
|          67|  2.8973e-01|   -5.663157|   -9.201726|    1.649290|    0.151395|   -0.026180|
|          68|  2.8981e-01|   -5.690883|   -9.140049|    1.634664|    0.146422|   -0.021970|
|          69|  2.9088e-01|   -5.718173|   -9.078630|    1.634986|    0.148134|   -0.013589|
|          70|  2.9090e-01|   -5.740334|   -9.017897|    1.649478|    0.155992|   -0.001696|
|          71|  2.9123e-01|   -5.753786|   -8.958261|    1.676778|    0.169203|    0.012927|
|          72|  2.9234e-01|   -5.757955|   -8.900125|    1.714909|    0.186719|    0.029352|
|          73|  2.9390e-01|   -5.755591|   -8.843883|    1.761255|    0.207240|    0.046524|
|          74|  2.9412e-01|   -5.751056|   -8.789822|    1.812722|    0.229313|    0.063348|
|          75|  2.9434e-01|   -5.748409|   -8.738094|    1.866045|    0.251468|    0.078808|
|          76|  2.9425e-01|   -5.750517|   -8.688727|    1.918108|    0.272370|    0.092060|
|          77|  2.9496e-01|   -5.758954|   -8.641659|    1.966181|    0.290908|    0.102495|
|          78|  2.9474e-01|   -5.774190|   -8.596772|    2.008062|    0.306256|    0.109757|
|          79|  2.9457e-01|   -5.795748|   -8.553952|    2.042153|    0.317884|    0.113746|
|          80|  2.9488e-01|   -5.822233|   -8.513058|    2.067490|    0.325556|    0.114586|
|          81|  2.9477e-01|   -5.851260|   -8.473986|    2.083725|    0.329304|    0.112587|
|          82|  2.9534e-01|   -5.879490|   -8.436673|    2.091039|    0.329376|    0.108185|
|          83|  2.9544e-01|   -5.903085|   -8.401068|    2.090005|    0.326160|    0.101873|
|          84|  2.9525e-01|   -5.918899|   -8.367133|    2.081425|    0.320128|    0.094166|
|          85|  2.9536e-01|   -5.925954|   -8.334752|    2.066282|    0.311812|    0.085595|
|          86|  2.9636e-01|   -5.925977|   -8.303736|    2.045793|    0.301832|    0.076719|
|          87|  2.9737e-01|   -5.922384|   -8.273831|    2.021458|    0.290900|    0.068119|
|          88|  2.9711e-01|   -5.918723|   -8.244830|    1.994996|    0.279783|    0.060355|
|          89|  2.9672e-01|   -5.917650|   -8.216495|    1.968202|    0.269243|    0.053915|
|          90|  2.9725e-01|   -5.920561|   -8.188678|    1.942771|    0.259964|    0.049176|
|          91|  2.9698e-01|   -5.927577|   -8.161317|    1.920170|    0.252507|    0.046384|
|          92|  2.9697e-01|   -5.937644|   -8.134408|    1.901556|    0.247281|    0.045652|
|          93|  2.9695e-01|   -5.948721|   -8.107971|    1.887754|    0.244540|    0.046978|
|          94|  2.9719e-01|   -5.958156|   -8.082047|    1.879264|    0.244396|    0.050261|
|          95|  2.9679e-01|   -5.963378|   -8.056693|    1.876295|    0.246831|    0.055325|
|          96|  2.9674e-01|   -5.962838|   -8.031948|    1.878782|    0.251718|    0.061932|
|          97|  2.9713e-01|   -5.956670|   -8.007842|    1.886408|    0.258824|    0.069793|
|          98|  2.9700e-01|   -5.946607|   -7.984382|    1.898607|    0.267823|    0.078572|
|          99|  2.9672e-01|   -5.935180|   -7.961600|    1.914596|    0.278309|    0.087909|
|         100|  2.9691e-01|   -5.924854|   -7.939481|    1.933412|    0.289818|    0.097435|
|         101|  2.9813e-01|   -5.917528|   -7.917992|    1.953985|    0.301865|    0.106799|
|         102|  2.9880e-01|   -5.914387|   -7.897033|    1.975210|    0.313972|    0.115691|
|         103|  2.9862e-01|   -5.915968|   -7.876519|    1.996026|    0.325699|    0.123859|
|         104|  2.9850e-01|   -5.922296|   -7.856330|    2.015480|    0.336671|    0.131116|
|         105|  2.9820e-01|   -5.932970|   -7.836370|    2.032780|    0.346595|    0.137351|
|         106|  2.9853e-01|   -5.947219|   -7.816608|    2.047323|    0.355268|    0.142524|
|         107|  2.9881e-01|   -5.963984|   -7.797051|    2.058710|    0.362578|    0.146663|
|         108|  2.9864e-01|   -5.982021|   -7.777739|    2.066738|    0.368505|    0.149854|
|         109|  2.9868e-01|   -6.000010|   -7.758754|    2.071393|    0.373101|    0.152231|
|         110|  2.9865e-01|   -6.016780|   -7.740140|    2.072823|    0.376485|    0.153966|
|         111|  2.9935e-01|   -6.031484|   -7.721916|    2.071313|    0.378828|    0.155258|
|         112|  2.9921e-01|   -6.043640|   -7.704088|    2.067263|    0.380343|    0.156322|
|         113|  2.9943e-01|   -6.053216|   -7.686606|    2.061164|    0.381269|    0.157383|
|         114|  2.9960e-01|   -6.060391|   -7.669405|    2.053584|    0.381869|    0.158662|
|         115|  2.9937e-01|   -6.065407|   -7.652434|    2.045139|    0.382413|    0.160374|
|         116|  2.9915e-01|   -6.068424|   -7.635569|    2.036464|    0.383170|    0.162708|
|         117|  2.9935e-01|   -6.069362|   -7.618727|    2.028181|    0.384394|    0.165828|
|         118|  3.0010e-01|   -6.068083|   -7.601774|    2.020865|    0.386315|    0.169859|
|         119|  3.0090e-01|   -6.064358|   -7.584631|    2.015022|    0.389129|    0.174885|
|         120|  3.0100e-01|   -6.058114|   -7.567153|    2.011064|    0.392984|    0.180949|
|         121|  3.0072e-01|   -6.049498|   -7.549276|    2.009293|    0.397982|    0.188050|
|         122|  3.0039e-01|   -6.038865|   -7.530857|    2.009891|    0.404170|    0.196144|
|         123|  3.0012e-01|   -6.026828|   -7.512037|    2.012914|    0.411539|    0.205149|
|         124|  3.0001e-01|   -6.013990|   -7.492762|    2.018292|    0.420022|    0.214943|
|         125|  2.9988e-01|   -6.001010|   -7.473398|    2.025837|    0.429503|    0.225378|
|         126|  2.9959e-01|   -5.988328|   -7.454082|    2.035255|    0.439825|    0.236285|
|         127|  2.9972e-01|   -5.976284|   -7.435073|    2.046172|    0.450796|    0.247483|
|         128|  2.9987e-01|   -5.964978|   -7.416454|    2.058159|    0.462205|    0.258792|
|         129|  2.9969e-01|   -5.954407|   -7.398604|    2.070759|    0.473834|    0.270038|
|         130|  2.9958e-01|   -5.944416|   -7.381484|    2.083516|    0.485471|    0.281066|
|         131|  2.9960e-01|   -5.934816|   -7.365251|    2.096001|    0.496919|    0.291743|
|         132|  2.9941e-01|   -5.925370|   -7.349488|    2.107832|    0.508006|    0.301962|
|         133|  2.9942e-01|   -5.915899|   -7.334050|    2.118690|    0.518590|    0.311646|
|         134|  2.9979e-01|   -5.906228|   -7.319321|    2.128328|    0.528566|    0.320746|
|         135|  2.9972e-01|   -5.896265|   -7.305093|    2.136576|    0.537864|    0.329245|
|         136|  2.9975e-01|   -5.885932|   -7.291479|    2.143339|    0.546448|    0.337143|
|         137|  2.9960e-01|   -5.875221|   -7.278080|    2.148595|    0.554317|    0.344466|
|         138|  2.9953e-01|   -5.864169|   -7.265006|    2.152384|    0.561495|    0.351252|
|         139|  2.9967e-01|   -5.852821|   -7.252260|    2.154804|    0.568032|    0.357550|
|         140|  2.9975e-01|   -5.841254|   -7.239652|    2.155994|    0.573997|    0.363418|
|         141|  2.9966e-01|   -5.829546|   -7.227349|    2.156127|    0.579468|    0.368916|
|         142|  2.9955e-01|   -5.817778|   -7.215227|    2.155394|    0.584532|    0.374100|
|         143|  2.9985e-01|   -5.806041|   -7.203231|    2.153997|    0.589277|    0.379026|
|         144|  2.9996e-01|   -5.794402|   -7.191413|    2.152133|    0.593787|    0.383741|
|         145|  3.0008e-01|   -5.782945|   -7.179796|    2.149985|    0.598136|    0.388283|
|         146|  3.0015e-01|   -5.771768|   -7.168371|    2.147715|    0.602390|    0.392679|
|         147|  3.0002e-01|   -5.760940|   -7.157135|    2.145457|    0.606597|    0.396945|
|         148|  2.9992e-01|   -5.750541|   -7.146024|    2.143311|    0.610791|    0.401084|
|         149|  2.9982e-01|   -5.740679|   -7.135137|    2.141338|    0.614988|    0.405086|
|         150|  2.9975e-01|   -5.731425|   -7.124530|    2.139564|    0.619188|    0.408930|
|         151|  2.9947e-01|   -5.722833|   -7.114187|    2.137997|    0.623388|    0.412601|
|         152|  2.9958e-01|   -5.715010|   -7.103999|    2.136635|    0.627582|    0.416098|
|         153|  2.9955e-01|   -5.708005|   -7.094084|    2.135437|    0.631747|    0.419411|
|         154|  2.9966e-01|   -5.701800|   -7.084570|    2.134312|    0.635839|    0.422513|
|         155|  2.9948e-01|   -5.696361|   -7.075474|    2.133133|    0.639798|    0.425358|
|         156|  2.9948e-01|   -5.691708|   -7.066187|    2.131751|    0.643555|    0.427893|
|         157|  2.9929e-01|   -5.687856|   -7.056757|    2.130012|    0.647042|    0.430067|
|         158|  2.9931e-01|   -5.684801|   -7.047585|    2.127768|    0.650195|    0.431834|
|         159|  2.9935e-01|   -5.682540|   -7.038760|    2.124883|    0.652960|    0.433159|
|         160|  2.9908e-01|   -5.681128|   -7.030439|    2.121244|    0.655293|    0.434015|
|         161|  2.9924e-01|   -5.680592|   -7.022672|    2.116758|    0.657162|    0.434389|
|         162|  2.9897e-01|   -5.680905|   -7.015393|    2.111358|    0.658545|    0.434274|
|         163|  2.9888e-01|   -5.682017|   -7.008609|    2.105004|    0.659435|    0.433676|
|         164|  2.9894e-01|   -5.683866|   -7.002090|    2.097683|    0.659835|    0.432609|
|         165|  2.9879e-01|   -5.686436|   -6.995707|    2.089408|    0.659758|    0.431095|
|         166|  2.9855e-01|   -5.689654|   -6.989766|    2.080219|    0.659226|    0.429163|
|         167|  2.9848e-01|   -5.693411|   -6.984236|    2.070182|    0.658273|    0.426853|
|         168|  2.9834e-01|   -5.697579|   -6.978989|    2.059383|    0.656939|    0.424205|
|         169|  2.9819e-01|   -5.702032|   -6.974101|    2.047927|    0.655270|    0.421268|
|         170|  2.9833e-01|   -5.706668|   -6.969561|    2.035929|    0.653313|    0.418087|
|         171|  2.9810e-01|   -5.711438|   -6.965379|    2.023506|    0.651118|    0.414708|
|         172|  2.9811e-01|   -5.716284|   -6.961592|    2.010771|    0.648729|    0.411170|
|         173|  2.9809e-01|   -5.721194|   -6.958150|    1.997818|    0.646182|    0.407502|
|         174|  2.9788e-01|   -5.726200|   -6.955002|    1.984718|    0.643501|    0.403718|
|         175|  2.9768e-01|   -5.731386|   -6.952110|    1.971504|    0.640695|    0.399815|
|         176|  2.9777e-01|   -5.736887|   -6.949545|    1.958174|    0.637750|    0.395769|
|         177|  2.9779e-01|   -5.742869|   -6.947250|    1.944684|    0.634637|    0.391538|
|         178|  2.9768e-01|   -5.749499|   -6.945391|    1.930950|    0.631305|    0.387056|
|         179|  2.9746e-01|   -5.756843|   -6.943838|    1.916858|    0.627691|    0.382251|
|         180|  2.9756e-01|   -5.764825|   -6.942615|    1.902274|    0.623722|    0.377043|
|         181|  2.9756e-01|   -5.773164|   -6.941639|    1.887063|    0.619333|    0.371367|
|         182|  2.9783e-01|   -5.781334|   -6.940905|    1.871111|    0.614470|    0.365182|
|         183|  2.9772e-01|   -5.788578|   -6.940358|    1.854341|    0.609105|    0.358484|
|         184|  2.9757e-01|   -5.794054|   -6.939943|    1.836732|    0.603248|    0.351320|
|         185|  2.9736e-01|   -5.797110|   -6.939654|    1.818328|    0.596945|    0.343790|
|         186|  2.9721e-01|   -5.797625|   -6.939436|    1.799243|    0.590287|    0.336045|
|         187|  2.9706e-01|   -5.796168|   -6.939302|    1.779653|    0.583399|    0.328280|
|         188|  2.9708e-01|   -5.793856|   -6.939155|    1.759777|    0.576432|    0.320711|
|         189|  2.9709e-01|   -5.791991|   -6.939000|    1.739858|    0.569550|    0.313558|
|         190|  2.9708e-01|   -5.791621|   -6.938800|    1.720138|    0.562914|    0.307020|
|         191|  2.9688e-01|   -5.793234|   -6.938534|    1.700827|    0.556666|    0.301251|
|         192|  2.9675e-01|   -5.796673|   -6.938180|    1.682093|    0.550916|    0.296346|
|         193|  2.9673e-01|   -5.801261|   -6.937719|    1.664041|    0.545739|    0.292331|
|         194|  2.9728e-01|   -5.806088|   -6.937170|    1.646719|    0.541168|    0.289162|
|         195|  2.9722e-01|   -5.810310|   -6.936533|    1.630126|    0.537201|    0.286736|
|         196|  2.9725e-01|   -5.813379|   -6.935839|    1.614218|    0.533805|    0.284900|
|         197|  2.9719e-01|   -5.815113|   -6.935135|    1.598931|    0.530924|    0.283475|
|         198|  2.9707e-01|   -5.815604|   -6.934437|    1.584191|    0.528486|    0.282269|
|         199|  2.9711e-01|   -5.815111|   -6.933757|    1.569929|    0.526412|    0.281098|
|         200|  2.9709e-01|   -5.813943|   -6.933122|    1.556087|    0.524620|    0.279798|
|         201|  2.9700e-01|   -5.812388|   -6.932538|    1.542614|    0.523025|    0.278234|
|         202|  2.9721e-01|   -5.810686|   -6.932007|    1.529466|    0.521541|    0.276304|
|         203|  2.9711e-01|   -5.809021|   -6.931486|    1.516595|    0.520079|    0.273943|
|         204|  2.9701e-01|   -5.807533|   -6.930956|    1.503942|    0.518550|    0.271114|
|         205|  2.9713e-01|   -5.806323|   -6.930405|    1.491430|    0.516863|    0.267813|
|         206|  2.9725e-01|   -5.805461|   -6.929817|    1.478962|    0.514928|    0.264060|
|         207|  2.9719e-01|   -5.804995|   -6.929195|    1.466419|    0.512662|    0.259894|
|         208|  2.9708e-01|   -5.804975|   -6.928541|    1.453670|    0.509990|    0.255369|
|         209|  2.9739e-01|   -5.805432|   -6.927852|    1.440576|    0.506854|    0.250550|
|         210|  2.9784e-01|   -5.806399|   -6.927134|    1.426998|    0.503215|    0.245505|
|         211|  2.9769e-01|   -5.807925|   -6.926391|    1.412817|    0.499058|    0.240304|
|         212|  2.9767e-01|   -5.810076|   -6.925643|    1.397934|    0.494393|    0.235015|
|         213|  2.9763e-01|   -5.812930|   -6.924902|    1.382288|    0.489257|    0.229700|
|         214|  2.9785e-01|   -5.816571|   -6.924181|    1.365859|    0.483710|    0.224413|
|         215|  2.9774e-01|   -5.821077|   -6.923501|    1.348674|    0.477837|    0.219198|
|         216|  2.9768e-01|   -5.826510|   -6.922872|    1.330805|    0.471736|    0.214092|
|         217|  2.9793e-01|   -5.832897|   -6.922308|    1.312368|    0.465518|    0.209120|
|         218|  2.9806e-01|   -5.840219|   -6.921814|    1.293519|    0.459296|    0.204299|
|         219|  2.9824e-01|   -5.848399|   -6.921390|    1.274435|    0.453178|    0.199638|
|         220|  2.9820e-01|   -5.857297|   -6.921035|    1.255311|    0.447259|    0.195140|
|         221|  2.9808e-01|   -5.866711|   -6.920773|    1.236345|    0.441620|    0.190802|
|         222|  2.9800e-01|   -5.876371|   -6.920604|    1.217720|    0.436315|    0.186616|
|         223|  2.9795e-01|   -5.885944|   -6.920540|    1.199600|    0.431377|    0.182572|
|         224|  2.9784e-01|   -5.895071|   -6.920578|    1.182116|    0.426813|    0.178659|
|         225|  2.9772e-01|   -5.903382|   -6.920739|    1.165363|    0.422607|    0.174862|
|         226|  2.9768e-01|   -5.910530|   -6.921017|    1.149392|    0.418723|    0.171168|
|         227|  2.9756e-01|   -5.916224|   -6.921418|    1.134213|    0.415111|    0.167564|
|         228|  2.9757e-01|   -5.920272|   -6.921943|    1.119793|    0.411707|    0.164034|
|         229|  2.9777e-01|   -5.922590|   -6.922598|    1.106064|    0.408445|    0.160565|
|         230|  2.9768e-01|   -5.923209|   -6.923385|    1.092927|    0.405257|    0.157142|
|         231|  2.9754e-01|   -5.922251|   -6.924308|    1.080260|    0.402079|    0.153751|
|         232|  2.9776e-01|   -5.919917|   -6.925367|    1.067927|    0.398855|    0.150377|
|         233|  2.9764e-01|   -5.916440|   -6.926568|    1.055788|    0.395539|    0.147003|
|         234|  2.9754e-01|   -5.912058|   -6.927899|    1.043708|    0.392095|    0.143616|
|         235|  2.9739e-01|   -5.906985|   -6.929370|    1.031562|    0.388500|    0.140200|
|         236|  2.9730e-01|   -5.901410|   -6.930985|    1.019247|    0.384743|    0.136741|
|         237|  2.9718e-01|   -5.895477|   -6.932727|    1.006682|    0.380822|    0.133229|
|         238|  2.9717e-01|   -5.889292|   -6.934609|    0.993814|    0.376744|    0.129655|
|         239|  2.9708e-01|   -5.882935|   -6.936635|    0.980621|    0.372524|    0.126014|
|         240|  2.9719e-01|   -5.876460|   -6.938801|    0.967106|    0.368181|    0.122306|
|         241|  2.9738e-01|   -5.869899|   -6.941095|    0.953298|    0.363736|    0.118536|
|         242|  2.9733e-01|   -5.863279|   -6.943510|    0.939248|    0.359215|    0.114712|
|         243|  2.9753e-01|   -5.856632|   -6.946046|    0.925021|    0.354640|    0.110848|
|         244|  2.9755e-01|   -5.849979|   -6.948695|    0.910693|    0.350035|    0.106961|
|         245|  2.9741e-01|   -5.843344|   -6.951446|    0.896342|    0.345422|    0.103070|
|         246|  2.9733e-01|   -5.836748|   -6.954285|    0.882048|    0.340819|    0.099195|
|         247|  2.9732e-01|   -5.830220|   -6.957216|    0.867882|    0.336245|    0.095357|
|         248|  2.9720e-01|   -5.823773|   -6.960201|    0.853907|    0.331715|    0.091572|
|         249|  2.9711e-01|   -5.817412|   -6.963250|    0.840177|    0.327242|    0.087858|
|         250|  2.9711e-01|   -5.811147|   -6.966349|    0.826730|    0.322838|    0.084227|
+-----------------------------------------------------------------------+
|        File Writing Summary       |              Filename             |
+-----------------------------------------------------------------------+
|SU2 binary restart                 |restart_flow.dat                   |
|Paraview                           |flow.vtu                           |
|Paraview surface                   |surface_flow.vtu                   |
+-----------------------------------------------------------------------+
+------------------------------------------------------------------------------------------+
|  Inner_Iter|   Time(sec)|    rms[Rho]|     rms[nu]|          CL|          CD|         CMz|
+------------------------------------------------------------------------------------------+
|         251|  2.9767e-01|   -5.804969|   -6.969475|    0.813596|    0.318512|    0.080687|
|         252|  2.9778e-01|   -5.798865|   -6.972623|    0.800790|    0.314271|    0.077243|
|         253|  2.9784e-01|   -5.792820|   -6.975787|    0.788319|    0.310119|    0.073897|
|         254|  2.9806e-01|   -5.786814|   -6.978953|    0.776180|    0.306058|    0.070646|
|         255|  2.9802e-01|   -5.780816|   -6.982129|    0.764362|    0.302089|    0.067487|
|         256|  2.9787e-01|   -5.774800|   -6.985299|    0.752849|    0.298207|    0.064411|
|         257|  2.9783e-01|   -5.768741|   -6.988471|    0.741620|    0.294409|    0.061411|
|         258|  2.9776e-01|   -5.762601|   -6.991631|    0.730650|    0.290685|    0.058478|
|         259|  2.9779e-01|   -5.756356|   -6.994810|    0.719913|    0.287026|    0.055603|
|         260|  2.9789e-01|   -5.749978|   -6.997977|    0.709381|    0.283421|    0.052777|
|         261|  2.9783e-01|   -5.743436|   -7.001139|    0.699025|    0.279855|    0.049990|
|         262|  2.9808e-01|   -5.736710|   -7.004304|    0.688816|    0.276317|    0.047235|
|         263|  2.9861e-01|   -5.729778|   -7.007476|    0.678729|    0.272793|    0.044504|
|         264|  2.9870e-01|   -5.722614|   -7.010683|    0.668741|    0.269273|    0.041790|
|         265|  2.9866e-01|   -5.715215|   -7.013880|    0.658832|    0.265745|    0.039089|
|         266|  2.9855e-01|   -5.707562|   -7.017067|    0.648989|    0.262204|    0.036397|
|         267|  2.9843e-01|   -5.699649|   -7.020245|    0.639203|    0.258643|    0.033713|
|         268|  2.9831e-01|   -5.691482|   -7.023400|    0.629470|    0.255062|    0.031038|
|         269|  2.9818e-01|   -5.683055|   -7.026537|    0.619795|    0.251463|    0.028372|
|         270|  2.9806e-01|   -5.674375|   -7.029615|    0.610185|    0.247848|    0.025720|
|         271|  2.9796e-01|   -5.665445|   -7.032621|    0.600654|    0.244225|    0.023088|
|         272|  2.9798e-01|   -5.656274|   -7.035538|    0.591221|    0.240602|    0.020481|
|         273|  2.9785e-01|   -5.646875|   -7.038333|    0.581907|    0.236989|    0.017910|
|         274|  2.9809e-01|   -5.637248|   -7.040999|    0.572733|    0.233398|    0.015381|
|         275|  2.9817e-01|   -5.627416|   -7.043476|    0.563725|    0.229840|    0.012904|
|         276|  2.9817e-01|   -5.617382|   -7.045749|    0.554906|    0.226325|    0.010488|
|         277|  2.9805e-01|   -5.607163|   -7.047783|    0.546296|    0.222865|    0.008143|
|         278|  2.9792e-01|   -5.596769|   -7.049561|    0.537917|    0.219467|    0.005875|
|         279|  2.9781e-01|   -5.586212|   -7.051053|    0.529785|    0.216141|    0.003692|
|         280|  2.9790e-01|   -5.575510|   -7.052171|    0.521914|    0.212891|    0.001599|
|         281|  2.9801e-01|   -5.564676|   -7.052935|    0.514315|    0.209724|   -0.000398|
|         282|  2.9790e-01|   -5.553731|   -7.053312|    0.506997|    0.206644|   -0.002296|
|         283|  2.9815e-01|   -5.542688|   -7.053249|    0.499966|    0.203652|   -0.004091|
|         284|  2.9820e-01|   -5.531577|   -7.052719|    0.493228|    0.200751|   -0.005783|
|         285|  2.9810e-01|   -5.520413|   -7.051657|    0.486787|    0.197943|   -0.007368|
|         286|  2.9796e-01|   -5.509232|   -7.050091|    0.480646|    0.195229|   -0.008846|
|         287|  2.9792e-01|   -5.498056|   -7.048021|    0.474811|    0.192610|   -0.010216|
|         288|  2.9797e-01|   -5.486924|   -7.045371|    0.469289|    0.190089|   -0.011474|
|         289|  2.9792e-01|   -5.475866|   -7.042009|    0.464087|    0.187669|   -0.012619|
|         290|  2.9837e-01|   -5.464928|   -7.038110|    0.459216|    0.185353|   -0.013648|
|         291|  2.9848e-01|   -5.454151|   -7.033695|    0.454692|    0.183147|   -0.014555|
|         292|  2.9836e-01|   -5.443583|   -7.028603|    0.450530|    0.181058|   -0.015335|
|         293|  2.9834e-01|   -5.433271|   -7.022691|    0.446753|    0.179092|   -0.015982|
|         294|  2.9829e-01|   -5.423264|   -7.016262|    0.443383|    0.177260|   -0.016488|
|         295|  2.9821e-01|   -5.413621|   -7.009173|    0.440448|    0.175571|   -0.016844|
|         296|  2.9812e-01|   -5.404391|   -7.001498|    0.437980|    0.174039|   -0.017040|
|         297|  2.9836e-01|   -5.395634|   -6.993214|    0.436010|    0.172677|   -0.017065|
|         298|  2.9836e-01|   -5.387399|   -6.984348|    0.434575|    0.171498|   -0.016908|
|         299|  2.9827e-01|   -5.379738|   -6.974961|    0.433712|    0.170519|   -0.016558|
|         300|  2.9820e-01|   -5.372701|   -6.965011|    0.433459|    0.169754|   -0.016002|
|         301|  2.9810e-01|   -5.366329|   -6.954585|    0.433855|    0.169221|   -0.015230|
|         302|  2.9814e-01|   -5.360670|   -6.943775|    0.434939|    0.168934|   -0.014229|
|         303|  2.9815e-01|   -5.355755|   -6.932650|    0.436746|    0.168909|   -0.012992|
|         304|  2.9814e-01|   -5.351613|   -6.921240|    0.439309|    0.169161|   -0.011509|
|         305|  2.9828e-01|   -5.348269|   -6.909587|    0.442659|    0.169702|   -0.009774|
|         306|  2.9831e-01|   -5.345740|   -6.897869|    0.446817|    0.170542|   -0.007784|
|         307|  2.9827e-01|   -5.344035|   -6.886149|    0.451801|    0.171689|   -0.005536|
|         308|  2.9829e-01|   -5.343159|   -6.874480|    0.457617|    0.173147|   -0.003035|
|         309|  2.9832e-01|   -5.343109|   -6.863116|    0.464263|    0.174916|   -0.000284|
|         310|  2.9830e-01|   -5.343880|   -6.852031|    0.471725|    0.176993|    0.002705|
|         311|  2.9829e-01|   -5.345463|   -6.841470|    0.479977|    0.179369|    0.005919|
|         312|  2.9834e-01|   -5.347846|   -6.831487|    0.488982|    0.182030|    0.009339|
|         313|  2.9852e-01|   -5.351021|   -6.822096|    0.498690|    0.184957|    0.012945|
|         314|  2.9849e-01|   -5.354979|   -6.813592|    0.509041|    0.188129|    0.016711|
|         315|  2.9841e-01|   -5.359715|   -6.805885|    0.519964|    0.191518|    0.020609|
|         316|  2.9837e-01|   -5.365228|   -6.799271|    0.531381|    0.195095|    0.024609|
|         317|  2.9834e-01|   -5.371524|   -6.793699|    0.543209|    0.198827|    0.028680|
|         318|  2.9843e-01|   -5.378611|   -6.789277|    0.555360|    0.202680|    0.032791|
|         319|  2.9837e-01|   -5.386498|   -6.785903|    0.567749|    0.206621|    0.036911|
|         320|  2.9842e-01|   -5.395194|   -6.783559|    0.580291|    0.210616|    0.041012|
|         321|  2.9865e-01|   -5.404700|   -6.782093|    0.592909|    0.214634|    0.045068|
|         322|  2.9859e-01|   -5.415003|   -6.781581|    0.605530|    0.218646|    0.049055|
|         323|  2.9857e-01|   -5.426077|   -6.781878|    0.618093|    0.222628|    0.052956|
|         324|  2.9870e-01|   -5.437873|   -6.782777|    0.630547|    0.226557|    0.056755|
|         325|  2.9900e-01|   -5.450315|   -6.784086|    0.642854|    0.230418|    0.060443|
|         326|  2.9900e-01|   -5.463295|   -6.785726|    0.654984|    0.234199|    0.064014|
|         327|  2.9903e-01|   -5.476674|   -6.787462|    0.666924|    0.237892|    0.067468|
|         328|  2.9906e-01|   -5.490283|   -6.789316|    0.678665|    0.241494|    0.070808|
|         329|  2.9901e-01|   -5.503926|   -6.790977|    0.690213|    0.245006|    0.074040|
|         330|  2.9889e-01|   -5.517386|   -6.792487|    0.701578|    0.248431|    0.077172|
|         331|  2.9895e-01|   -5.530434|   -6.793615|    0.712775|    0.251777|    0.080216|
|         332|  2.9896e-01|   -5.542847|   -6.794482|    0.723826|    0.255051|    0.083183|
|         333|  2.9887e-01|   -5.554414|   -6.794949|    0.734753|    0.258264|    0.086085|
|         334|  2.9876e-01|   -5.564961|   -6.794940|    0.745578|    0.261424|    0.088935|
|         335|  2.9889e-01|   -5.574356|   -6.794515|    0.756324|    0.264543|    0.091746|
|         336|  2.9882e-01|   -5.582526|   -6.793682|    0.767010|    0.267630|    0.094527|
|         337|  2.9875e-01|   -5.589443|   -6.792377|    0.777655|    0.270694|    0.097289|
|         338|  2.9877e-01|   -5.595146|   -6.790689|    0.788270|    0.273743|    0.100040|
|         339|  2.9886e-01|   -5.599730|   -6.788780|    0.798865|    0.276781|    0.102784|
|         340|  2.9877e-01|   -5.603328|   -6.786507|    0.809445|    0.279814|    0.105527|
|         341|  2.9871e-01|   -5.606106|   -6.784150|    0.820010|    0.282842|    0.108269|
|         342|  2.9868e-01|   -5.608246|   -6.781823|    0.830556|    0.285866|    0.111011|
|         343|  2.9875e-01|   -5.609935|   -6.779207|    0.841074|    0.288884|    0.113749|
|         344|  2.9893e-01|   -5.611356|   -6.776672|    0.851552|    0.291890|    0.116481|
|         345|  2.9919e-01|   -5.612686|   -6.774358|    0.861973|    0.294880|    0.119200|
|         346|  2.9912e-01|   -5.614079|   -6.772363|    0.872319|    0.297847|    0.121898|
|         347|  2.9911e-01|   -5.615676|   -6.770846|    0.882568|    0.300782|    0.124570|
|         348|  2.9911e-01|   -5.617597|   -6.769419|    0.892698|    0.303677|    0.127205|
|         349|  2.9904e-01|   -5.619943|   -6.768009|    0.902686|    0.306523|    0.129795|
|         350|  2.9899e-01|   -5.622798|   -6.767084|    0.912509|    0.309310|    0.132333|
|         351|  2.9891e-01|   -5.626230|   -6.766876|    0.922146|    0.312031|    0.134810|
|         352|  2.9898e-01|   -5.630290|   -6.767382|    0.931575|    0.314678|    0.137219|
|         353|  2.9890e-01|   -5.635018|   -6.768804|    0.940778|    0.317243|    0.139554|
|         354|  2.9883e-01|   -5.640441|   -6.771141|    0.949739|    0.319720|    0.141810|
|         355|  2.9885e-01|   -5.646578|   -6.773953|    0.958444|    0.322105|    0.143983|
|         356|  2.9879e-01|   -5.653438|   -6.777450|    0.966882|    0.324394|    0.146069|
|         357|  2.9875e-01|   -5.661026|   -6.781582|    0.975045|    0.326584|    0.148068|
|         358|  2.9883e-01|   -5.669337|   -6.786373|    0.982927|    0.328675|    0.149979|
|         359|  2.9892e-01|   -5.678363|   -6.791943|    0.990525|    0.330667|    0.151803|
|         360|  2.9887e-01|   -5.688088|   -6.798278|    0.997838|    0.332560|    0.153541|
|         361|  2.9882e-01|   -5.698495|   -6.805557|    1.004868|    0.334357|    0.155195|
|         362|  2.9871e-01|   -5.709560|   -6.813747|    1.011620|    0.336061|    0.156770|
|         363|  2.9862e-01|   -5.721256|   -6.822931|    1.018099|    0.337674|    0.158269|
|         364|  2.9862e-01|   -5.733550|   -6.833119|    1.024313|    0.339203|    0.159696|
|         365|  2.9844e-01|   -5.746404|   -6.843759|    1.030270|    0.340651|    0.161056|
|         366|  2.9823e-01|   -5.759778|   -6.854982|    1.035980|    0.342024|    0.162354|
|         367|  2.9800e-01|   -5.773623|   -6.866708|    1.041454|    0.343326|    0.163593|
|         368|  2.9776e-01|   -5.787887|   -6.878808|    1.046702|    0.344564|    0.164779|
|         369|  2.9751e-01|   -5.802511|   -6.891261|    1.051734|    0.345741|    0.165917|
|         370|  2.9726e-01|   -5.817429|   -6.904172|    1.056561|    0.346862|    0.167008|
|         371|  2.9701e-01|   -5.832569|   -6.917444|    1.061191|    0.347932|    0.168058|
|         372|  2.9675e-01|   -5.847849|   -6.931110|    1.065634|    0.348955|    0.169069|
|         373|  2.9648e-01|   -5.863198|   -6.945160|    1.069897|    0.349934|    0.170043|
|         374|  2.9622e-01|   -5.878523|   -6.959466|    1.073985|    0.350871|    0.170981|
|         375|  2.9597e-01|   -5.893730|   -6.973787|    1.077905|    0.351769|    0.171886|
|         376|  2.9572e-01|   -5.908727|   -6.988083|    1.081660|    0.352630|    0.172757|
|         377|  2.9546e-01|   -5.923421|   -7.002139|    1.085254|    0.353454|    0.173595|
|         378|  2.9520e-01|   -5.937721|   -7.015757|    1.088687|    0.354242|    0.174399|
|         379|  2.9495e-01|   -5.951543|   -7.028848|    1.091963|    0.354994|    0.175170|
|         380|  2.9470e-01|   -5.964816|   -7.041222|    1.095080|    0.355710|    0.175906|
|         381|  2.9445e-01|   -5.977480|   -7.052722|    1.098039|    0.356390|    0.176606|
|         382|  2.9420e-01|   -5.989492|   -7.063348|    1.100840|    0.357034|    0.177269|
|         383|  2.9395e-01|   -6.000828|   -7.073073|    1.103482|    0.357640|    0.177894|
|         384|  2.9370e-01|   -6.011487|   -7.081896|    1.105966|    0.358208|    0.178480|
|         385|  2.9347e-01|   -6.021483|   -7.089664|    1.108290|    0.358738|    0.179026|
|         386|  2.9323e-01|   -6.030854|   -7.096454|    1.110456|    0.359228|    0.179532|
|         387|  2.9299e-01|   -6.039652|   -7.102448|    1.112463|    0.359679|    0.179995|
|         388|  2.9275e-01|   -6.047943|   -7.107704|    1.114313|    0.360091|    0.180417|
|         389|  2.9251e-01|   -6.055803|   -7.112188|    1.116008|    0.360464|    0.180796|
|         390|  2.9226e-01|   -6.063314|   -7.116135|    1.117550|    0.360798|    0.181133|
|         391|  2.9202e-01|   -6.070560|   -7.119618|    1.118942|    0.361093|    0.181428|
|         392|  2.9178e-01|   -6.077621|   -7.122679|    1.120187|    0.361352|    0.181682|
|         393|  2.9154e-01|   -6.084574|   -7.125373|    1.121290|    0.361575|    0.181894|
|         394|  2.9131e-01|   -6.091490|   -7.127790|    1.122254|    0.361762|    0.182068|
|         395|  2.9108e-01|   -6.098427|   -7.129846|    1.123086|    0.361917|    0.182202|
|         396|  2.9084e-01|   -6.105429|   -7.131736|    1.123789|    0.362040|    0.182300|
|         397|  2.9062e-01|   -6.112528|   -7.133416|    1.124370|    0.362134|    0.182362|
|         398|  2.9038e-01|   -6.119742|   -7.134905|    1.124834|    0.362200|    0.182390|
|         399|  2.9015e-01|   -6.127068|   -7.136272|    1.125187|    0.362241|    0.182386|
|         400|  2.8993e-01|   -6.134492|   -7.137534|    1.125435|    0.362259|    0.182353|
|         401|  2.8970e-01|   -6.141980|   -7.138662|    1.125585|    0.362255|    0.182292|
|         402|  2.8947e-01|   -6.149480|   -7.139684|    1.125641|    0.362232|    0.182205|
|         403|  2.8925e-01|   -6.156927|   -7.140624|    1.125610|    0.362193|    0.182094|
|         404|  2.8902e-01|   -6.164240|   -7.141470|    1.125496|    0.362140|    0.181963|
|         405|  2.8881e-01|   -6.171323|   -7.142261|    1.125307|    0.362074|    0.181812|
|         406|  2.8858e-01|   -6.178073|   -7.142860|    1.125046|    0.361998|    0.181646|
|         407|  2.8836e-01|   -6.184383|   -7.143310|    1.124719|    0.361914|    0.181464|
|         408|  2.8814e-01|   -6.190144|   -7.143731|    1.124331|    0.361825|    0.181271|
|         409|  2.8792e-01|   -6.195252|   -7.144047|    1.123887|    0.361731|    0.181068|
|         410|  2.8771e-01|   -6.199613|   -7.144287|    1.123389|    0.361635|    0.180857|
|         411|  2.8749e-01|   -6.203151|   -7.144413|    1.122844|    0.361538|    0.180641|
|         412|  2.8727e-01|   -6.205812|   -7.144392|    1.122255|    0.361442|    0.180421|
|         413|  2.8706e-01|   -6.207566|   -7.144289|    1.121624|    0.361350|    0.180200|
|         414|  2.8684e-01|   -6.208412|   -7.144116|    1.120957|    0.361261|    0.179979|
|         415|  2.8663e-01|   -6.208375|   -7.143879|    1.120256|    0.361177|    0.179760|
|         416|  2.8643e-01|   -6.207511|   -7.143549|    1.119523|    0.361100|    0.179544|
|         417|  2.8622e-01|   -6.205895|   -7.143126|    1.118763|    0.361029|    0.179334|
|         418|  2.8600e-01|   -6.203622|   -7.142666|    1.117978|    0.360968|    0.179131|
|         419|  2.8579e-01|   -6.200802|   -7.142169|    1.117169|    0.360915|    0.178936|
|         420|  2.8558e-01|   -6.197555|   -7.141625|    1.116340|    0.360871|    0.178750|
|         421|  2.8538e-01|   -6.194004|   -7.140977|    1.115493|    0.360837|    0.178574|
|         422|  2.8518e-01|   -6.190271|   -7.140329|    1.114629|    0.360814|    0.178411|
|         423|  2.8498e-01|   -6.186478|   -7.139641|    1.113750|    0.360801|    0.178259|
|         424|  2.8478e-01|   -6.182737|   -7.138922|    1.112857|    0.360798|    0.178121|
|         425|  2.8457e-01|   -6.179158|   -7.138196|    1.111952|    0.360805|    0.177996|
|         426|  2.8437e-01|   -6.175838|   -7.137474|    1.111036|    0.360822|    0.177885|
|         427|  2.8417e-01|   -6.172869|   -7.136753|    1.110109|    0.360848|    0.177788|
|         428|  2.8397e-01|   -6.170334|   -7.136095|    1.109172|    0.360883|    0.177705|
|         429|  2.8377e-01|   -6.168309|   -7.135484|    1.108225|    0.360925|    0.177637|
|         430|  2.8357e-01|   -6.166861|   -7.134934|    1.107268|    0.360974|    0.177582|
|         431|  2.8337e-01|   -6.166053|   -7.134408|    1.106301|    0.361028|    0.177541|
|         432|  2.8318e-01|   -6.165940|   -7.133976|    1.105324|    0.361087|    0.177512|
|         433|  2.8299e-01|   -6.166572|   -7.133619|    1.104335|    0.361149|    0.177495|
|         434|  2.8279e-01|   -6.167994|   -7.133320|    1.103334|    0.361212|    0.177489|
|         435|  2.8260e-01|   -6.170247|   -7.133094|    1.102321|    0.361275|    0.177492|
|         436|  2.8241e-01|   -6.173367|   -7.132964|    1.101294|    0.361337|    0.177504|
|         437|  2.8222e-01|   -6.177382|   -7.132918|    1.100252|    0.361396|    0.177523|
|         438|  2.8203e-01|   -6.182319|   -7.132941|    1.099195|    0.361450|    0.177548|
|         439|  2.8183e-01|   -6.188197|   -7.133044|    1.098120|    0.361497|    0.177577|
|         440|  2.8164e-01|   -6.195027|   -7.133246|    1.097026|    0.361537|    0.177608|
|         441|  2.8145e-01|   -6.202814|   -7.133492|    1.095912|    0.361567|    0.177640|
|         442|  2.8126e-01|   -6.211550|   -7.133804|    1.094778|    0.361586|    0.177671|
|         443|  2.8108e-01|   -6.221218|   -7.134173|    1.093621|    0.361593|    0.177699|
|         444|  2.8089e-01|   -6.231785|   -7.134588|    1.092440|    0.361586|    0.177723|
|         445|  2.8071e-01|   -6.243198|   -7.135037|    1.091234|    0.361563|    0.177740|
|         446|  2.8052e-01|   -6.255385|   -7.135511|    1.090003|    0.361525|    0.177749|
|         447|  2.8037e-01|   -6.268248|   -7.136008|    1.088744|    0.361469|    0.177747|
|         448|  2.8024e-01|   -6.281659|   -7.136495|    1.087456|    0.361394|    0.177734|
|         449|  2.8010e-01|   -6.295460|   -7.136966|    1.086139|    0.361299|    0.177706|
|         450|  2.7996e-01|   -6.309455|   -7.137410|    1.084790|    0.361183|    0.177662|
|         451|  2.7983e-01|   -6.323417|   -7.137816|    1.083410|    0.361045|    0.177600|
|         452|  2.7970e-01|   -6.337087|   -7.138177|    1.081996|    0.360885|    0.177519|
|         453|  2.7957e-01|   -6.350182|   -7.138481|    1.080547|    0.360700|    0.177416|
|         454|  2.7944e-01|   -6.362412|   -7.138713|    1.079063|    0.360491|    0.177289|
|         455|  2.7931e-01|   -6.373498|   -7.138887|    1.077543|    0.360257|    0.177137|
|         456|  2.7916e-01|   -6.383195|   -7.138987|    1.075985|    0.359997|    0.176959|
|         457|  2.7899e-01|   -6.391317|   -7.139004|    1.074388|    0.359710|    0.176753|
|         458|  2.7883e-01|   -6.397756|   -7.138933|    1.072751|    0.359396|    0.176517|
|         459|  2.7866e-01|   -6.402498|   -7.138789|    1.071073|    0.359054|    0.176250|
|         460|  2.7849e-01|   -6.405622|   -7.138554|    1.069353|    0.358684|    0.175952|
|         461|  2.7833e-01|   -6.407294|   -7.138274|    1.067590|    0.358285|    0.175622|
|         462|  2.7817e-01|   -6.407746|   -7.137936|    1.065784|    0.357859|    0.175258|
|         463|  2.7800e-01|   -6.407255|   -7.137543|    1.063935|    0.357404|    0.174862|
|         464|  2.7784e-01|   -6.406112|   -7.137110|    1.062042|    0.356922|    0.174433|
|         465|  2.7768e-01|   -6.404609|   -7.136647|    1.060105|    0.356412|    0.173972|
|         466|  2.7752e-01|   -6.403018|   -7.136168|    1.058125|    0.355876|    0.173478|
|         467|  2.7736e-01|   -6.401580|   -7.135684|    1.056103|    0.355314|    0.172955|
|         468|  2.7720e-01|   -6.400502|   -7.135209|    1.054040|    0.354727|    0.172402|
|         469|  2.7704e-01|   -6.399954|   -7.134751|    1.051939|    0.354118|    0.171822|
|         470|  2.7687e-01|   -6.400072|   -7.134320|    1.049801|    0.353488|    0.171216|
|         471|  2.7671e-01|   -6.400956|   -7.133938|    1.047629|    0.352838|    0.170588|
|         472|  2.7656e-01|   -6.402681|   -7.133588|    1.045427|    0.352172|    0.169940|
|         473|  2.7640e-01|   -6.405292|   -7.133273|    1.043199|    0.351490|    0.169275|
|         474|  2.7624e-01|   -6.408816|   -7.133014|    1.040948|    0.350797|    0.168595|
|         475|  2.7609e-01|   -6.413262|   -7.132823|    1.038680|    0.350095|    0.167905|
|         476|  2.7595e-01|   -6.418618|   -7.132688|    1.036398|    0.349386|    0.167207|
|         477|  2.7579e-01|   -6.424865|   -7.132617|    1.034109|    0.348674|    0.166506|
|         478|  2.7564e-01|   -6.431965|   -7.132606|    1.031818|    0.347962|    0.165803|
|         479|  2.7549e-01|   -6.439873|   -7.132653|    1.029529|    0.347252|    0.165103|
|         480|  2.7534e-01|   -6.448529|   -7.132756|    1.027248|    0.346548|    0.164408|
|         481|  2.7518e-01|   -6.457863|   -7.132911|    1.024981|    0.345852|    0.163721|
|         482|  2.7503e-01|   -6.467793|   -7.133135|    1.022733|    0.345167|    0.163046|
|         483|  2.7488e-01|   -6.478223|   -7.133427|    1.020507|    0.344495|    0.162383|
|         484|  2.7473e-01|   -6.489046|   -7.133778|    1.018310|    0.343839|    0.161735|
|         485|  2.7459e-01|   -6.500140|   -7.134154|    1.016144|    0.343199|    0.161104|
|         486|  2.7444e-01|   -6.511371|   -7.134584|    1.014012|    0.342578|    0.160491|
|         487|  2.7430e-01|   -6.522592|   -7.135028|    1.011919|    0.341976|    0.159897|
|         488|  2.7415e-01|   -6.533645|   -7.135503|    1.009865|    0.341395|    0.159321|
|         489|  2.7400e-01|   -6.544362|   -7.136031|    1.007852|    0.340833|    0.158765|
|         490|  2.7385e-01|   -6.554571|   -7.136590|    1.005880|    0.340293|    0.158228|
|         491|  2.7371e-01|   -6.564099|   -7.137174|    1.003950|    0.339771|    0.157708|
|         492|  2.7357e-01|   -6.572782|   -7.137780|    1.002059|    0.339269|    0.157206|
|         493|  2.7342e-01|   -6.580466|   -7.138383|    1.000207|    0.338784|    0.156718|
|         494|  2.7328e-01|   -6.587022|   -7.139029|    0.998392|    0.338314|    0.156245|
|         495|  2.7316e-01|   -6.592346|   -7.139695|    0.996609|    0.337859|    0.155783|
|         496|  2.7304e-01|   -6.596367|   -7.140357|    0.994855|    0.337415|    0.155332|
|         497|  2.7290e-01|   -6.599053|   -7.141035|    0.993127|    0.336981|    0.154888|
|         498|  2.7276e-01|   -6.600407|   -7.141743|    0.991419|    0.336554|    0.154449|
|         499|  2.7261e-01|   -6.600468|   -7.142501|    0.989728|    0.336132|    0.154013|
|         500|  2.7247e-01|   -6.599305|   -7.143288|    0.988048|    0.335712|    0.153578|
+-----------------------------------------------------------------------+
|        File Writing Summary       |              Filename             |
+-----------------------------------------------------------------------+
|SU2 binary restart                 |restart_flow.dat                   |
|Paraview                           |flow.vtu                           |
|Paraview surface                   |surface_flow.vtu                   |
+-----------------------------------------------------------------------+
+------------------------------------------------------------------------------------------+
|  Inner_Iter|   Time(sec)|    rms[Rho]|     rms[nu]|          CL|          CD|         CMz|
+------------------------------------------------------------------------------------------+
|         501|  2.7248e-01|   -6.597012|   -7.144086|    0.986375|    0.335292|    0.153141|
|         502|  2.7234e-01|   -6.593700|   -7.144895|    0.984703|    0.334869|    0.152700|
|         503|  2.7221e-01|   -6.589490|   -7.145763|    0.983029|    0.334441|    0.152253|
|         504|  2.7208e-01|   -6.584507|   -7.146650|    0.981347|    0.334006|    0.151799|
|         505|  2.7196e-01|   -6.578875|   -7.147534|    0.979654|    0.333562|    0.151336|
|         506|  2.7183e-01|   -6.572713|   -7.148416|    0.977947|    0.333108|    0.150861|
|         507|  2.7170e-01|   -6.566128|   -7.149279|    0.976221|    0.332642|    0.150375|
|         508|  2.7159e-01|   -6.559221|   -7.150145|    0.974475|    0.332163|    0.149876|
|         509|  2.7146e-01|   -6.552080|   -7.151054|    0.972705|    0.331670|    0.149363|
|         510|  2.7135e-01|   -6.544782|   -7.151951|    0.970912|    0.331163|    0.148837|
|         511|  2.7122e-01|   -6.537394|   -7.152831|    0.969092|    0.330640|    0.148296|
|         512|  2.7110e-01|   -6.529974|   -7.153767|    0.967246|    0.330103|    0.147741|
|         513|  2.7098e-01|   -6.522571|   -7.154759|    0.965374|    0.329550|    0.147171|
|         514|  2.7086e-01|   -6.515227|   -7.155780|    0.963475|    0.328983|    0.146588|
|         515|  2.7077e-01|   -6.507977|   -7.156811|    0.961550|    0.328401|    0.145992|
|         516|  2.7065e-01|   -6.500850|   -7.157866|    0.959600|    0.327806|    0.145384|
|         517|  2.7054e-01|   -6.493871|   -7.158932|    0.957626|    0.327197|    0.144764|
|         518|  2.7043e-01|   -6.487060|   -7.160020|    0.955630|    0.326577|    0.144134|
|         519|  2.7031e-01|   -6.480436|   -7.161152|    0.953613|    0.325946|    0.143494|
|         520|  2.7019e-01|   -6.474011|   -7.162278|    0.951577|    0.325305|    0.142845|
|         521|  2.7008e-01|   -6.467797|   -7.163418|    0.949524|    0.324655|    0.142190|
|         522|  2.6997e-01|   -6.461803|   -7.164553|    0.947456|    0.323997|    0.141528|
|         523|  2.6985e-01|   -6.456037|   -7.165760|    0.945375|    0.323332|    0.140861|
|         524|  2.6974e-01|   -6.450506|   -7.166944|    0.943282|    0.322662|    0.140190|
|         525|  2.6963e-01|   -6.445213|   -7.168146|    0.941180|    0.321988|    0.139516|
|         526|  2.6951e-01|   -6.440162|   -7.169317|    0.939070|    0.321309|    0.138840|
|         527|  2.6939e-01|   -6.435356|   -7.170468|    0.936954|    0.320628|    0.138163|
|         528|  2.6928e-01|   -6.430796|   -7.171657|    0.934833|    0.319946|    0.137486|
|         529|  2.6918e-01|   -6.426482|   -7.172876|    0.932709|    0.319262|    0.136809|
|         530|  2.6907e-01|   -6.422413|   -7.174111|    0.930582|    0.318578|    0.136134|
|         531|  2.6897e-01|   -6.418588|   -7.175353|    0.928454|    0.317894|    0.135460|
|         532|  2.6885e-01|   -6.415005|   -7.176608|    0.926327|    0.317211|    0.134788|
|         533|  2.6873e-01|   -6.411659|   -7.177877|    0.924199|    0.316528|    0.134118|
|         534|  2.6862e-01|   -6.408548|   -7.179157|    0.922074|    0.315848|    0.133452|
|         535|  2.6851e-01|   -6.405665|   -7.180455|    0.919949|    0.315168|    0.132788|
|         536|  2.6839e-01|   -6.403006|   -7.181808|    0.917827|    0.314491|    0.132128|
|         537|  2.6827e-01|   -6.400564|   -7.183128|    0.915708|    0.313816|    0.131470|
|         538|  2.6814e-01|   -6.398331|   -7.184436|    0.913592|    0.313143|    0.130816|
|         539|  2.6803e-01|   -6.396299|   -7.185787|    0.911478|    0.312472|    0.130166|
|         540|  2.6791e-01|   -6.394461|   -7.187128|    0.909368|    0.311803|    0.129518|
|         541|  2.6779e-01|   -6.392805|   -7.188497|    0.907260|    0.311136|    0.128874|
|         542|  2.6767e-01|   -6.391323|   -7.189850|    0.905156|    0.310471|    0.128232|
|         543|  2.6756e-01|   -6.390003|   -7.191191|    0.903056|    0.309808|    0.127593|
|         544|  2.6744e-01|   -6.388835|   -7.192561|    0.900958|    0.309147|    0.126957|
|         545|  2.6732e-01|   -6.387806|   -7.193916|    0.898863|    0.308487|    0.126323|
|         546|  2.6721e-01|   -6.386904|   -7.195196|    0.896772|    0.307829|    0.125692|
|         547|  2.6709e-01|   -6.386118|   -7.196431|    0.894684|    0.307173|    0.125063|
|         548|  2.6698e-01|   -6.385435|   -7.197631|    0.892599|    0.306518|    0.124436|
|         549|  2.6688e-01|   -6.384842|   -7.198966|    0.890517|    0.305864|    0.123811|
|         550|  2.6677e-01|   -6.384326|   -7.200275|    0.888438|    0.305212|    0.123187|
|         551|  2.6666e-01|   -6.383874|   -7.201564|    0.886362|    0.304560|    0.122566|
|         552|  2.6656e-01|   -6.383474|   -7.202914|    0.884290|    0.303910|    0.121945|
|         553|  2.6644e-01|   -6.383114|   -7.204243|    0.882220|    0.303260|    0.121327|
|         554|  2.6633e-01|   -6.382781|   -7.205577|    0.880154|    0.302612|    0.120710|
|         555|  2.6622e-01|   -6.382464|   -7.206959|    0.878092|    0.301964|    0.120094|
|         556|  2.6611e-01|   -6.382152|   -7.208357|    0.876033|    0.301317|    0.119479|
|         557|  2.6600e-01|   -6.381835|   -7.209793|    0.873978|    0.300672|    0.118866|
|         558|  2.6589e-01|   -6.381503|   -7.211274|    0.871928|    0.300027|    0.118254|
|         559|  2.6579e-01|   -6.381148|   -7.212700|    0.869882|    0.299383|    0.117643|
|         560|  2.6568e-01|   -6.380762|   -7.214103|    0.867840|    0.298741|    0.117034|
|         561|  2.6557e-01|   -6.380338|   -7.215593|    0.865804|    0.298099|    0.116426|
|         562|  2.6547e-01|   -6.379871|   -7.217085|    0.863773|    0.297459|    0.115819|
|         563|  2.6539e-01|   -6.379356|   -7.218613|    0.861748|    0.296820|    0.115213|
|         564|  2.6529e-01|   -6.378788|   -7.220138|    0.859729|    0.296182|    0.114609|
|         565|  2.6519e-01|   -6.378165|   -7.221607|    0.857716|    0.295545|    0.114007|
|         566|  2.6508e-01|   -6.377483|   -7.223184|    0.855710|    0.294910|    0.113406|
|         567|  2.6497e-01|   -6.376740|   -7.224751|    0.853711|    0.294276|    0.112806|
|         568|  2.6486e-01|   -6.375937|   -7.226347|    0.851719|    0.293644|    0.112208|
|         569|  2.6475e-01|   -6.375070|   -7.227885|    0.849735|    0.293013|    0.111612|
|         570|  2.6465e-01|   -6.374140|   -7.229438|    0.847759|    0.292384|    0.111017|
|         571|  2.6455e-01|   -6.373147|   -7.231025|    0.845790|    0.291756|    0.110424|
|         572|  2.6444e-01|   -6.372091|   -7.232538|    0.843830|    0.291130|    0.109833|
|         573|  2.6433e-01|   -6.370972|   -7.234080|    0.841878|    0.290506|    0.109243|
|         574|  2.6424e-01|   -6.369791|   -7.235634|    0.839935|    0.289884|    0.108656|
|         575|  2.6413e-01|   -6.368550|   -7.237092|    0.838001|    0.289263|    0.108069|
|         576|  2.6403e-01|   -6.367248|   -7.238661|    0.836075|    0.288644|    0.107485|
|         577|  2.6392e-01|   -6.365889|   -7.240205|    0.834158|    0.288027|    0.106902|
|         578|  2.6385e-01|   -6.364473|   -7.241748|    0.832251|    0.287412|    0.106322|
|         579|  2.6376e-01|   -6.363001|   -7.243271|    0.830352|    0.286798|    0.105743|
|         580|  2.6366e-01|   -6.361476|   -7.244765|    0.828463|    0.286187|    0.105166|
|         581|  2.6356e-01|   -6.359900|   -7.246323|    0.826583|    0.285577|    0.104590|
|         582|  2.6345e-01|   -6.358274|   -7.247872|    0.824713|    0.284969|    0.104017|
|         583|  2.6335e-01|   -6.356600|   -7.249405|    0.822852|    0.284363|    0.103445|
|         584|  2.6325e-01|   -6.354881|   -7.250931|    0.821000|    0.283759|    0.102876|
|         585|  2.6315e-01|   -6.353119|   -7.252456|    0.819158|    0.283157|    0.102308|
|         586|  2.6305e-01|   -6.351316|   -7.253912|    0.817325|    0.282557|    0.101742|
|         587|  2.6295e-01|   -6.349475|   -7.255382|    0.815502|    0.281959|    0.101178|
|         588|  2.6285e-01|   -6.347598|   -7.256792|    0.813688|    0.281362|    0.100617|
|         589|  2.6275e-01|   -6.345687|   -7.258257|    0.811884|    0.280768|    0.100057|
|         590|  2.6265e-01|   -6.343747|   -7.259777|    0.810090|    0.280176|    0.099499|
|         591|  2.6256e-01|   -6.341778|   -7.261334|    0.808305|    0.279586|    0.098944|
|         592|  2.6248e-01|   -6.339785|   -7.262859|    0.806530|    0.278998|    0.098390|
|         593|  2.6239e-01|   -6.337771|   -7.264414|    0.804765|    0.278412|    0.097839|
|         594|  2.6229e-01|   -6.335738|   -7.266000|    0.803010|    0.277828|    0.097290|
|         595|  2.6219e-01|   -6.333690|   -7.267512|    0.801265|    0.277247|    0.096743|
|         596|  2.6210e-01|   -6.331632|   -7.269079|    0.799530|    0.276667|    0.096199|
|         597|  2.6201e-01|   -6.329566|   -7.270687|    0.797806|    0.276090|    0.095657|
|         598|  2.6190e-01|   -6.327496|   -7.272297|    0.796091|    0.275515|    0.095117|
|         599|  2.6181e-01|   -6.325426|   -7.273913|    0.794387|    0.274943|    0.094580|
|         600|  2.6171e-01|   -6.323359|   -7.275601|    0.792693|    0.274373|    0.094046|
|         601|  2.6161e-01|   -6.321301|   -7.277242|    0.791010|    0.273806|    0.093514|
|         602|  2.6153e-01|   -6.319254|   -7.278820|    0.789337|    0.273241|    0.092985|
|         603|  2.6146e-01|   -6.317221|   -7.280431|    0.787675|    0.272678|    0.092458|
|         604|  2.6139e-01|   -6.315208|   -7.282123|    0.786025|    0.272119|    0.091934|
|         605|  2.6129e-01|   -6.313216|   -7.283758|    0.784384|    0.271562|    0.091414|
|         606|  2.6120e-01|   -6.311249|   -7.285388|    0.782756|    0.271008|    0.090896|
|         607|  2.6111e-01|   -6.309310|   -7.287044|    0.781138|    0.270456|    0.090381|
|         608|  2.6104e-01|   -6.307402|   -7.288708|    0.779531|    0.269908|    0.089869|
|         609|  2.6095e-01|   -6.305528|   -7.290378|    0.777936|    0.269362|    0.089359|
|         610|  2.6085e-01|   -6.303689|   -7.292110|    0.776352|    0.268819|    0.088853|
|         611|  2.6076e-01|   -6.301887|   -7.293832|    0.774779|    0.268280|    0.088350|
|         612|  2.6070e-01|   -6.300125|   -7.295518|    0.773218|    0.267743|    0.087850|
|         613|  2.6061e-01|   -6.298403|   -7.297159|    0.771669|    0.267209|    0.087353|
|         614|  2.6053e-01|   -6.296722|   -7.298732|    0.770131|    0.266679|    0.086858|
|         615|  2.6043e-01|   -6.295082|   -7.300529|    0.768605|    0.266151|    0.086367|
|         616|  2.6034e-01|   -6.293484|   -7.302198|    0.767090|    0.265626|    0.085878|
|         617|  2.6025e-01|   -6.291928|   -7.303791|    0.765587|    0.265105|    0.085393|
|         618|  2.6015e-01|   -6.290414|   -7.305397|    0.764095|    0.264586|    0.084910|
|         619|  2.6006e-01|   -6.288940|   -7.306950|    0.762615|    0.264070|    0.084430|
|         620|  2.5997e-01|   -6.287505|   -7.308253|    0.761147|    0.263557|    0.083952|
|         621|  2.5988e-01|   -6.286110|   -7.309840|    0.759690|    0.263047|    0.083478|
|         622|  2.5979e-01|   -6.284752|   -7.311363|    0.758244|    0.262540|    0.083005|
|         623|  2.5970e-01|   -6.283431|   -7.312900|    0.756810|    0.262036|    0.082536|
|         624|  2.5961e-01|   -6.282146|   -7.314473|    0.755388|    0.261535|    0.082069|
|         625|  2.5952e-01|   -6.280894|   -7.316089|    0.753976|    0.261036|    0.081604|
|         626|  2.5943e-01|   -6.279674|   -7.317750|    0.752576|    0.260541|    0.081142|
|         627|  2.5935e-01|   -6.278486|   -7.319426|    0.751187|    0.260048|    0.080683|
|         628|  2.5927e-01|   -6.277327|   -7.321036|    0.749809|    0.259557|    0.080225|
|         629|  2.5918e-01|   -6.276197|   -7.322716|    0.748442|    0.259070|    0.079770|
|         630|  2.5909e-01|   -6.275094|   -7.324456|    0.747087|    0.258585|    0.079318|
|         631|  2.5900e-01|   -6.274016|   -7.326199|    0.745742|    0.258102|    0.078867|
|         632|  2.5891e-01|   -6.272962|   -7.327947|    0.744409|    0.257623|    0.078419|
|         633|  2.5883e-01|   -6.271933|   -7.329684|    0.743087|    0.257146|    0.077974|
|         634|  2.5874e-01|   -6.270925|   -7.331420|    0.741776|    0.256672|    0.077530|
|         635|  2.5865e-01|   -6.269939|   -7.333166|    0.740476|    0.256201|    0.077090|
|         636|  2.5857e-01|   -6.268974|   -7.334978|    0.739188|    0.255732|    0.076651|
|         637|  2.5848e-01|   -6.268029|   -7.336752|    0.737912|    0.255267|    0.076216|
|         638|  2.5839e-01|   -6.267103|   -7.338528|    0.736647|    0.254804|    0.075782|
|         639|  2.5831e-01|   -6.266197|   -7.340213|    0.735393|    0.254344|    0.075352|
|         640|  2.5823e-01|   -6.265310|   -7.341990|    0.734152|    0.253888|    0.074924|
|         641|  2.5815e-01|   -6.264442|   -7.343922|    0.732923|    0.253434|    0.074499|
|         642|  2.5808e-01|   -6.263593|   -7.345866|    0.731705|    0.252984|    0.074076|
|         643|  2.5801e-01|   -6.262764|   -7.347771|    0.730499|    0.252537|    0.073657|
|         644|  2.5793e-01|   -6.261955|   -7.349699|    0.729306|    0.252093|    0.073240|
|         645|  2.5784e-01|   -6.261167|   -7.351587|    0.728125|    0.251652|    0.072826|
|         646|  2.5776e-01|   -6.260400|   -7.353356|    0.726956|    0.251215|    0.072416|
|         647|  2.5767e-01|   -6.259655|   -7.355133|    0.725799|    0.250781|    0.072008|
|         648|  2.5759e-01|   -6.258932|   -7.356922|    0.724655|    0.250350|    0.071603|
|         649|  2.5750e-01|   -6.258233|   -7.358646|    0.723523|    0.249923|    0.071202|
|         650|  2.5744e-01|   -6.257557|   -7.360281|    0.722403|    0.249500|    0.070803|
|         651|  2.5735e-01|   -6.256905|   -7.362042|    0.721296|    0.249080|    0.070408|
|         652|  2.5727e-01|   -6.256279|   -7.363757|    0.720201|    0.248663|    0.070016|
|         653|  2.5718e-01|   -6.255678|   -7.365407|    0.719119|    0.248250|    0.069627|
|         654|  2.5711e-01|   -6.255103|   -7.367172|    0.718050|    0.247841|    0.069242|
|         655|  2.5702e-01|   -6.254555|   -7.368935|    0.716992|    0.247435|    0.068859|
|         656|  2.5694e-01|   -6.254033|   -7.370777|    0.715948|    0.247033|    0.068481|
|         657|  2.5685e-01|   -6.253539|   -7.372552|    0.714916|    0.246635|    0.068105|
|         658|  2.5677e-01|   -6.253073|   -7.374292|    0.713896|    0.246240|    0.067733|
|         659|  2.5669e-01|   -6.252635|   -7.375996|    0.712889|    0.245849|    0.067363|
|         660|  2.5661e-01|   -6.252224|   -7.377895|    0.711894|    0.245462|    0.066998|
|         661|  2.5653e-01|   -6.251840|   -7.379742|    0.710912|    0.245078|    0.066635|
|         662|  2.5644e-01|   -6.251484|   -7.381580|    0.709942|    0.244698|    0.066276|
|         663|  2.5636e-01|   -6.251154|   -7.383429|    0.708985|    0.244321|    0.065921|
|         664|  2.5628e-01|   -6.250851|   -7.385275|    0.708039|    0.243949|    0.065568|
|         665|  2.5621e-01|   -6.250572|   -7.387105|    0.707107|    0.243579|    0.065219|
|         666|  2.5612e-01|   -6.250317|   -7.388902|    0.706186|    0.243214|    0.064874|
|         667|  2.5604e-01|   -6.250085|   -7.390667|    0.705278|    0.242852|    0.064532|
|         668|  2.5596e-01|   -6.249875|   -7.392393|    0.704382|    0.242494|    0.064193|
|         669|  2.5588e-01|   -6.249687|   -7.394091|    0.703498|    0.242140|    0.063857|
|         670|  2.5580e-01|   -6.249518|   -7.395812|    0.702626|    0.241789|    0.063525|
|         671|  2.5572e-01|   -6.249368|   -7.397470|    0.701767|    0.241442|    0.063196|
|         672|  2.5563e-01|   -6.249236|   -7.399103|    0.700919|    0.241098|    0.062870|
|         673|  2.5556e-01|   -6.249122|   -7.400712|    0.700084|    0.240759|    0.062548|
|         674|  2.5548e-01|   -6.249026|   -7.402315|    0.699261|    0.240422|    0.062228|
|         675|  2.5540e-01|   -6.248946|   -7.403862|    0.698450|    0.240090|    0.061913|
|         676|  2.5533e-01|   -6.248884|   -7.405382|    0.697651|    0.239761|    0.061600|
|         677|  2.5525e-01|   -6.248839|   -7.406928|    0.696864|    0.239435|    0.061291|
|         678|  2.5518e-01|   -6.248811|   -7.408432|    0.696088|    0.239114|    0.060985|
|         679|  2.5509e-01|   -6.248801|   -7.409956|    0.695325|    0.238795|    0.060682|
|         680|  2.5502e-01|   -6.248809|   -7.411534|    0.694574|    0.238481|    0.060383|
|         681|  2.5497e-01|   -6.248836|   -7.413109|    0.693834|    0.238170|    0.060087|
|         682|  2.5492e-01|   -6.248881|   -7.414701|    0.693107|    0.237862|    0.059794|
|         683|  2.5487e-01|   -6.248946|   -7.416289|    0.692391|    0.237558|    0.059504|
|         684|  2.5479e-01|   -6.249030|   -7.417900|    0.691687|    0.237258|    0.059218|
|         685|  2.5472e-01|   -6.249133|   -7.419521|    0.690996|    0.236961|    0.058935|
|         686|  2.5464e-01|   -6.249255|   -7.421179|    0.690316|    0.236668|    0.058655|
|         687|  2.5456e-01|   -6.249396|   -7.422827|    0.689648|    0.236379|    0.058379|
|         688|  2.5448e-01|   -6.249556|   -7.424412|    0.688992|    0.236094|    0.058106|
|         689|  2.5441e-01|   -6.249733|   -7.425887|    0.688349|    0.235812|    0.057836|
|         690|  2.5433e-01|   -6.249927|   -7.427452|    0.687717|    0.235534|    0.057570|
|         691|  2.5426e-01|   -6.250138|   -7.428990|    0.687098|    0.235259|    0.057307|
|         692|  2.5418e-01|   -6.250365|   -7.430502|    0.686491|    0.234988|    0.057047|
|         693|  2.5411e-01|   -6.250606|   -7.432001|    0.685896|    0.234721|    0.056791|
|         694|  2.5403e-01|   -6.250862|   -7.433494|    0.685313|    0.234457|    0.056537|
|         695|  2.5396e-01|   -6.251130|   -7.434986|    0.684742|    0.234197|    0.056287|
|         696|  2.5388e-01|   -6.251411|   -7.436482|    0.684183|    0.233941|    0.056040|
|         697|  2.5381e-01|   -6.251703|   -7.437981|    0.683636|    0.233688|    0.055796|
|         698|  2.5373e-01|   -6.252007|   -7.439523|    0.683101|    0.233439|    0.055555|
|         699|  2.5366e-01|   -6.252320|   -7.441020|    0.682578|    0.233193|    0.055318|
|         700|  2.5358e-01|   -6.252643|   -7.442473|    0.682066|    0.232951|    0.055083|
|         701|  2.5351e-01|   -6.252975|   -7.443902|    0.681567|    0.232713|    0.054851|
|         702|  2.5344e-01|   -6.253315|   -7.445168|    0.681080|    0.232478|    0.054623|
|         703|  2.5336e-01|   -6.253664|   -7.446540|    0.680604|    0.232246|    0.054398|
|         704|  2.5329e-01|   -6.254020|   -7.447903|    0.680140|    0.232018|    0.054175|
|         705|  2.5322e-01|   -6.254383|   -7.449371|    0.679688|    0.231793|    0.053956|
|         706|  2.5315e-01|   -6.254753|   -7.450770|    0.679248|    0.231572|    0.053740|
|         707|  2.5307e-01|   -6.255130|   -7.452137|    0.678819|    0.231354|    0.053527|
|         708|  2.5300e-01|   -6.255513|   -7.453482|    0.678402|    0.231140|    0.053317|
|         709|  2.5293e-01|   -6.255902|   -7.454802|    0.677997|    0.230929|    0.053110|
|         710|  2.5286e-01|   -6.256297|   -7.456103|    0.677603|    0.230722|    0.052906|
|         711|  2.5278e-01|   -6.256698|   -7.457391|    0.677222|    0.230518|    0.052705|
|         712|  2.5271e-01|   -6.257105|   -7.458667|    0.676852|    0.230318|    0.052507|
|         713|  2.5264e-01|   -6.257519|   -7.459826|    0.676493|    0.230121|    0.052312|
|         714|  2.5258e-01|   -6.257940|   -7.461083|    0.676147|    0.229928|    0.052121|
|         715|  2.5250e-01|   -6.258367|   -7.462334|    0.675812|    0.229738|    0.051932|
|         716|  2.5243e-01|   -6.258802|   -7.463557|    0.675489|    0.229552|    0.051747|
|         717|  2.5236e-01|   -6.259245|   -7.464768|    0.675177|    0.229369|    0.051565|
|         718|  2.5229e-01|   -6.259697|   -7.465970|    0.674877|    0.229190|    0.051385|
|         719|  2.5222e-01|   -6.260157|   -7.467162|    0.674588|    0.229014|    0.051209|
|         720|  2.5215e-01|   -6.260626|   -7.468335|    0.674311|    0.228842|    0.051036|
|         721|  2.5208e-01|   -6.261105|   -7.469479|    0.674045|    0.228673|    0.050866|
|         722|  2.5202e-01|   -6.261593|   -7.470591|    0.673791|    0.228508|    0.050700|
|         723|  2.5194e-01|   -6.262091|   -7.471668|    0.673548|    0.228346|    0.050536|
|         724|  2.5188e-01|   -6.262600|   -7.472712|    0.673317|    0.228188|    0.050376|
|         725|  2.5180e-01|   -6.263119|   -7.473729|    0.673097|    0.228033|    0.050218|
|         726|  2.5174e-01|   -6.263649|   -7.474726|    0.672888|    0.227881|    0.050064|
|         727|  2.5167e-01|   -6.264190|   -7.475739|    0.672691|    0.227733|    0.049913|
|         728|  2.5160e-01|   -6.264740|   -7.476655|    0.672504|    0.227589|    0.049764|
|         729|  2.5154e-01|   -6.265302|   -7.477521|    0.672329|    0.227448|    0.049619|
|         730|  2.5147e-01|   -6.265873|   -7.478354|    0.672165|    0.227310|    0.049478|
|         731|  2.5139e-01|   -6.266455|   -7.479048|    0.672012|    0.227176|    0.049339|
|         732|  2.5133e-01|   -6.267047|   -7.479878|    0.671870|    0.227045|    0.049203|
|         733|  2.5126e-01|   -6.267650|   -7.480693|    0.671739|    0.226918|    0.049070|
|         734|  2.5122e-01|   -6.268262|   -7.481454|    0.671619|    0.226794|    0.048941|
|         735|  2.5115e-01|   -6.268885|   -7.482195|    0.671510|    0.226673|    0.048814|
|         736|  2.5108e-01|   -6.269519|   -7.482915|    0.671412|    0.226556|    0.048691|
|         737|  2.5102e-01|   -6.270163|   -7.483613|    0.671324|    0.226442|    0.048570|
|         738|  2.5095e-01|   -6.270819|   -7.484290|    0.671247|    0.226332|    0.048453|
|         739|  2.5090e-01|   -6.271487|   -7.484947|    0.671181|    0.226224|    0.048339|
|         740|  2.5083e-01|   -6.272167|   -7.485587|    0.671125|    0.226121|    0.048227|
|         741|  2.5077e-01|   -6.272861|   -7.486209|    0.671080|    0.226020|    0.048119|
|         742|  2.5070e-01|   -6.273569|   -7.486814|    0.671046|    0.225923|    0.048014|
|         743|  2.5063e-01|   -6.274292|   -7.487402|    0.671022|    0.225829|    0.047911|
|         744|  2.5057e-01|   -6.275030|   -7.487975|    0.671008|    0.225738|    0.047812|
|         745|  2.5050e-01|   -6.275785|   -7.488530|    0.671005|    0.225650|    0.047716|
|         746|  2.5044e-01|   -6.276555|   -7.489069|    0.671012|    0.225566|    0.047622|
|         747|  2.5037e-01|   -6.277344|   -7.489588|    0.671029|    0.225485|    0.047532|
|         748|  2.5031e-01|   -6.278149|   -7.490084|    0.671056|    0.225408|    0.047445|
|         749|  2.5025e-01|   -6.278973|   -7.490557|    0.671094|    0.225333|    0.047361|
|         750|  2.5018e-01|   -6.279815|   -7.491005|    0.671142|    0.225262|    0.047279|
+-----------------------------------------------------------------------+
|        File Writing Summary       |              Filename             |
+-----------------------------------------------------------------------+
|SU2 binary restart                 |restart_flow.dat                   |
|Paraview                           |flow.vtu                           |
|Paraview surface                   |surface_flow.vtu                   |
+-----------------------------------------------------------------------+
+------------------------------------------------------------------------------------------+
|  Inner_Iter|   Time(sec)|    rms[Rho]|     rms[nu]|          CL|          CD|         CMz|
+------------------------------------------------------------------------------------------+
|         751|  2.5021e-01|   -6.280676|   -7.491430|    0.671201|    0.225194|    0.047201|
|         752|  2.5015e-01|   -6.281555|   -7.491828|    0.671269|    0.225130|    0.047126|
|         753|  2.5009e-01|   -6.282453|   -7.492190|    0.671348|    0.225069|    0.047053|
|         754|  2.5004e-01|   -6.283370|   -7.492529|    0.671437|    0.225011|    0.046984|
|         755|  2.4998e-01|   -6.284305|   -7.492859|    0.671536|    0.224956|    0.046917|
|         756|  2.4992e-01|   -6.285259|   -7.493171|    0.671645|    0.224904|    0.046853|
|         757|  2.4986e-01|   -6.286229|   -7.493462|    0.671763|    0.224856|    0.046793|
|         758|  2.4982e-01|   -6.287217|   -7.493732|    0.671892|    0.224811|    0.046735|
|         759|  2.4977e-01|   -6.288222|   -7.493980|    0.672031|    0.224769|    0.046680|
|         760|  2.4972e-01|   -6.289242|   -7.494219|    0.672180|    0.224730|    0.046627|
|         761|  2.4966e-01|   -6.290278|   -7.494443|    0.672338|    0.224694|    0.046578|
|         762|  2.4961e-01|   -6.291329|   -7.494692|    0.672506|    0.224661|    0.046531|
|         763|  2.4956e-01|   -6.292395|   -7.494868|    0.672684|    0.224631|    0.046487|
|         764|  2.4951e-01|   -6.293475|   -7.495018|    0.672871|    0.224605|    0.046446|
|         765|  2.4946e-01|   -6.294570|   -7.495147|    0.673067|    0.224581|    0.046407|
|         766|  2.4940e-01|   -6.295679|   -7.495255|    0.673273|    0.224561|    0.046371|
|         767|  2.4935e-01|   -6.296801|   -7.495347|    0.673489|    0.224543|    0.046338|
|         768|  2.4930e-01|   -6.297939|   -7.495423|    0.673713|    0.224528|    0.046308|
|         769|  2.4924e-01|   -6.299090|   -7.495450|    0.673947|    0.224516|    0.046280|
|         770|  2.4918e-01|   -6.300256|   -7.495481|    0.674190|    0.224508|    0.046254|
|         771|  2.4913e-01|   -6.301437|   -7.495521|    0.674442|    0.224502|    0.046232|
|         772|  2.4908e-01|   -6.302633|   -7.495536|    0.674704|    0.224499|    0.046211|
|         773|  2.4904e-01|   -6.303845|   -7.495533|    0.674974|    0.224499|    0.046194|
|         774|  2.4900e-01|   -6.305071|   -7.495514|    0.675254|    0.224502|    0.046179|
|         775|  2.4897e-01|   -6.306314|   -7.495476|    0.675542|    0.224508|    0.046167|
|         776|  2.4894e-01|   -6.307572|   -7.495420|    0.675840|    0.224516|    0.046157|
|         777|  2.4890e-01|   -6.308846|   -7.495345|    0.676146|    0.224528|    0.046150|
|         778|  2.4886e-01|   -6.310136|   -7.495252|    0.676462|    0.224543|    0.046146|
|         779|  2.4880e-01|   -6.311443|   -7.495141|    0.676786|    0.224560|    0.046144|
|         780|  2.4874e-01|   -6.312766|   -7.495013|    0.677120|    0.224581|    0.046145|
|         781|  2.4868e-01|   -6.314106|   -7.494868|    0.677462|    0.224604|    0.046148|
|         782|  2.4862e-01|   -6.315462|   -7.494705|    0.677813|    0.224630|    0.046154|
|         783|  2.4857e-01|   -6.316836|   -7.494523|    0.678173|    0.224659|    0.046163|
|         784|  2.4851e-01|   -6.318227|   -7.494327|    0.678541|    0.224691|    0.046174|
|         785|  2.4845e-01|   -6.319634|   -7.494120|    0.678918|    0.224726|    0.046187|
|         786|  2.4839e-01|   -6.321059|   -7.493899|    0.679304|    0.224763|    0.046203|
|         787|  2.4833e-01|   -6.322500|   -7.493662|    0.679698|    0.224804|    0.046222|
|         788|  2.4828e-01|   -6.323958|   -7.493410|    0.680101|    0.224847|    0.046243|
|         789|  2.4822e-01|   -6.325433|   -7.493144|    0.680512|    0.224892|    0.046266|
|         790|  2.4817e-01|   -6.326923|   -7.492865|    0.680931|    0.224941|    0.046292|
|         791|  2.4811e-01|   -6.328430|   -7.492572|    0.681358|    0.224992|    0.046320|
|         792|  2.4806e-01|   -6.329953|   -7.492265|    0.681793|    0.225045|    0.046350|
|         793|  2.4802e-01|   -6.331490|   -7.491945|    0.682237|    0.225102|    0.046383|
|         794|  2.4797e-01|   -6.333042|   -7.491612|    0.682688|    0.225161|    0.046418|
|         795|  2.4791e-01|   -6.334609|   -7.491265|    0.683147|    0.225222|    0.046455|
|         796|  2.4786e-01|   -6.336189|   -7.490905|    0.683614|    0.225287|    0.046495|
|         797|  2.4783e-01|   -6.337783|   -7.490532|    0.684089|    0.225353|    0.046537|
|         798|  2.4778e-01|   -6.339391|   -7.490147|    0.684572|    0.225423|    0.046581|
|         799|  2.4773e-01|   -6.341012|   -7.489749|    0.685062|    0.225494|    0.046628|
|         800|  2.4768e-01|   -6.342646|   -7.489339|    0.685559|    0.225569|    0.046676|
|         801|  2.4763e-01|   -6.344293|   -7.488917|    0.686064|    0.225645|    0.046727|
|         802|  2.4757e-01|   -6.345953|   -7.488484|    0.686577|    0.225724|    0.046780|
|         803|  2.4752e-01|   -6.347626|   -7.488039|    0.687097|    0.225806|    0.046836|
|         804|  2.4747e-01|   -6.349311|   -7.487583|    0.687624|    0.225890|    0.046893|
|         805|  2.4741e-01|   -6.351010|   -7.487116|    0.688158|    0.225977|    0.046953|
|         806|  2.4736e-01|   -6.352721|   -7.486638|    0.688699|    0.226066|    0.047015|
|         807|  2.4731e-01|   -6.354446|   -7.486151|    0.689248|    0.226157|    0.047079|
|         808|  2.4725e-01|   -6.356185|   -7.485653|    0.689804|    0.226251|    0.047145|
|         809|  2.4721e-01|   -6.357938|   -7.485146|    0.690366|    0.226347|    0.047213|
|         810|  2.4716e-01|   -6.359704|   -7.484630|    0.690936|    0.226445|    0.047284|
|         811|  2.4710e-01|   -6.361485|   -7.484105|    0.691512|    0.226546|    0.047356|
|         812|  2.4705e-01|   -6.363281|   -7.483571|    0.692096|    0.226650|    0.047431|
|         813|  2.4700e-01|   -6.365093|   -7.483030|    0.692686|    0.226755|    0.047508|
|         814|  2.4696e-01|   -6.366919|   -7.482482|    0.693284|    0.226863|    0.047587|
|         815|  2.4691e-01|   -6.368762|   -7.481927|    0.693887|    0.226974|    0.047668|
|         816|  2.4686e-01|   -6.370621|   -7.481364|    0.694498|    0.227086|    0.047752|
|         817|  2.4681e-01|   -6.372496|   -7.480795|    0.695115|    0.227201|    0.047837|
|         818|  2.4675e-01|   -6.374386|   -7.480219|    0.695739|    0.227319|    0.047925|
|         819|  2.4672e-01|   -6.376293|   -7.479638|    0.696370|    0.227438|    0.048014|
|         820|  2.4668e-01|   -6.378217|   -7.479052|    0.697007|    0.227560|    0.048106|
|         821|  2.4663e-01|   -6.380156|   -7.478463|    0.697650|    0.227684|    0.048199|
|         822|  2.4658e-01|   -6.382111|   -7.477870|    0.698300|    0.227811|    0.048295|
|         823|  2.4652e-01|   -6.384083|   -7.477274|    0.698956|    0.227940|    0.048393|
|         824|  2.4647e-01|   -6.386070|   -7.476674|    0.699619|    0.228070|    0.048492|
|         825|  2.4642e-01|   -6.388073|   -7.476070|    0.700287|    0.228203|    0.048593|
|         826|  2.4636e-01|   -6.390091|   -7.475463|    0.700962|    0.228338|    0.048697|
|         827|  2.4631e-01|   -6.392125|   -7.474852|    0.701642|    0.228476|    0.048802|
|         828|  2.4626e-01|   -6.394173|   -7.474239|    0.702329|    0.228615|    0.048909|
|         829|  2.4620e-01|   -6.396235|   -7.473623|    0.703021|    0.228756|    0.049018|
|         830|  2.4615e-01|   -6.398311|   -7.473002|    0.703719|    0.228900|    0.049128|
|         831|  2.4610e-01|   -6.400400|   -7.472379|    0.704423|    0.229045|    0.049241|
|         832|  2.4607e-01|   -6.402502|   -7.471760|    0.705133|    0.229193|    0.049355|
|         833|  2.4602e-01|   -6.404616|   -7.471143|    0.705848|    0.229342|    0.049471|
|         834|  2.4598e-01|   -6.406741|   -7.470527|    0.706568|    0.229493|    0.049588|
|         835|  2.4595e-01|   -6.408878|   -7.469911|    0.707294|    0.229646|    0.049708|
|         836|  2.4593e-01|   -6.411026|   -7.469297|    0.708025|    0.229802|    0.049828|
|         837|  2.4590e-01|   -6.413184|   -7.468685|    0.708762|    0.229959|    0.049951|
|         838|  2.4588e-01|   -6.415353|   -7.468074|    0.709503|    0.230117|    0.050075|
|         839|  2.4586e-01|   -6.417533|   -7.467466|    0.710250|    0.230278|    0.050201|
|         840|  2.4583e-01|   -6.419723|   -7.466858|    0.711002|    0.230441|    0.050328|
|         841|  2.4581e-01|   -6.421923|   -7.466248|    0.711759|    0.230605|    0.050457|
|         842|  2.4576e-01|   -6.424133|   -7.465638|    0.712521|    0.230771|    0.050588|
|         843|  2.4571e-01|   -6.426355|   -7.465029|    0.713288|    0.230939|    0.050720|
|         844|  2.4566e-01|   -6.428588|   -7.464433|    0.714060|    0.231109|    0.050854|
|         845|  2.4561e-01|   -6.430832|   -7.463850|    0.714836|    0.231280|    0.050989|
|         846|  2.4556e-01|   -6.433088|   -7.463267|    0.715617|    0.231453|    0.051126|
|         847|  2.4551e-01|   -6.435356|   -7.462685|    0.716403|    0.231628|    0.051264|
|         848|  2.4546e-01|   -6.437635|   -7.462103|    0.717194|    0.231804|    0.051404|
|         849|  2.4541e-01|   -6.439927|   -7.461522|    0.717989|    0.231983|    0.051545|
|         850|  2.4536e-01|   -6.442230|   -7.460940|    0.718789|    0.232163|    0.051688|
|         851|  2.4531e-01|   -6.444546|   -7.460357|    0.719593|    0.232344|    0.051832|
|         852|  2.4526e-01|   -6.446873|   -7.459779|    0.720402|    0.232528|    0.051978|
|         853|  2.4521e-01|   -6.449213|   -7.459206|    0.721215|    0.232713|    0.052125|
|         854|  2.4516e-01|   -6.451565|   -7.458630|    0.722033|    0.232899|    0.052274|
|         855|  2.4511e-01|   -6.453929|   -7.458049|    0.722855|    0.233088|    0.052424|
|         856|  2.4506e-01|   -6.456305|   -7.457464|    0.723681|    0.233277|    0.052575|
|         857|  2.4502e-01|   -6.458694|   -7.456875|    0.724511|    0.233469|    0.052728|
|         858|  2.4497e-01|   -6.461095|   -7.456298|    0.725346|    0.233662|    0.052882|
|         859|  2.4492e-01|   -6.463508|   -7.455725|    0.726184|    0.233856|    0.053038|
|         860|  2.4487e-01|   -6.465933|   -7.455142|    0.727026|    0.234052|    0.053195|
|         861|  2.4482e-01|   -6.468371|   -7.454552|    0.727873|    0.234250|    0.053353|
|         862|  2.4477e-01|   -6.470821|   -7.453956|    0.728723|    0.234449|    0.053512|
|         863|  2.4472e-01|   -6.473283|   -7.453359|    0.729576|    0.234649|    0.053673|
|         864|  2.4467e-01|   -6.475757|   -7.452760|    0.730434|    0.234851|    0.053835|
|         865|  2.4462e-01|   -6.478243|   -7.452163|    0.731295|    0.235054|    0.053998|
|         866|  2.4457e-01|   -6.480740|   -7.451571|    0.732159|    0.235259|    0.054163|
|         867|  2.4452e-01|   -6.483247|   -7.450987|    0.733027|    0.235465|    0.054328|
|         868|  2.4448e-01|   -6.485765|   -7.450417|    0.733898|    0.235672|    0.054495|
|         869|  2.4443e-01|   -6.488294|   -7.449856|    0.734772|    0.235881|    0.054663|
|         870|  2.4438e-01|   -6.490834|   -7.449322|    0.735650|    0.236091|    0.054832|
|         871|  2.4433e-01|   -6.493383|   -7.448809|    0.736530|    0.236302|    0.055002|
|         872|  2.4428e-01|   -6.495943|   -7.448300|    0.737414|    0.236514|    0.055173|
|         873|  2.4423e-01|   -6.498512|   -7.447791|    0.738301|    0.236728|    0.055346|
|         874|  2.4418e-01|   -6.501092|   -7.447282|    0.739191|    0.236943|    0.055519|
|         875|  2.4413e-01|   -6.503682|   -7.446775|    0.740083|    0.237159|    0.055694|
|         876|  2.4409e-01|   -6.506283|   -7.446267|    0.740979|    0.237376|    0.055869|
|         877|  2.4404e-01|   -6.508893|   -7.445759|    0.741877|    0.237595|    0.056046|
|         878|  2.4399e-01|   -6.511513|   -7.445250|    0.742778|    0.237815|    0.056224|
|         879|  2.4394e-01|   -6.514144|   -7.444742|    0.743682|    0.238036|    0.056403|
|         880|  2.4390e-01|   -6.516785|   -7.444235|    0.744589|    0.238258|    0.056583|
|         881|  2.4385e-01|   -6.519437|   -7.443731|    0.745498|    0.238481|    0.056764|
|         882|  2.4381e-01|   -6.522100|   -7.443230|    0.746410|    0.238705|    0.056946|
|         883|  2.4376e-01|   -6.524775|   -7.442730|    0.747324|    0.238931|    0.057129|
|         884|  2.4371e-01|   -6.527460|   -7.442228|    0.748240|    0.239158|    0.057313|
|         885|  2.4367e-01|   -6.530157|   -7.441719|    0.749159|    0.239386|    0.057498|
|         886|  2.4362e-01|   -6.532864|   -7.441179|    0.750081|    0.239614|    0.057684|
|         887|  2.4357e-01|   -6.535583|   -7.440693|    0.751004|    0.239844|    0.057871|
|         888|  2.4353e-01|   -6.538312|   -7.440235|    0.751930|    0.240075|    0.058059|
|         889|  2.4348e-01|   -6.541053|   -7.439810|    0.752858|    0.240307|    0.058248|
|         890|  2.4343e-01|   -6.543803|   -7.439392|    0.753788|    0.240540|    0.058437|
|         891|  2.4338e-01|   -6.546564|   -7.438993|    0.754720|    0.240775|    0.058628|
|         892|  2.4334e-01|   -6.549335|   -7.438601|    0.755654|    0.241010|    0.058820|
|         893|  2.4329e-01|   -6.552115|   -7.438215|    0.756590|    0.241246|    0.059012|
|         894|  2.4325e-01|   -6.554906|   -7.437839|    0.757528|    0.241483|    0.059205|
|         895|  2.4320e-01|   -6.557705|   -7.437479|    0.758468|    0.241720|    0.059399|
|         896|  2.4315e-01|   -6.560513|   -7.437145|    0.759409|    0.241959|    0.059594|
|         897|  2.4311e-01|   -6.563329|   -7.436840|    0.760352|    0.242199|    0.059789|
|         898|  2.4306e-01|   -6.566154|   -7.436529|    0.761296|    0.242439|    0.059985|
|         899|  2.4301e-01|   -6.568986|   -7.436230|    0.762242|    0.242681|    0.060182|
|         900|  2.4297e-01|   -6.571825|   -7.435939|    0.763190|    0.242923|    0.060380|
|         901|  2.4293e-01|   -6.574671|   -7.435654|    0.764139|    0.243165|    0.060578|
|         902|  2.4288e-01|   -6.577523|   -7.435380|    0.765089|    0.243409|    0.060777|
|         903|  2.4284e-01|   -6.580381|   -7.435116|    0.766040|    0.243653|    0.060976|
|         904|  2.4279e-01|   -6.583246|   -7.434859|    0.766992|    0.243898|    0.061177|
|         905|  2.4275e-01|   -6.586115|   -7.434604|    0.767946|    0.244144|    0.061377|
|         906|  2.4271e-01|   -6.588990|   -7.434347|    0.768901|    0.244391|    0.061579|
|         907|  2.4267e-01|   -6.591870|   -7.434086|    0.769856|    0.244638|    0.061781|
|         908|  2.4262e-01|   -6.594755|   -7.433837|    0.770813|    0.244885|    0.061983|
|         909|  2.4258e-01|   -6.597644|   -7.433616|    0.771770|    0.245134|    0.062186|
|         910|  2.4254e-01|   -6.600538|   -7.433363|    0.772728|    0.245383|    0.062390|
|         911|  2.4249e-01|   -6.603437|   -7.433211|    0.773687|    0.245632|    0.062594|
|         912|  2.4245e-01|   -6.606340|   -7.433084|    0.774647|    0.245883|    0.062799|
|         913|  2.4241e-01|   -6.609248|   -7.432951|    0.775608|    0.246133|    0.063004|
|         914|  2.4236e-01|   -6.612160|   -7.432832|    0.776569|    0.246385|    0.063210|
|         915|  2.4232e-01|   -6.615075|   -7.432726|    0.777531|    0.246637|    0.063416|
|         916|  2.4228e-01|   -6.617994|   -7.432627|    0.778493|    0.246889|    0.063623|
|         917|  2.4223e-01|   -6.620917|   -7.432527|    0.779456|    0.247142|    0.063830|
|         918|  2.4219e-01|   -6.623843|   -7.432408|    0.780419|    0.247396|    0.064038|
|         919|  2.4214e-01|   -6.626772|   -7.432253|    0.781383|    0.247650|    0.064246|
|         920|  2.4210e-01|   -6.629703|   -7.432107|    0.782348|    0.247905|    0.064455|
|         921|  2.4206e-01|   -6.632636|   -7.432015|    0.783313|    0.248160|    0.064664|
|         922|  2.4202e-01|   -6.635570|   -7.431914|    0.784278|    0.248416|    0.064873|
|         923|  2.4198e-01|   -6.638505|   -7.431859|    0.785243|    0.248672|    0.065083|
|         924|  2.4193e-01|   -6.641439|   -7.431782|    0.786208|    0.248928|    0.065294|
|         925|  2.4189e-01|   -6.644374|   -7.431695|    0.787174|    0.249185|    0.065504|
|         926|  2.4185e-01|   -6.647307|   -7.431618|    0.788140|    0.249442|    0.065715|
|         927|  2.4180e-01|   -6.650238|   -7.431558|    0.789105|    0.249700|    0.065926|
|         928|  2.4176e-01|   -6.653167|   -7.431497|    0.790070|    0.249958|    0.066138|
|         929|  2.4172e-01|   -6.656093|   -7.431394|    0.791036|    0.250216|    0.066350|
|         930|  2.4167e-01|   -6.659017|   -7.431302|    0.792000|    0.250475|    0.066562|
|         931|  2.4163e-01|   -6.661937|   -7.431282|    0.792965|    0.250734|    0.066774|
|         932|  2.4158e-01|   -6.664854|   -7.431256|    0.793929|    0.250993|    0.066986|
|         933|  2.4154e-01|   -6.667768|   -7.431268|    0.794893|    0.251252|    0.067199|
|         934|  2.4150e-01|   -6.670677|   -7.431347|    0.795856|    0.251512|    0.067412|
|         935|  2.4146e-01|   -6.673582|   -7.431444|    0.796818|    0.251772|    0.067625|
|         936|  2.4142e-01|   -6.676482|   -7.431617|    0.797780|    0.252032|    0.067838|
|         937|  2.4138e-01|   -6.679378|   -7.431799|    0.798742|    0.252292|    0.068052|
|         938|  2.4134e-01|   -6.682268|   -7.431981|    0.799702|    0.252552|    0.068265|
|         939|  2.4129e-01|   -6.685152|   -7.432135|    0.800662|    0.252813|    0.068479|
|         940|  2.4125e-01|   -6.688030|   -7.432276|    0.801621|    0.253073|    0.068693|
|         941|  2.4121e-01|   -6.690901|   -7.432408|    0.802579|    0.253334|    0.068907|
|         942|  2.4117e-01|   -6.693764|   -7.432533|    0.803536|    0.253595|    0.069121|
|         943|  2.4113e-01|   -6.696621|   -7.432656|    0.804493|    0.253856|    0.069335|
|         944|  2.4108e-01|   -6.699469|   -7.432780|    0.805448|    0.254117|    0.069549|
|         945|  2.4104e-01|   -6.702309|   -7.432901|    0.806402|    0.254378|    0.069763|
|         946|  2.4100e-01|   -6.705139|   -7.433018|    0.807355|    0.254639|    0.069978|
|         947|  2.4096e-01|   -6.707958|   -7.433127|    0.808308|    0.254900|    0.070192|
|         948|  2.4092e-01|   -6.710766|   -7.433233|    0.809259|    0.255162|    0.070407|
|         949|  2.4088e-01|   -6.713562|   -7.433336|    0.810209|    0.255423|    0.070622|
|         950|  2.4084e-01|   -6.716344|   -7.433438|    0.811157|    0.255684|    0.070836|
|         951|  2.4080e-01|   -6.719111|   -7.433531|    0.812105|    0.255946|    0.071051|
|         952|  2.4076e-01|   -6.721863|   -7.433611|    0.813051|    0.256207|    0.071266|
|         953|  2.4072e-01|   -6.724598|   -7.433746|    0.813996|    0.256469|    0.071481|
|         954|  2.4068e-01|   -6.727316|   -7.433912|    0.814940|    0.256730|    0.071695|
|         955|  2.4064e-01|   -6.730015|   -7.434076|    0.815882|    0.256992|    0.071910|
|         956|  2.4060e-01|   -6.732695|   -7.434254|    0.816822|    0.257253|    0.072125|
|         957|  2.4056e-01|   -6.735355|   -7.434432|    0.817761|    0.257515|    0.072340|
|         958|  2.4052e-01|   -6.737994|   -7.434569|    0.818699|    0.257776|    0.072554|
|         959|  2.4048e-01|   -6.740612|   -7.434830|    0.819634|    0.258037|    0.072769|
|         960|  2.4044e-01|   -6.743207|   -7.435094|    0.820568|    0.258298|    0.072983|
|         961|  2.4040e-01|   -6.745780|   -7.435360|    0.821500|    0.258559|    0.073197|
|         962|  2.4036e-01|   -6.748329|   -7.435640|    0.822431|    0.258820|    0.073411|
|         963|  2.4032e-01|   -6.750854|   -7.435889|    0.823359|    0.259080|    0.073625|
|         964|  2.4028e-01|   -6.753354|   -7.436286|    0.824285|    0.259340|    0.073839|
|         965|  2.4024e-01|   -6.755830|   -7.436690|    0.825210|    0.259600|    0.074053|
|         966|  2.4020e-01|   -6.758279|   -7.437108|    0.826132|    0.259860|    0.074266|
|         967|  2.4017e-01|   -6.760702|   -7.437547|    0.827053|    0.260120|    0.074479|
|         968|  2.4013e-01|   -6.763098|   -7.438008|    0.827971|    0.260379|    0.074692|
|         969|  2.4009e-01|   -6.765465|   -7.438517|    0.828887|    0.260638|    0.074905|
|         970|  2.4006e-01|   -6.767803|   -7.439045|    0.829801|    0.260897|    0.075118|
|         971|  2.4002e-01|   -6.770112|   -7.439514|    0.830713|    0.261156|    0.075330|
|         972|  2.3999e-01|   -6.772389|   -7.439958|    0.831622|    0.261414|    0.075542|
|         973|  2.3995e-01|   -6.774636|   -7.440344|    0.832530|    0.261672|    0.075754|
|         974|  2.3991e-01|   -6.776849|   -7.440799|    0.833435|    0.261930|    0.075965|
|         975|  2.3987e-01|   -6.779029|   -7.441271|    0.834337|    0.262187|    0.076176|
|         976|  2.3984e-01|   -6.781175|   -7.441715|    0.835238|    0.262444|    0.076387|
|         977|  2.3980e-01|   -6.783286|   -7.442166|    0.836136|    0.262701|    0.076598|
|         978|  2.3977e-01|   -6.785363|   -7.442630|    0.837031|    0.262957|    0.076808|
|         979|  2.3973e-01|   -6.787403|   -7.443115|    0.837924|    0.263213|    0.077018|
|         980|  2.3969e-01|   -6.789407|   -7.443626|    0.838814|    0.263468|    0.077227|
|         981|  2.3965e-01|   -6.791373|   -7.444169|    0.839702|    0.263723|    0.077436|
|         982|  2.3961e-01|   -6.793303|   -7.444742|    0.840587|    0.263978|    0.077645|
|         983|  2.3958e-01|   -6.795194|   -7.445343|    0.841469|    0.264232|    0.077854|
|         984|  2.3954e-01|   -6.797047|   -7.445968|    0.842349|    0.264486|    0.078062|
|         985|  2.3950e-01|   -6.798862|   -7.446613|    0.843226|    0.264740|    0.078269|
|         986|  2.3946e-01|   -6.800639|   -7.447274|    0.844100|    0.264992|    0.078476|
|         987|  2.3943e-01|   -6.802378|   -7.447950|    0.844971|    0.265245|    0.078683|
|         988|  2.3939e-01|   -6.804077|   -7.448651|    0.845839|    0.265497|    0.078889|
|         989|  2.3936e-01|   -6.805739|   -7.449384|    0.846705|    0.265748|    0.079095|
|         990|  2.3932e-01|   -6.807362|   -7.450116|    0.847567|    0.265999|    0.079301|
|         991|  2.3928e-01|   -6.808946|   -7.450855|    0.848427|    0.266249|    0.079505|
|         992|  2.3924e-01|   -6.810491|   -7.451583|    0.849283|    0.266499|    0.079710|
|         993|  2.3920e-01|   -6.811997|   -7.452274|    0.850136|    0.266748|    0.079914|
|         994|  2.3917e-01|   -6.813463|   -7.452926|    0.850986|    0.266996|    0.080117|
|         995|  2.3913e-01|   -6.814890|   -7.453693|    0.851833|    0.267244|    0.080320|
|         996|  2.3909e-01|   -6.816277|   -7.454425|    0.852677|    0.267492|    0.080522|
|         997|  2.3905e-01|   -6.817623|   -7.455178|    0.853518|    0.267738|    0.080724|
|         998|  2.3901e-01|   -6.818929|   -7.455953|    0.854355|    0.267985|    0.080926|

----------------------------- Solver Exit -------------------------------

Maximum number of iterations reached (ITER = 999) before convergence.
+-----------------------------------------------------------------------+
|      Convergence Field     |     Value    |   Criterion  |  Converged |
+-----------------------------------------------------------------------+
|                  Cauchy[CD]|    0.00100128|       < 1e-06|          No|
+-----------------------------------------------------------------------+
-------------------------------------------------------------------------
+-----------------------------------------------------------------------+