|  Inner_Iter|   Time(sec)|    rms[Rho]|     rms[nu]|          CL|          CD|         CMz|
+------------------------------------------------------------------------------------------+
|           0|  2.1313e-01|   -4.273964|  -10.665426|    2.059719|    0.650891|    0.731807|
|           1|  2.1238e-01|   -5.097998|  -10.866629|    1.497006|    0.630181|    0.559062|
|           2|  2.0986e-01|   -5.011062|  -11.009077|    1.151518|    0.484379|    0.422705|
|           3|  2.0806e-01|   -5.037964|  -10.981250|    0.998994|    0.379880|    0.341643|
|           4|  2.0749e-01|   -5.139007|  -10.986356|    0.913266|    0.299121|    0.275341|
|           5|  2.0616e-01|   -5.230956|  -10.993048|    0.847399|    0.226260|    0.209802|
|           6|  2.0616e-01|   -5.281975|  -10.988121|    0.786252|    0.158492|    0.145125|
|           7|  2.0555e-01|   -5.300407|  -10.973993|    0.723167|    0.096903|    0.085116|
|           8|  2.0494e-01|   -5.302716|  -10.953025|    0.653790|    0.043504|    0.033272|
|           9|  2.0531e-01|   -5.297991|  -10.936747|    0.575031|    0.000183|   -0.008806|
|          10|  2.0518e-01|   -5.291505|  -10.929640|    0.485989|   -0.031868|   -0.041413|
|          11|  2.1139e-01|   -5.289248|  -10.917470|    0.388338|   -0.052517|   -0.066025|
|          12|  2.1318e-01|   -5.295790|  -10.897111|    0.286157|   -0.062679|   -0.084345|
|          13|  2.1432e-01|   -5.310910|  -10.873396|    0.185404|   -0.064003|   -0.097539|
|          14|  2.1558e-01|   -5.329363|  -10.853078|    0.093242|   -0.058509|   -0.105949|
|          15|  2.1712e-01|   -5.344386|  -10.840143|    0.017036|   -0.048300|   -0.109326|
|          16|  2.1913e-01|   -5.353151|  -10.836037|   -0.036862|   -0.035335|   -0.107260|
|          17|  2.2021e-01|   -5.358826|  -10.835083|   -0.064101|   -0.021251|   -0.099545|
|          18|  2.2088e-01|   -5.367591|  -10.832607|   -0.062813|   -0.007319|   -0.086383|
|          19|  2.2220e-01|   -5.384557|  -10.828015|   -0.033672|    0.005561|   -0.068475|
|          20|  2.2379e-01|   -5.411298|  -10.822701|    0.020261|    0.016851|   -0.046984|
|          21|  2.2420e-01|   -5.444594|  -10.817691|    0.093945|    0.026337|   -0.023377|
|          22|  2.2446e-01|   -5.476873|  -10.813167|    0.181062|    0.034048|    0.000795|
|          23|  2.2448e-01|   -5.498792|  -10.808556|    0.274923|    0.040150|    0.024115|
|          24|  2.2457e-01|   -5.505641|  -10.803065|    0.369176|    0.044840|    0.045405|
|          25|  2.2611e-01|   -5.501577|  -10.797070|    0.458198|    0.048277|    0.063755|
|          26|  2.2601e-01|   -5.495732|  -10.791115|    0.537275|    0.050555|    0.078505|
|          27|  2.2926e-01|   -5.495957|  -10.786017|    0.602647|    0.051711|    0.089198|
|          28|  2.3179e-01|   -5.506303|  -10.782161|    0.651555|    0.051752|    0.095542|
|          29|  2.3202e-01|   -5.527363|  -10.779255|    0.682443|    0.050697|    0.097423|
|          30|  2.3262e-01|   -5.557379|  -10.777253|    0.695122|    0.048612|    0.094948|
|          31|  2.3330e-01|   -5.593149|  -10.775169|    0.690686|    0.045628|    0.088442|
|          32|  2.3607e-01|   -5.630763|  -10.771397|    0.671211|    0.041935|    0.078425|
|          33|  2.3873e-01|   -5.666361|  -10.764965|    0.639402|    0.037749|    0.065567|
|          34|  2.3964e-01|   -5.696782|  -10.755783|    0.598326|    0.033298|    0.050654|
|          35|  2.3971e-01|   -5.720114|  -10.744341|    0.551289|    0.028805|    0.034583|
|          36|  2.3973e-01|   -5.736201|  -10.731353|    0.501752|    0.024480|    0.018341|
|          37|  2.3954e-01|   -5.746800|  -10.717442|    0.453204|    0.020520|    0.002969|
|          38|  2.4060e-01|   -5.755026|  -10.703143|    0.408909|    0.017105|   -0.010522|
|          39|  2.4040e-01|   -5.764346|  -10.688820|    0.371590|    0.014380|   -0.021277|
|          40|  2.4025e-01|   -5.777861|  -10.674449|    0.343208|    0.012445|   -0.028689|
|          41|  2.4003e-01|   -5.798033|  -10.660291|    0.324896|    0.011343|   -0.032451|
|          42|  2.3980e-01|   -5.826399|  -10.646392|    0.316999|    0.011057|   -0.032556|
|          43|  2.3907e-01|   -5.862957|  -10.632860|    0.319222|    0.011520|   -0.029249|
|          44|  2.3829e-01|   -5.905228|  -10.619909|    0.330873|    0.012635|   -0.022932|
|          45|  2.3781e-01|   -5.947343|  -10.607544|    0.351055|    0.014291|   -0.014113|
|          46|  2.3754e-01|   -5.980591|  -10.595781|    0.378590|    0.016361|   -0.003422|
|          47|  2.3679e-01|   -5.997530|  -10.584865|    0.411790|    0.018695|    0.008326|
|          48|  2.3609e-01|   -5.997701|  -10.574800|    0.448437|    0.021114|    0.020183|
|          49|  2.3545e-01|   -5.988089|  -10.565395|    0.486096|    0.023443|    0.031218|
|          50|  2.3485e-01|   -5.977702|  -10.556521|    0.522466|    0.025526|    0.040660|
|          51|  2.3427e-01|   -5.973168|  -10.548146|    0.555575|    0.027245|    0.047964|
|          52|  2.3416e-01|   -5.978041|  -10.540197|    0.583860|    0.028524|    0.052823|
|          53|  2.3402e-01|   -5.993755|  -10.532643|    0.606205|    0.029322|    0.055154|
|          54|  2.3463e-01|   -6.020469|  -10.525504|    0.621950|    0.029634|    0.055069|
|          55|  2.3458e-01|   -6.057363|  -10.518723|    0.630875|    0.029482|    0.052823|
|          56|  2.3438e-01|   -6.102366|  -10.512178|    0.633112|    0.028901|    0.048754|
|          57|  2.3408e-01|   -6.151429|  -10.505664|    0.629010|    0.027931|    0.043217|
|          58|  2.3404e-01|   -6.197815|  -10.499028|    0.619037|    0.026608|    0.036566|
|          59|  2.3389e-01|   -6.232810|  -10.492139|    0.603886|    0.024976|    0.029197|
|          60|  2.3421e-01|   -6.249396|  -10.484982|    0.584695|    0.023109|    0.021591|
|          61|  2.3424e-01|   -6.247385|  -10.477620|    0.563067|    0.021107|    0.014275|
|          62|  2.3519e-01|   -6.234336|  -10.470135|    0.540839|    0.019085|    0.007728|
|          63|  2.3526e-01|   -6.220430|  -10.462611|    0.519798|    0.017159|    0.002319|
|          64|  2.3515e-01|   -6.213274|  -10.455023|    0.501477|    0.015430|   -0.001720|
|          65|  2.3501e-01|   -6.216819|  -10.447369|    0.487058|    0.013981|   -0.004283|
|          66|  2.3486e-01|   -6.232443|  -10.439626|    0.477320|    0.012874|   -0.005370|
|          67|  2.3472e-01|   -6.259751|  -10.431821|    0.472638|    0.012145|   -0.005061|
|          68|  2.3465e-01|   -6.296548|  -10.423953|    0.473020|    0.011809|   -0.003499|
|          69|  2.3449e-01|   -6.338103|  -10.416004|    0.478188|    0.011858|   -0.000858|
|          70|  2.3424e-01|   -6.376521|  -10.407984|    0.487659|    0.012272|    0.002659|
|          71|  2.3456e-01|   -6.402414|  -10.399897|    0.500722|    0.013013|    0.006812|
|          72|  2.3441e-01|   -6.410196|  -10.391772|    0.516392|    0.014018|    0.011307|
|          73|  2.3449e-01|   -6.402328|  -10.383621|    0.533463|    0.015197|    0.015814|
|          74|  2.3449e-01|   -6.387143|  -10.375432|    0.550685|    0.016444|    0.020015|
|          75|  2.3428e-01|   -6.373368|  -10.367223|    0.566926|    0.017651|    0.023644|
|          76|  2.3422e-01|   -6.366905|  -10.358985|    0.581279|    0.018723|    0.026502|
|          77|  2.3419e-01|   -6.370674|  -10.350730|    0.593095|    0.019584|    0.028468|
|          78|  2.3408e-01|   -6.385478|  -10.342469|    0.601985|    0.020180|    0.029494|
|          79|  2.3477e-01|   -6.410557|  -10.334176|    0.607807|    0.020481|    0.029593|
|          80|  2.3516e-01|   -6.443532|  -10.325858|    0.610614|    0.020480|    0.028832|
|          81|  2.3608e-01|   -6.479872|  -10.317519|    0.610599|    0.020184|    0.027307|
|          82|  2.3610e-01|   -6.512633|  -10.309153|    0.608010|    0.019607|    0.025125|
|          83|  2.3614e-01|   -6.534230|  -10.300782|    0.603144|    0.018774|    0.022410|
|          84|  2.3623e-01|   -6.540770|  -10.292409|    0.596403|    0.017729|    0.019325|
|          85|  2.3614e-01|   -6.534472|  -10.284032|    0.588336|    0.016538|    0.016078|
|          86|  2.3606e-01|   -6.521516|  -10.275678|    0.579590|    0.015282|    0.012894|
|          87|  2.3598e-01|   -6.508658|  -10.267351|    0.570820|    0.014045|    0.009983|
|          88|  2.3609e-01|   -6.501073|  -10.259043|    0.562623|    0.012905|    0.007514|
|          89|  2.3614e-01|   -6.501780|  -10.250773|    0.555495|    0.011926|    0.005608|
|          90|  2.3610e-01|   -6.511997|  -10.242541|    0.549813|    0.011157|    0.004335|
|          91|  2.3656e-01|   -6.531589|  -10.234331|    0.545825|    0.010624|    0.003715|
|          92|  2.3641e-01|   -6.559225|  -10.226146|    0.543656|    0.010338|    0.003725|
|          93|  2.3635e-01|   -6.592218|  -10.217985|    0.543321|    0.010293|    0.004312|
|          94|  2.3632e-01|   -6.626316|  -10.209841|    0.544756|    0.010470|    0.005400|
|          95|  2.3611e-01|   -6.656140|  -10.201707|    0.547833|    0.010844|    0.006898|
|          96|  2.3618e-01|   -6.677184|  -10.193585|    0.552351|    0.011378|    0.008695|
|          97|  2.3640e-01|   -6.688224|  -10.185479|    0.558012|    0.012026|    0.010658|
|          98|  2.3641e-01|   -6.691439|  -10.177393|    0.564426|    0.012731|    0.012641|
|          99|  2.3646e-01|   -6.690849|  -10.169327|    0.571163|    0.013436|    0.014508|
|         100|  2.3662e-01|   -6.690808|  -10.161298|    0.577801|    0.014086|    0.016143|
|         101|  2.3687e-01|   -6.694839|  -10.153314|    0.583966|    0.014635|    0.017460|
|         102|  2.3685e-01|   -6.705080|  -10.145378|    0.589351|    0.015050|    0.018408|
|         103|  2.3676e-01|   -6.722273|  -10.137493|    0.593727|    0.015313|    0.018961|
|         104|  2.3667e-01|   -6.745893|  -10.129671|    0.596948|    0.015415|    0.019123|
|         105|  2.3656e-01|   -6.774172|  -10.121921|    0.598943|    0.015359|    0.018915|
|         106|  2.3648e-01|   -6.804039|  -10.114233|    0.599707|    0.015156|    0.018374|
|         107|  2.3634e-01|   -6.831315|  -10.106603|    0.599278|    0.014820|    0.017543|
|         108|  2.3625e-01|   -6.851781|  -10.099032|    0.597740|    0.014372|    0.016476|
|         109|  2.3676e-01|   -6.863121|  -10.091517|    0.595240|    0.013841|    0.015242|
|         110|  2.3698e-01|   -6.866116|  -10.084046|    0.592001|    0.013267|    0.013927|
|         111|  2.3699e-01|   -6.864064|  -10.076617|    0.588307|    0.012688|    0.012621|
|         112|  2.3702e-01|   -6.861311|  -10.069225|    0.584460|    0.012145|    0.011411|
|         113|  2.3697e-01|   -6.861826|  -10.061866|    0.580748|    0.011669|    0.010368|
|         114|  2.3742e-01|   -6.868390|  -10.054531|    0.577421|    0.011286|    0.009542|
|         115|  2.3747e-01|   -6.882421|  -10.047226|    0.574675|    0.011008|    0.008965|
|         116|  2.3796e-01|   -6.904047|  -10.039951|    0.572642|    0.010842|    0.008649|
|         117|  2.3829e-01|   -6.932066|  -10.032704|    0.571398|    0.010784|    0.008589|
|         118|  2.3831e-01|   -6.963704|  -10.025488|    0.570961|    0.010825|    0.008768|
|         119|  2.3835e-01|   -6.994369|  -10.018302|    0.571318|    0.010954|    0.009164|
|         120|  2.3833e-01|   -7.018163|  -10.011142|    0.572437|    0.011156|    0.009750|
|         121|  2.3827e-01|   -7.030266|  -10.004014|    0.574265|    0.011419|    0.010494|
|         122|  2.3848e-01|   -7.029988|   -9.996917|    0.576695|    0.011723|    0.011347|
|         123|  2.3840e-01|   -7.020830|   -9.989863|    0.579565|    0.012045|    0.012250|
|         124|  2.3836e-01|   -7.008078|   -9.982859|    0.582683|    0.012362|    0.013143|
|         125|  2.3817e-01|   -6.996651|   -9.975905|    0.585851|    0.012653|    0.013970|
|         126|  2.3807e-01|   -6.990039|   -9.969012|    0.588888|    0.012899|    0.014685|
|         127|  2.3782e-01|   -6.990170|   -9.962166|    0.591640|    0.013089|    0.015257|
|         128|  2.3758e-01|   -6.997688|   -9.955373|    0.593986|    0.013214|    0.015664|
|         129|  2.3739e-01|   -7.012233|   -9.948629|    0.595843|    0.013274|    0.015899|
|         130|  2.3728e-01|   -7.032591|   -9.941922|    0.597166|    0.013271|    0.015965|
|         131|  2.3715e-01|   -7.056748|   -9.935256|    0.597944|    0.013211|    0.015875|
|         132|  2.3702e-01|   -7.081982|   -9.928623|    0.598196|    0.013102|    0.015647|
|         133|  2.3693e-01|   -7.105219|   -9.922011|    0.597966|    0.012954|    0.015307|
|         134|  2.3685e-01|   -7.123823|   -9.915416|    0.597317|    0.012777|    0.014881|
|         135|  2.3663e-01|   -7.136611|   -9.908838|    0.596328|    0.012584|    0.014402|
|         136|  2.3644e-01|   -7.144367|   -9.902277|    0.595098|    0.012386|    0.013904|
|         137|  2.3641e-01|   -7.149371|   -9.895728|    0.593737|    0.012196|    0.013422|
|         138|  2.3645e-01|   -7.154374|   -9.889193|    0.592359|    0.012025|    0.012987|
|         139|  2.3632e-01|   -7.161741|   -9.882679|    0.591069|    0.011880|    0.012626|
|         140|  2.3619e-01|   -7.172986|   -9.876189|    0.589959|    0.011769|    0.012359|
|         141|  2.3604e-01|   -7.188605|   -9.869732|    0.589102|    0.011696|    0.012197|
|         142|  2.3598e-01|   -7.208007|   -9.863321|    0.588545|    0.011660|    0.012145|
|         143|  2.3596e-01|   -7.229473|   -9.856968|    0.588319|    0.011662|    0.012202|
|         144|  2.3614e-01|   -7.250220|   -9.850688|    0.588435|    0.011698|    0.012362|
|         145|  2.3604e-01|   -7.266848|   -9.844498|    0.588895|    0.011765|    0.012616|
|         146|  2.3592e-01|   -7.276443|   -9.838417|    0.589685|    0.011860|    0.012952|
|         147|  2.3586e-01|   -7.277973|   -9.832455|    0.590774|    0.011977|    0.013352|
|         148|  2.3567e-01|   -7.272808|   -9.826625|    0.592105|    0.012108|    0.013793|
|         149|  2.3548e-01|   -7.263907|   -9.820936|    0.593607|    0.012247|    0.014248|
|         150|  2.3544e-01|   -7.254555|   -9.815400|    0.595197|    0.012383|    0.014692|
|         151|  2.3538e-01|   -7.247477|   -9.810019|    0.596792|    0.012511|    0.015100|
|         152|  2.3529e-01|   -7.244493|   -9.804790|    0.598315|    0.012622|    0.015456|
|         153|  2.3526e-01|   -7.246520|   -9.799705|    0.599702|    0.012711|    0.015744|
|         154|  2.3515e-01|   -7.253701|   -9.794751|    0.600903|    0.012777|    0.015958|
|         155|  2.3505e-01|   -7.265536|   -9.789899|    0.601883|    0.012816|    0.016096|
|         156|  2.3496e-01|   -7.280985|   -9.785128|    0.602627|    0.012831|    0.016159|
|         157|  2.3553e-01|   -7.298567|   -9.780410|    0.603130|    0.012821|    0.016155|
|         158|  2.3556e-01|   -7.316526|   -9.775707|    0.603405|    0.012791|    0.016092|
|         159|  2.3564e-01|   -7.333107|   -9.770989|    0.603470|    0.012744|    0.015982|
|         160|  2.3568e-01|   -7.346947|   -9.766216|    0.603355|    0.012684|    0.015837|
|         161|  2.3562e-01|   -7.357438|   -9.761341|    0.603093|    0.012614|    0.015669|
|         162|  2.3575e-01|   -7.364854|   -9.756333|    0.602725|    0.012540|    0.015494|
|         163|  2.3578e-01|   -7.370153|   -9.751144|    0.602296|    0.012467|    0.015323|
|         164|  2.3579e-01|   -7.374585|   -9.745726|    0.601854|    0.012400|    0.015172|
|         165|  2.3590e-01|   -7.379299|   -9.740056|    0.601442|    0.012341|    0.015049|
|         166|  2.3589e-01|   -7.385053|   -9.734097|    0.601102|    0.012296|    0.014965|
|         167|  2.3623e-01|   -7.392048|   -9.727821|    0.600866|    0.012265|    0.014924|
|         168|  2.3618e-01|   -7.399895|   -9.721201|    0.600757|    0.012250|    0.014930|
|         169|  2.3615e-01|   -7.407693|   -9.714201|    0.600791|    0.012252|    0.014982|
|         170|  2.3614e-01|   -7.414246|   -9.706809|    0.600974|    0.012269|    0.015079|
|         171|  2.3609e-01|   -7.418419|   -9.699006|    0.601305|    0.012300|    0.015216|
|         172|  2.3602e-01|   -7.419534|   -9.690791|    0.601775|    0.012344|    0.015386|
|         173|  2.3595e-01|   -7.417633|   -9.682141|    0.602365|    0.012396|    0.015581|
|         174|  2.3580e-01|   -7.413440|   -9.673071|    0.603049|    0.012455|    0.015790|
|         175|  2.3564e-01|   -7.408090|   -9.663580|    0.603795|    0.012517|    0.016002|
|         176|  2.3572e-01|   -7.402808|   -9.653671|    0.604568|    0.012577|    0.016206|
|         177|  2.3603e-01|   -7.398655|   -9.643346|    0.605335|    0.012634|    0.016393|
|         178|  2.3613e-01|   -7.396377|   -9.632622|    0.606063|    0.012683|    0.016555|
|         179|  2.3616e-01|   -7.396352|   -9.621535|    0.606727|    0.012723|    0.016687|
|         180|  2.3611e-01|   -7.398593|   -9.610109|    0.607304|    0.012753|    0.016786|
|         181|  2.3659e-01|   -7.402791|   -9.598373|    0.607782|    0.012771|    0.016850|
|         182|  2.3678e-01|   -7.408393|   -9.586359|    0.608154|    0.012777|    0.016880|
|         183|  2.3732e-01|   -7.414696|   -9.574099|    0.608417|    0.012773|    0.016880|
|         184|  2.3735e-01|   -7.420970|   -9.561618|    0.608576|    0.012759|    0.016853|
|         185|  2.3731e-01|   -7.426578|   -9.548946|    0.608640|    0.012736|    0.016804|
|         186|  2.3729e-01|   -7.431092|   -9.536119|    0.608620|    0.012707|    0.016737|
|         187|  2.3725e-01|   -7.434347|   -9.523182|    0.608532|    0.012673|    0.016660|
|         188|  2.3718e-01|   -7.436432|   -9.510146|    0.608393|    0.012636|    0.016576|
|         189|  2.3714e-01|   -7.437626|   -9.497046|    0.608220|    0.012598|    0.016493|
|         190|  2.3707e-01|   -7.438289|   -9.483917|    0.608034|    0.012562|    0.016415|
|         191|  2.3695e-01|   -7.438760|   -9.470776|    0.607853|    0.012529|    0.016347|
|         192|  2.3686e-01|   -7.439280|   -9.457616|    0.607694|    0.012500|    0.016293|
|         193|  2.3672e-01|   -7.439950|   -9.444468|    0.607571|    0.012478|    0.016255|
|         194|  2.3693e-01|   -7.440735|   -9.431349|    0.607494|    0.012462|    0.016234|
|         195|  2.3684e-01|   -7.441494|   -9.418286|    0.607472|    0.012453|    0.016231|
|         196|  2.3677e-01|   -7.442044|   -9.405298|    0.607506|    0.012451|    0.016245|
|         197|  2.3672e-01|   -7.442220|   -9.392387|    0.607596|    0.012454|    0.016274|
|         198|  2.3661e-01|   -7.441932|   -9.379564|    0.607737|    0.012463|    0.016315|
|         199|  2.3650e-01|   -7.441190|   -9.366857|    0.607923|    0.012476|    0.016364|
|         200|  2.3645e-01|   -7.440107|   -9.354274|    0.608141|    0.012491|    0.016416|
|         201|  2.3639e-01|   -7.438864|   -9.341806|    0.608380|    0.012507|    0.016468|
|         202|  2.3630e-01|   -7.437675|   -9.329448|    0.608628|    0.012522|    0.016516|
|         203|  2.3625e-01|   -7.436730|   -9.317227|    0.608869|    0.012535|    0.016556|
|         204|  2.3624e-01|   -7.436166|   -9.305155|    0.609093|    0.012545|    0.016585|
|         205|  2.3610e-01|   -7.436044|   -9.293221|    0.609288|    0.012551|    0.016600|
|         206|  2.3608e-01|   -7.436336|   -9.281427|    0.609445|    0.012552|    0.016600|
|         207|  2.3600e-01|   -7.436946|   -9.269783|    0.609556|    0.012547|    0.016584|
|         208|  2.3607e-01|   -7.437726|   -9.258253|    0.609618|    0.012537|    0.016552|
|         209|  2.3604e-01|   -7.438509|   -9.246866|    0.609629|    0.012521|    0.016505|
|         210|  2.3604e-01|   -7.439147|   -9.235628|    0.609587|    0.012501|    0.016443|
|         211|  2.3614e-01|   -7.439531|   -9.224528|    0.609497|    0.012476|    0.016370|
|         212|  2.3636e-01|   -7.439619|   -9.213574|    0.609362|    0.012447|    0.016286|
|         213|  2.3630e-01|   -7.439433|   -9.202785|    0.609188|    0.012416|    0.016195|
|         214|  2.3629e-01|   -7.439058|   -9.192159|    0.608983|    0.012383|    0.016100|
|         215|  2.3628e-01|   -7.438616|   -9.181686|    0.608756|    0.012349|    0.016002|
|         216|  2.3643e-01|   -7.438248|   -9.171360|    0.608514|    0.012316|    0.015904|
|         217|  2.3655e-01|   -7.438086|   -9.161164|    0.608268|    0.012284|    0.015810|
|         218|  2.3654e-01|   -7.438237|   -9.151131|    0.608025|    0.012254|    0.015720|
|         219|  2.3657e-01|   -7.438770|   -9.141263|    0.607793|    0.012227|    0.015637|
|         220|  2.3671e-01|   -7.439712|   -9.131558|    0.607576|    0.012202|    0.015562|
|         221|  2.3682e-01|   -7.441055|   -9.122007|    0.607378|    0.012181|    0.015494|
|         222|  2.3678e-01|   -7.442761|   -9.112606|    0.607203|    0.012163|    0.015433|
|         223|  2.3670e-01|   -7.444780|   -9.103364|    0.607049|    0.012147|    0.015380|
|         224|  2.3665e-01|   -7.447055|   -9.094265|    0.606916|    0.012134|    0.015332|
|         225|  2.3696e-01|   -7.449535|   -9.085307|    0.606801|    0.012123|    0.015289|
|         226|  2.3699e-01|   -7.452178|   -9.076504|    0.606699|    0.012113|    0.015248|
|         227|  2.3720e-01|   -7.454953|   -9.067851|    0.606607|    0.012104|    0.015209|
|         228|  2.3741e-01|   -7.457838|   -9.059346|    0.606518|    0.012095|    0.015169|
|         229|  2.3741e-01|   -7.460814|   -9.050986|    0.606427|    0.012085|    0.015127|
|         230|  2.3742e-01|   -7.463861|   -9.042773|    0.606328|    0.012074|    0.015081|
|         231|  2.3731e-01|   -7.466951|   -9.034709|    0.606217|    0.012062|    0.015031|
|         232|  2.3720e-01|   -7.470051|   -9.026790|    0.606090|    0.012049|    0.014976|
|         233|  2.3738e-01|   -7.473123|   -9.019018|    0.605943|    0.012033|    0.014914|
|         234|  2.3764e-01|   -7.476125|   -9.011391|    0.605773|    0.012015|    0.014847|
|         235|  2.3777e-01|   -7.479022|   -9.003910|    0.605581|    0.011996|    0.014774|
|         236|  2.3794e-01|   -7.481790|   -8.996568|    0.605365|    0.011974|    0.014695|
|         237|  2.3795e-01|   -7.484419|   -8.989357|    0.605127|    0.011952|    0.014613|
|         238|  2.3795e-01|   -7.486920|   -8.982291|    0.604869|    0.011928|    0.014527|
|         239|  2.3794e-01|   -7.489320|   -8.975372|    0.604594|    0.011903|    0.014439|
|         240|  2.3793e-01|   -7.491663|   -8.968601|    0.604306|    0.011878|    0.014350|
|         241|  2.3790e-01|   -7.493997|   -8.961978|    0.604007|    0.011854|    0.014261|
|         242|  2.3784e-01|   -7.496374|   -8.955503|    0.603703|    0.011830|    0.014174|
|         243|  2.3774e-01|   -7.498835|   -8.949183|    0.603398|    0.011807|    0.014090|
|         244|  2.3786e-01|   -7.501404|   -8.943021|    0.603095|    0.011785|    0.014009|
|         245|  2.3776e-01|   -7.504089|   -8.937019|    0.602798|    0.011765|    0.013932|
|         246|  2.3769e-01|   -7.506873|   -8.931182|    0.602509|    0.011746|    0.013861|
|         247|  2.3764e-01|   -7.509718|   -8.925513|    0.602231|    0.011730|    0.013794|
|         248|  2.3752e-01|   -7.512566|   -8.920013|    0.601963|    0.011715|    0.013732|
|         249|  2.3742e-01|   -7.515349|   -8.914691|    0.601707|    0.011702|    0.013674|
|         250|  2.3730e-01|   -7.517987|   -8.909551|    0.601462|    0.011691|    0.013620|
+-----------------------------------------------------------------------+
|        File Writing Summary       |              Filename             |
+-----------------------------------------------------------------------+
|SU2 binary restart                 |restart_flow.dat                   |
|Paraview                           |flow.vtu                           |
|Paraview surface                   |surface_flow.vtu                   |
+-----------------------------------------------------------------------+
+------------------------------------------------------------------------------------------+
|  Inner_Iter|   Time(sec)|    rms[Rho]|     rms[nu]|          CL|          CD|         CMz|
+------------------------------------------------------------------------------------------+
|         251|  2.3758e-01|   -7.520402|   -8.904598|    0.601227|    0.011681|    0.013570|
|         252|  2.3749e-01|   -7.522515|   -8.899837|    0.601001|    0.011671|    0.013522|
|         253|  2.3738e-01|   -7.524258|   -8.895270|    0.600780|    0.011663|    0.013476|
|         254|  2.3735e-01|   -7.525571|   -8.890901|    0.600563|    0.011656|    0.013432|
|         255|  2.3730e-01|   -7.526410|   -8.886734|    0.600348|    0.011648|    0.013387|
|         256|  2.3725e-01|   -7.526744|   -8.882768|    0.600132|    0.011641|    0.013342|
|         257|  2.3719e-01|   -7.526557|   -8.879012|    0.599913|    0.011633|    0.013297|
|         258|  2.3722e-01|   -7.525847|   -8.875469|    0.599689|    0.011626|    0.013250|
|         259|  2.3728e-01|   -7.524627|   -8.872140|    0.599459|    0.011617|    0.013201|
|         260|  2.3725e-01|   -7.522923|   -8.869026|    0.599222|    0.011609|    0.013151|
|         261|  2.3719e-01|   -7.520774|   -8.866129|    0.598976|    0.011600|    0.013099|
|         262|  2.3715e-01|   -7.518229|   -8.863450|    0.598723|    0.011590|    0.013046|
|         263|  2.3710e-01|   -7.515346|   -8.860988|    0.598462|    0.011580|    0.012991|
|         264|  2.3731e-01|   -7.512190|   -8.858743|    0.598194|    0.011570|    0.012936|
|         265|  2.3731e-01|   -7.508829|   -8.856713|    0.597920|    0.011560|    0.012880|
|         266|  2.3749e-01|   -7.505329|   -8.854897|    0.597641|    0.011550|    0.012824|
|         267|  2.3752e-01|   -7.501755|   -8.853292|    0.597360|    0.011540|    0.012769|
|         268|  2.3754e-01|   -7.498166|   -8.851897|    0.597078|    0.011531|    0.012715|
|         269|  2.3755e-01|   -7.494613|   -8.850709|    0.596796|    0.011522|    0.012662|
|         270|  2.3749e-01|   -7.491140|   -8.849722|    0.596517|    0.011514|    0.012611|
|         271|  2.3752e-01|   -7.487783|   -8.848938|    0.596241|    0.011507|    0.012563|
|         272|  2.3749e-01|   -7.484567|   -8.848350|    0.595970|    0.011501|    0.012516|
|         273|  2.3746e-01|   -7.481512|   -8.847954|    0.595705|    0.011495|    0.012472|
|         274|  2.3763e-01|   -7.478633|   -8.847749|    0.595445|    0.011491|    0.012431|
|         275|  2.3767e-01|   -7.475938|   -8.847731|    0.595193|    0.011487|    0.012391|
|         276|  2.3778e-01|   -7.473434|   -8.847898|    0.594946|    0.011484|    0.012354|
|         277|  2.3776e-01|   -7.471126|   -8.848248|    0.594705|    0.011482|    0.012318|
|         278|  2.3775e-01|   -7.469018|   -8.848776|    0.594470|    0.011480|    0.012284|
|         279|  2.3772e-01|   -7.467111|   -8.849479|    0.594239|    0.011479|    0.012251|
|         280|  2.3773e-01|   -7.465410|   -8.850354|    0.594012|    0.011479|    0.012219|
|         281|  2.3779e-01|   -7.463919|   -8.851397|    0.593787|    0.011478|    0.012187|
|         282|  2.3801e-01|   -7.462639|   -8.852609|    0.593564|    0.011478|    0.012156|
|         283|  2.3805e-01|   -7.461576|   -8.853985|    0.593342|    0.011478|    0.012124|
|         284|  2.3821e-01|   -7.460732|   -8.855521|    0.593119|    0.011478|    0.012092|
|         285|  2.3828e-01|   -7.460110|   -8.857214|    0.592895|    0.011477|    0.012059|
|         286|  2.3825e-01|   -7.459712|   -8.859059|    0.592669|    0.011477|    0.012025|
|         287|  2.3827e-01|   -7.459542|   -8.861056|    0.592441|    0.011476|    0.011991|
|         288|  2.3856e-01|   -7.459600|   -8.863195|    0.592211|    0.011475|    0.011956|
|         289|  2.3872e-01|   -7.459889|   -8.865472|    0.591979|    0.011474|    0.011921|
|         290|  2.3895e-01|   -7.460408|   -8.867881|    0.591745|    0.011472|    0.011885|
|         291|  2.3895e-01|   -7.461159|   -8.870417|    0.591509|    0.011471|    0.011849|
|         292|  2.3895e-01|   -7.462139|   -8.873076|    0.591272|    0.011469|    0.011812|
|         293|  2.3894e-01|   -7.463346|   -8.875854|    0.591035|    0.011468|    0.011776|
|         294|  2.3891e-01|   -7.464776|   -8.878743|    0.590799|    0.011466|    0.011741|
|         295|  2.3895e-01|   -7.466425|   -8.881731|    0.590563|    0.011465|    0.011706|
|         296|  2.3896e-01|   -7.468284|   -8.884813|    0.590330|    0.011464|    0.011671|
|         297|  2.3891e-01|   -7.470344|   -8.887987|    0.590099|    0.011463|    0.011638|
|         298|  2.3888e-01|   -7.472594|   -8.891244|    0.589871|    0.011463|    0.011605|
|         299|  2.3885e-01|   -7.475022|   -8.894581|    0.589646|    0.011463|    0.011574|
|         300|  2.3883e-01|   -7.477613|   -8.897991|    0.589425|    0.011463|    0.011544|
|         301|  2.3881e-01|   -7.480353|   -8.901462|    0.589209|    0.011464|    0.011514|
|         302|  2.3878e-01|   -7.483226|   -8.904985|    0.588996|    0.011464|    0.011486|
|         303|  2.3877e-01|   -7.486216|   -8.908556|    0.588788|    0.011466|    0.011459|
|         304|  2.3873e-01|   -7.489308|   -8.912170|    0.588583|    0.011467|    0.011432|
|         305|  2.3869e-01|   -7.492486|   -8.915822|    0.588382|    0.011469|    0.011406|
|         306|  2.3864e-01|   -7.495734|   -8.919502|    0.588184|    0.011470|    0.011380|
|         307|  2.3862e-01|   -7.499040|   -8.923205|    0.587988|    0.011472|    0.011355|
|         308|  2.3857e-01|   -7.502390|   -8.926921|    0.587795|    0.011474|    0.011330|
|         309|  2.3853e-01|   -7.505770|   -8.930641|    0.587603|    0.011476|    0.011305|
|         310|  2.3849e-01|   -7.509170|   -8.934363|    0.587412|    0.011478|    0.011280|
|         311|  2.3839e-01|   -7.512580|   -8.938081|    0.587223|    0.011479|    0.011255|
|         312|  2.3828e-01|   -7.515988|   -8.941778|    0.587033|    0.011481|    0.011230|
|         313|  2.3820e-01|   -7.519387|   -8.945454|    0.586845|    0.011482|    0.011204|
|         314|  2.3810e-01|   -7.522769|   -8.949097|    0.586656|    0.011483|    0.011178|
|         315|  2.3804e-01|   -7.526127|   -8.952713|    0.586467|    0.011485|    0.011152|
|         316|  2.3794e-01|   -7.529456|   -8.956298|    0.586278|    0.011485|    0.011125|
|         317|  2.3788e-01|   -7.532751|   -8.959854|    0.586089|    0.011486|    0.011098|
|         318|  2.3784e-01|   -7.536007|   -8.963380|    0.585901|    0.011487|    0.011072|
|         319|  2.3780e-01|   -7.539223|   -8.966860|    0.585713|    0.011487|    0.011045|
|         320|  2.3776e-01|   -7.542396|   -8.970295|    0.585525|    0.011488|    0.011018|
|         321|  2.3774e-01|   -7.545524|   -8.973687|    0.585339|    0.011488|    0.010992|
|         322|  2.3779e-01|   -7.548605|   -8.977027|    0.585154|    0.011489|    0.010966|
|         323|  2.3780e-01|   -7.551639|   -8.980325|    0.584971|    0.011489|    0.010940|
|         324|  2.3776e-01|   -7.554625|   -8.983578|    0.584789|    0.011490|    0.010915|
|         325|  2.3771e-01|   -7.557561|   -8.986783|    0.584609|    0.011491|    0.010890|
|         326|  2.3765e-01|   -7.560447|   -8.989945|    0.584432|    0.011491|    0.010865|
|         327|  2.3769e-01|   -7.563282|   -8.993068|    0.584257|    0.011492|    0.010841|
|         328|  2.3765e-01|   -7.566065|   -8.996148|    0.584084|    0.011493|    0.010818|
|         329|  2.3763e-01|   -7.568793|   -8.999188|    0.583913|    0.011494|    0.010795|
|         330|  2.3765e-01|   -7.571467|   -9.002192|    0.583745|    0.011495|    0.010772|
|         331|  2.3764e-01|   -7.574082|   -9.005164|    0.583579|    0.011496|    0.010750|
|         332|  2.3761e-01|   -7.576638|   -9.008097|    0.583415|    0.011497|    0.010727|
|         333|  2.3758e-01|   -7.579132|   -9.011001|    0.583253|    0.011499|    0.010706|
|         334|  2.3755e-01|   -7.581560|   -9.013880|    0.583092|    0.011500|    0.010684|
|         335|  2.3756e-01|   -7.583922|   -9.016734|    0.582933|    0.011501|    0.010662|
|         336|  2.3754e-01|   -7.586213|   -9.019562|    0.582775|    0.011502|    0.010641|
|         337|  2.3753e-01|   -7.588431|   -9.022389|    0.582619|    0.011503|    0.010619|
|         338|  2.3750e-01|   -7.590575|   -9.025218|    0.582462|    0.011503|    0.010597|
|         339|  2.3746e-01|   -7.592641|   -9.028052|    0.582307|    0.011504|    0.010576|
|         340|  2.3743e-01|   -7.594627|   -9.030894|    0.582152|    0.011505|    0.010554|
|         341|  2.3734e-01|   -7.596531|   -9.033735|    0.581997|    0.011505|    0.010532|
|         342|  2.3743e-01|   -7.598353|   -9.036588|    0.581843|    0.011505|    0.010510|
|         343|  2.3742e-01|   -7.600092|   -9.039460|    0.581689|    0.011506|    0.010488|
|         344|  2.3741e-01|   -7.601748|   -9.042353|    0.581536|    0.011506|    0.010466|
|         345|  2.3746e-01|   -7.603320|   -9.045272|    0.581383|    0.011506|    0.010444|
|         346|  2.3744e-01|   -7.604812|   -9.048222|    0.581231|    0.011506|    0.010421|
|         347|  2.3740e-01|   -7.606223|   -9.051208|    0.581079|    0.011506|    0.010399|
|         348|  2.3749e-01|   -7.607558|   -9.054233|    0.580928|    0.011506|    0.010378|
|         349|  2.3757e-01|   -7.608818|   -9.057301|    0.580778|    0.011506|    0.010356|
|         350|  2.3756e-01|   -7.610008|   -9.060417|    0.580629|    0.011505|    0.010334|
|         351|  2.3780e-01|   -7.611132|   -9.063581|    0.580482|    0.011505|    0.010313|
|         352|  2.3782e-01|   -7.612193|   -9.066797|    0.580335|    0.011505|    0.010292|
|         353|  2.3780e-01|   -7.613197|   -9.070065|    0.580190|    0.011505|    0.010271|
|         354|  2.3776e-01|   -7.614148|   -9.073382|    0.580046|    0.011505|    0.010251|
|         355|  2.3784e-01|   -7.615051|   -9.076735|    0.579904|    0.011505|    0.010231|
|         356|  2.3800e-01|   -7.615911|   -9.080141|    0.579763|    0.011505|    0.010211|
|         357|  2.3806e-01|   -7.616734|   -9.083608|    0.579624|    0.011505|    0.010191|
|         358|  2.3805e-01|   -7.617526|   -9.087139|    0.579486|    0.011505|    0.010171|
|         359|  2.3804e-01|   -7.618292|   -9.090731|    0.579349|    0.011505|    0.010152|
|         360|  2.3801e-01|   -7.619037|   -9.094373|    0.579213|    0.011505|    0.010133|
|         361|  2.3798e-01|   -7.619768|   -9.098072|    0.579078|    0.011506|    0.010114|
|         362|  2.3800e-01|   -7.620490|   -9.101832|    0.578945|    0.011506|    0.010095|
|         363|  2.3816e-01|   -7.621210|   -9.105624|    0.578812|    0.011506|    0.010076|
|         364|  2.3842e-01|   -7.621932|   -9.109449|    0.578680|    0.011506|    0.010058|
|         365|  2.3850e-01|   -7.622664|   -9.113322|    0.578549|    0.011506|    0.010039|
|         366|  2.3849e-01|   -7.623409|   -9.117245|    0.578418|    0.011506|    0.010020|
|         367|  2.3848e-01|   -7.624174|   -9.121204|    0.578288|    0.011506|    0.010002|
|         368|  2.3843e-01|   -7.624964|   -9.125190|    0.578159|    0.011505|    0.009983|
|         369|  2.3837e-01|   -7.625784|   -9.129202|    0.578030|    0.011505|    0.009965|
|         370|  2.3833e-01|   -7.626639|   -9.133246|    0.577901|    0.011505|    0.009946|
|         371|  2.3825e-01|   -7.627533|   -9.137313|    0.577774|    0.011505|    0.009928|
|         372|  2.3817e-01|   -7.628470|   -9.141404|    0.577647|    0.011505|    0.009909|
|         373|  2.3807e-01|   -7.629455|   -9.145523|    0.577520|    0.011504|    0.009891|
|         374|  2.3799e-01|   -7.630491|   -9.149644|    0.577394|    0.011504|    0.009873|
|         375|  2.3790e-01|   -7.631581|   -9.153756|    0.577269|    0.011504|    0.009855|
|         376|  2.3781e-01|   -7.632727|   -9.157861|    0.577145|    0.011504|    0.009837|
|         377|  2.3772e-01|   -7.633933|   -9.161960|    0.577022|    0.011504|    0.009819|
|         378|  2.3762e-01|   -7.635200|   -9.166043|    0.576899|    0.011503|    0.009802|
|         379|  2.3754e-01|   -7.636531|   -9.170036|    0.576778|    0.011503|    0.009784|
|         380|  2.3745e-01|   -7.637925|   -9.173955|    0.576657|    0.011503|    0.009767|
|         381|  2.3740e-01|   -7.639386|   -9.177843|    0.576538|    0.011503|    0.009750|
|         382|  2.3731e-01|   -7.640913|   -9.181677|    0.576419|    0.011503|    0.009733|
|         383|  2.3723e-01|   -7.642507|   -9.185428|    0.576302|    0.011503|    0.009717|
|         384|  2.3719e-01|   -7.644169|   -9.189102|    0.576185|    0.011503|    0.009700|
|         385|  2.3716e-01|   -7.645898|   -9.192671|    0.576070|    0.011503|    0.009684|
|         386|  2.3708e-01|   -7.647696|   -9.196141|    0.575956|    0.011503|    0.009668|
|         387|  2.3700e-01|   -7.649563|   -9.199532|    0.575842|    0.011503|    0.009652|
|         388|  2.3695e-01|   -7.651497|   -9.202808|    0.575729|    0.011503|    0.009636|
|         389|  2.3699e-01|   -7.653500|   -9.205968|    0.575617|    0.011503|    0.009620|
|         390|  2.3698e-01|   -7.655572|   -9.209013|    0.575506|    0.011503|    0.009605|
|         391|  2.3698e-01|   -7.657713|   -9.211924|    0.575396|    0.011504|    0.009589|
|         392|  2.3697e-01|   -7.659922|   -9.214709|    0.575287|    0.011504|    0.009574|
|         393|  2.3704e-01|   -7.662200|   -9.217365|    0.575178|    0.011504|    0.009558|
|         394|  2.3703e-01|   -7.664547|   -9.219845|    0.575069|    0.011504|    0.009543|
|         395|  2.3701e-01|   -7.666962|   -9.222174|    0.574962|    0.011504|    0.009528|
|         396|  2.3702e-01|   -7.669447|   -9.224378|    0.574855|    0.011504|    0.009513|
|         397|  2.3701e-01|   -7.672001|   -9.226463|    0.574748|    0.011504|    0.009497|
|         398|  2.3711e-01|   -7.674624|   -9.228424|    0.574643|    0.011504|    0.009482|
|         399|  2.3711e-01|   -7.677317|   -9.230266|    0.574537|    0.011504|    0.009467|
|         400|  2.3711e-01|   -7.680078|   -9.231988|    0.574433|    0.011504|    0.009452|
|         401|  2.3712e-01|   -7.682908|   -9.233589|    0.574329|    0.011504|    0.009438|
|         402|  2.3719e-01|   -7.685807|   -9.235044|    0.574226|    0.011504|    0.009423|
|         403|  2.3716e-01|   -7.688775|   -9.236368|    0.574123|    0.011504|    0.009408|
|         404|  2.3713e-01|   -7.691810|   -9.237569|    0.574021|    0.011504|    0.009394|
|         405|  2.3712e-01|   -7.694913|   -9.238649|    0.573920|    0.011504|    0.009379|
|         406|  2.3715e-01|   -7.698083|   -9.239609|    0.573820|    0.011504|    0.009365|
|         407|  2.3722e-01|   -7.701318|   -9.240414|    0.573720|    0.011504|    0.009351|
|         408|  2.3721e-01|   -7.704619|   -9.241097|    0.573622|    0.011504|    0.009337|
|         409|  2.3723e-01|   -7.707984|   -9.241673|    0.573523|    0.011504|    0.009323|
|         410|  2.3722e-01|   -7.711412|   -9.242150|    0.573426|    0.011504|    0.009309|
|         411|  2.3723e-01|   -7.714902|   -9.242535|    0.573329|    0.011504|    0.009295|
|         412|  2.3737e-01|   -7.718451|   -9.242816|    0.573234|    0.011504|    0.009281|
|         413|  2.3760e-01|   -7.722060|   -9.243017|    0.573138|    0.011504|    0.009268|
|         414|  2.3767e-01|   -7.725725|   -9.243140|    0.573044|    0.011504|    0.009254|
|         415|  2.3772e-01|   -7.729446|   -9.243188|    0.572950|    0.011504|    0.009241|
|         416|  2.3772e-01|   -7.733221|   -9.243149|    0.572857|    0.011505|    0.009228|
|         417|  2.3773e-01|   -7.737048|   -9.243039|    0.572764|    0.011505|    0.009214|
|         418|  2.3771e-01|   -7.740925|   -9.242870|    0.572672|    0.011505|    0.009201|
|         419|  2.3772e-01|   -7.744851|   -9.242647|    0.572581|    0.011505|    0.009188|
|         420|  2.3771e-01|   -7.748825|   -9.242376|    0.572490|    0.011505|    0.009175|
|         421|  2.3769e-01|   -7.752844|   -9.242044|    0.572399|    0.011505|    0.009162|
|         422|  2.3765e-01|   -7.756906|   -9.241660|    0.572309|    0.011505|    0.009149|
|         423|  2.3759e-01|   -7.761012|   -9.241242|    0.572220|    0.011505|    0.009136|
|         424|  2.3754e-01|   -7.765158|   -9.240798|    0.572131|    0.011504|    0.009123|
|         425|  2.3750e-01|   -7.769343|   -9.240331|    0.572043|    0.011504|    0.009111|
|         426|  2.3742e-01|   -7.773567|   -9.239830|    0.571955|    0.011504|    0.009098|
|         427|  2.3736e-01|   -7.777828|   -9.239304|    0.571867|    0.011504|    0.009085|
|         428|  2.3734e-01|   -7.782125|   -9.238778|    0.571781|    0.011504|    0.009072|
|         429|  2.3731e-01|   -7.786456|   -9.238262|    0.571694|    0.011504|    0.009060|
|         430|  2.3728e-01|   -7.790820|   -9.237760|    0.571608|    0.011504|    0.009047|
|         431|  2.3725e-01|   -7.795216|   -9.237279|    0.571523|    0.011504|    0.009035|
|         432|  2.3720e-01|   -7.799643|   -9.236822|    0.571438|    0.011504|    0.009022|
|         433|  2.3716e-01|   -7.804100|   -9.236393|    0.571354|    0.011504|    0.009010|
|         434|  2.3716e-01|   -7.808586|   -9.235997|    0.571270|    0.011503|    0.008998|
|         435|  2.3712e-01|   -7.813098|   -9.235637|    0.571187|    0.011503|    0.008986|
|         436|  2.3708e-01|   -7.817637|   -9.235317|    0.571104|    0.011503|    0.008974|
|         437|  2.3703e-01|   -7.822200|   -9.235033|    0.571022|    0.011503|    0.008962|
|         438|  2.3696e-01|   -7.826786|   -9.234792|    0.570940|    0.011503|    0.008950| 