+------------------------------------------------------------------------------------------+
|  Inner_Iter|   Time(sec)|    rms[Rho]|     rms[nu]|          CL|          CD|         CMz|
+------------------------------------------------------------------------------------------+
|           0|  2.2024e-01|   -4.112706|  -10.671034|    4.168367|    1.239292|    1.235444|
|           1|  2.2002e-01|   -4.955738|  -10.724919|    3.159509|    1.082594|    0.974407|
|           2|  2.1496e-01|   -4.852033|  -10.960610|    2.490194|    0.847192|    0.761352|
|           3|  2.1573e-01|   -4.879336|  -10.937758|    2.171871|    0.698720|    0.635085|
|           4|  2.1630e-01|   -4.972833|  -10.927570|    1.962299|    0.586369|    0.527495|
|           5|  2.2047e-01|   -5.057747|  -10.930657|    1.776523|    0.483510|    0.415115|
|           6|  2.2333e-01|   -5.111336|  -10.924402|    1.593436|    0.384574|    0.297664|
|           7|  2.2409e-01|   -5.136719|  -10.904687|    1.408535|    0.290210|    0.181639|
|           8|  2.2415e-01|   -5.142585|  -10.876041|    1.221411|    0.202580|    0.074073|
|           9|  2.2568e-01|   -5.137057|  -10.843033|    1.031879|    0.123936|   -0.020003|
|          10|  2.3035e-01|   -5.128362|  -10.814731|    0.841080|    0.056221|   -0.097888|
|          11|  2.3127e-01|   -5.124129|  -10.787057|    0.651919|    0.000562|   -0.159036|
|          12|  2.3117e-01|   -5.128382|  -10.758210|    0.469209|   -0.042849|   -0.204230|
|          13|  2.3105e-01|   -5.140419|  -10.730514|    0.299541|   -0.074464|   -0.234634|
|          14|  2.3172e-01|   -5.156782|  -10.708368|    0.150882|   -0.095014|   -0.251237|
|          15|  2.3182e-01|   -5.174136|  -10.694212|    0.031678|   -0.105289|   -0.254787|
|          16|  2.3183e-01|   -5.191268|  -10.687285|   -0.050456|   -0.106082|   -0.246011|
|          17|  2.3257e-01|   -5.209208|  -10.685736|   -0.089914|   -0.098204|   -0.225830|
|          18|  2.3539e-01|   -5.229706|  -10.687637|   -0.083678|   -0.082512|   -0.195473|
|          19|  2.3551e-01|   -5.253307|  -10.690313|   -0.031385|   -0.059941|   -0.156544|
|          20|  2.3544e-01|   -5.277880|  -10.692112|    0.064489|   -0.031611|   -0.111139|
|          21|  2.3516e-01|   -5.298370|  -10.692549|    0.198189|    0.001035|   -0.061875|
|          22|  2.3446e-01|   -5.308912|  -10.691110|    0.360510|    0.036183|   -0.011732|
|          23|  2.3475e-01|   -5.307140|  -10.687914|    0.539840|    0.071789|    0.036356|
|          24|  2.3510e-01|   -5.296910|  -10.683684|    0.723822|    0.105814|    0.079872|
|          25|  2.3559e-01|   -5.285705|  -10.679184|    0.900851|    0.136426|    0.116909|
|          26|  2.3536e-01|   -5.280221|  -10.674709|    1.060940|    0.162116|    0.146166|
|          27|  2.3652e-01|   -5.284406|  -10.670693|    1.196043|    0.181750|    0.166843|
|          28|  2.3631e-01|   -5.299640|  -10.666566|    1.300190|    0.194589|    0.178548|
|          29|  2.3611e-01|   -5.325355|  -10.662014|    1.369650|    0.200315|    0.181261|
|          30|  2.3591e-01|   -5.359291|  -10.656219|    1.403066|    0.199035|    0.175334|
|          31|  2.3598e-01|   -5.397413|  -10.648910|    1.401370|    0.191244|    0.161463|
|          32|  2.3566e-01|   -5.434073|  -10.639701|    1.367464|    0.177755|    0.140656|
|          33|  2.3544e-01|   -5.463304|  -10.628627|    1.305929|    0.159651|    0.114222|
|          34|  2.3514e-01|   -5.481463|  -10.615984|    1.222898|    0.138267|    0.083824|
|          35|  2.3567e-01|   -5.489499|  -10.601927|    1.125825|    0.115136|    0.051440|
|          36|  2.3547e-01|   -5.492204|  -10.587564|    1.022734|    0.091826|    0.019166|
|          37|  2.3522e-01|   -5.495013|  -10.573771|    0.921293|    0.069775|   -0.011016|
|          38|  2.3504e-01|   -5.501869|  -10.560885|    0.828233|    0.050202|   -0.037366|
|          39|  2.3429e-01|   -5.514959|  -10.548724|    0.749061|    0.034070|   -0.058456|
|          40|  2.3504e-01|   -5.535090|  -10.537140|    0.687843|    0.022056|   -0.073244|
|          41|  2.3487e-01|   -5.561846|  -10.526378|    0.647081|    0.014516|   -0.081149|
|          42|  2.3474e-01|   -5.593363|  -10.516357|    0.627733|    0.011492|   -0.082069|
|          43|  2.3464e-01|   -5.626090|  -10.506952|    0.629440|    0.012748|   -0.076331|
|          44|  2.3451e-01|   -5.654757|  -10.497922|    0.651011|    0.017879|   -0.064549|
|          45|  2.3421e-01|   -5.673534|  -10.489103|    0.690842|    0.026390|   -0.047539|
|          46|  2.3356e-01|   -5.679264|  -10.480661|    0.746584|    0.037644|   -0.026457|
|          47|  2.3435e-01|   -5.673954|  -10.472652|    0.814607|    0.050775|   -0.002914|
|          48|  2.3446e-01|   -5.663355|  -10.464996|    0.890174|    0.064749|    0.021184|
|          49|  2.3482e-01|   -5.653700|  -10.457574|    0.968186|    0.078524|    0.043956|
|          50|  2.3501e-01|   -5.649619|  -10.450161|    1.043845|    0.091176|    0.063795|
|          51|  2.3515e-01|   -5.653727|  -10.442654|    1.113010|    0.101965|    0.079504|
|          52|  2.3549e-01|   -5.667020|  -10.434858|    1.172369|    0.110356|    0.090332|
|          53|  2.3627e-01|   -5.689250|  -10.426592|    1.219526|    0.116019|    0.095980|
|          54|  2.3617e-01|   -5.719009|  -10.417711|    1.253035|    0.118820|    0.096554|
|          55|  2.3613e-01|   -5.753536|  -10.408190|    1.272363|    0.118786|    0.092487|
|          56|  2.3595e-01|   -5.788504|  -10.397946|    1.277726|    0.116063|    0.084421|
|          57|  2.3582e-01|   -5.818383|  -10.386944|    1.269822|    0.110851|    0.073082|
|          58|  2.3540e-01|   -5.838269|  -10.375094|    1.249682|    0.103403|    0.059247|
|          59|  2.3561e-01|   -5.846701|  -10.362435|    1.218904|    0.094085|    0.043823|
|          60|  2.3555e-01|   -5.846437|  -10.349019|    1.179942|    0.083441|    0.027872|
|          61|  2.3554e-01|   -5.842353|  -10.335052|    1.136006|    0.072148|    0.012492|
|          62|  2.3546e-01|   -5.839390|  -10.320639|    1.090636|    0.060934|   -0.001335|
|          63|  2.3513e-01|   -5.841448|  -10.305936|    1.047255|    0.050491|   -0.012850|
|          64|  2.3496e-01|   -5.851011|  -10.290957|    1.008852|    0.041417|   -0.021550|
|          65|  2.3481e-01|   -5.869248|  -10.275773|    0.977792|    0.034176|   -0.027181|
|          66|  2.3494e-01|   -5.896114|  -10.260379|    0.955708|    0.029070|   -0.029709|
|          67|  2.3471e-01|   -5.930176|  -10.244777|    0.943465|    0.026238|   -0.029282|
|          68|  2.3524e-01|   -5.968107|  -10.228989|    0.941229|    0.025659|   -0.026185|
|          69|  2.3513e-01|   -6.004114|  -10.212979|    0.948624|    0.027195|   -0.020778|
|          70|  2.3506e-01|   -6.030536|  -10.196733|    0.964937|    0.030631|   -0.013460|
|          71|  2.3495e-01|   -6.041523|  -10.180208|    0.989084|    0.035672|   -0.004708|
|          72|  2.3499e-01|   -6.037948|  -10.163457|    1.019394|    0.041893|    0.004864|
|          73|  2.3488e-01|   -6.026643|  -10.146468|    1.053611|    0.048747|    0.014545|
|          74|  2.3482e-01|   -6.015189|  -10.129245|    1.089234|    0.055641|    0.023635|
|          75|  2.3468e-01|   -6.009122|  -10.111902|    1.123890|    0.062029|    0.031547|
|          76|  2.3433e-01|   -6.011766|  -10.094438|    1.155560|    0.067463|    0.037844|
|          77|  2.3393e-01|   -6.024786|  -10.076907|    1.182689|    0.071619|    0.042258|
|          78|  2.3367e-01|   -6.048619|  -10.059361|    1.204209|    0.074308|    0.044673|
|          79|  2.3359e-01|   -6.082526|  -10.041785|    1.219534|    0.075467|    0.045117|
|          80|  2.3349e-01|   -6.124156|  -10.024240|    1.228521|    0.075139|    0.043730|
|          81|  2.3334e-01|   -6.168635|  -10.006757|    1.231378|    0.073441|    0.040729|
|          82|  2.3320e-01|   -6.207794|   -9.989293|    1.228506|    0.070520|    0.036354|
|          83|  2.3307e-01|   -6.231831|   -9.971936|    1.220375|    0.066534|    0.030851|
|          84|  2.3294e-01|   -6.235528|   -9.954672|    1.207619|    0.061696|    0.024522|
|          85|  2.3266e-01|   -6.223092|   -9.937564|    1.191217|    0.056304|    0.017764|
|          86|  2.3233e-01|   -6.203942|   -9.920631|    1.172476|    0.050712|    0.011032|
|          87|  2.3201e-01|   -6.186417|   -9.903879|    1.152847|    0.045276|    0.004766|
|          88|  2.3168e-01|   -6.175785|   -9.887320|    1.133734|    0.040314|   -0.000666|
|          89|  2.3134e-01|   -6.174728|   -9.870943|    1.116375|    0.036083|   -0.004993|
|          90|  2.3102e-01|   -6.184222|   -9.854764|    1.101762|    0.032761|   -0.008048|
|          91|  2.3072e-01|   -6.204098|   -9.838755|    1.090617|    0.030451|   -0.009763|
|          92|  2.3046e-01|   -6.233166|   -9.822883|    1.083382|    0.029183|   -0.010159|
|          93|  2.3014e-01|   -6.268916|   -9.807164|    1.080239|    0.028924|   -0.009322|
|          94|  2.2985e-01|   -6.306968|   -9.791576|    1.081163|    0.029601|   -0.007385|
|          95|  2.2957e-01|   -6.340867|   -9.776110|    1.085976|    0.031107|   -0.004512|
|          96|  2.2928e-01|   -6.363734|   -9.760768|    1.094346|    0.033313|   -0.000903|
|          97|  2.2900e-01|   -6.372292|   -9.745547|    1.105732|    0.036046|    0.003192|
|          98|  2.2871e-01|   -6.369325|   -9.730483|    1.119351|    0.039094|    0.007481|
|          99|  2.2845e-01|   -6.361219|   -9.715575|    1.134254|    0.042223|    0.011661|
|         100|  2.2817e-01|   -6.354235|   -9.700862|    1.149454|    0.045208|    0.015462|
|         101|  2.2791e-01|   -6.352787|   -9.686349|    1.164031|    0.047854|    0.018669|
|         102|  2.2766e-01|   -6.359330|   -9.672055|    1.177201|    0.050010|    0.021128|
|         103|  2.2740e-01|   -6.374755|   -9.657989|    1.188349|    0.051572|    0.022753|
|         104|  2.2714e-01|   -6.398678|   -9.644115|    1.197043|    0.052486|    0.023513|
|         105|  2.2690e-01|   -6.429394|   -9.630462|    1.203041|    0.052742|    0.023433|
|         106|  2.2678e-01|   -6.463541|   -9.616977|    1.206267|    0.052366|    0.022576|
|         107|  2.2664e-01|   -6.495824|   -9.603668|    1.206782|    0.051408|    0.021033|
|         108|  2.2663e-01|   -6.519796|   -9.590515|    1.204740|    0.049938|    0.018914|
|         109|  2.2668e-01|   -6.530554|   -9.577505|    1.200400|    0.048048|    0.016352|
|         110|  2.2670e-01|   -6.527799|   -9.564648|    1.194144|    0.045855|    0.013507|
|         111|  2.2666e-01|   -6.515885|   -9.551899|    1.186485|    0.043499|    0.010562|
|         112|  2.2656e-01|   -6.500946|   -9.539266|    1.178021|    0.041129|    0.007707|
|         113|  2.2638e-01|   -6.488210|   -9.526712|    1.169371|    0.038886|    0.005112|
|         114|  2.2616e-01|   -6.481047|   -9.514214|    1.161116|    0.036892|    0.002920|
|         115|  2.2597e-01|   -6.481141|   -9.501765|    1.153762|    0.035245|    0.001232|
|         116|  2.2578e-01|   -6.488922|   -9.489317|    1.147707|    0.034008|    0.000109|
|         117|  2.2558e-01|   -6.503855|   -9.476866|    1.143237|    0.033216|   -0.000428|
|         118|  2.2539e-01|   -6.524500|   -9.464378|    1.140523|    0.032875|   -0.000392|
|         119|  2.2522e-01|   -6.548446|   -9.451879|    1.139630|    0.032966|    0.000178|
|         120|  2.2503e-01|   -6.572333|   -9.439326|    1.140538|    0.033453|    0.001220|
|         121|  2.2484e-01|   -6.592358|   -9.426753|    1.143147|    0.034286|    0.002655|
|         122|  2.2467e-01|   -6.605523|   -9.414162|    1.147277|    0.035399|    0.004386|
|         123|  2.2454e-01|   -6.611044|   -9.401558|    1.152661|    0.036710|    0.006298|
|         124|  2.2446e-01|   -6.610689|   -9.388966|    1.158952|    0.038129|    0.008266|
|         125|  2.2447e-01|   -6.607775|   -9.376455|    1.165748|    0.039556|    0.010166|
|         126|  2.2448e-01|   -6.605803|   -9.364049|    1.172635|    0.040900|    0.011884|
|         127|  2.2449e-01|   -6.607570|   -9.351833|    1.179221|    0.042080|    0.013328|
|         128|  2.2451e-01|   -6.614882|   -9.339833|    1.185164|    0.043031|    0.014433|
|         129|  2.2452e-01|   -6.628583|   -9.328113|    1.190193|    0.043710|    0.015159|
|         130|  2.2456e-01|   -6.648638|   -9.316695|    1.194118|    0.044096|    0.015495|
|         131|  2.2458e-01|   -6.674096|   -9.305633|    1.196832|    0.044187|    0.015453|
|         132|  2.2457e-01|   -6.702957|   -9.294890|    1.198301|    0.043994|    0.015064|
|         133|  2.2456e-01|   -6.732057|   -9.284469|    1.198557|    0.043546|    0.014372|
|         134|  2.2439e-01|   -6.757327|   -9.274243|    1.197675|    0.042874|    0.013428|
|         135|  2.2426e-01|   -6.774852|   -9.264187|    1.195773|    0.042019|    0.012291|
|         136|  2.2414e-01|   -6.782487|   -9.254122|    1.193013|    0.041030|    0.011028|
|         137|  2.2399e-01|   -6.780884|   -9.243901|    1.189606|    0.039965|    0.009711|
|         138|  2.2387e-01|   -6.772990|   -9.233353|    1.185797|    0.038881|    0.008418|
|         139|  2.2371e-01|   -6.762541|   -9.222258|    1.181846|    0.037838|    0.007219|
|         140|  2.2359e-01|   -6.752710|   -9.210490|    1.178003|    0.036887|    0.006173|
|         141|  2.2348e-01|   -6.745495|   -9.197783|    1.174488|    0.036070|    0.005323|
|         142|  2.2337e-01|   -6.741708|   -9.184051|    1.171480|    0.035415|    0.004698|
|         143|  2.2324e-01|   -6.741171|   -9.169101|    1.169109|    0.034939|    0.004309|
|         144|  2.2310e-01|   -6.742982|   -9.152846|    1.167459|    0.034647|    0.004153|
|         145|  2.2298e-01|   -6.745776|   -9.135269|    1.166567|    0.034533|    0.004215|
|         146|  2.2284e-01|   -6.748039|   -9.116331|    1.166431|    0.034584|    0.004474|
|         147|  2.2269e-01|   -6.748479|   -9.096057|    1.167013|    0.034781|    0.004896|
|         148|  2.2261e-01|   -6.746386|   -9.074559|    1.168244|    0.035097|    0.005446|
|         149|  2.2247e-01|   -6.741828|   -9.051942|    1.170023|    0.035504|    0.006079|
|         150|  2.2233e-01|   -6.735565|   -9.028345|    1.172223|    0.035967|    0.006751|
|         151|  2.2221e-01|   -6.728761|   -9.003943|    1.174694|    0.036451|    0.007412|
|         152|  2.2222e-01|   -6.722639|   -8.978863|    1.177280|    0.036920|    0.008019|
|         153|  2.2214e-01|   -6.718227|   -8.953313|    1.179819|    0.037341|    0.008530|
|         154|  2.2203e-01|   -6.716224|   -8.927454|    1.182164|    0.037684|    0.008913|
|         155|  2.2194e-01|   -6.716959|   -8.901405|    1.184184|    0.037928|    0.009143|
|         156|  2.2193e-01|   -6.720408|   -8.875237|    1.185776|    0.038054|    0.009208|
|         157|  2.2183e-01|   -6.726244|   -8.849100|    1.186863|    0.038055|    0.009101|
|         158|  2.2174e-01|   -6.733911|   -8.823109|    1.187400|    0.037930|    0.008830|
|         159|  2.2163e-01|   -6.742719|   -8.797333|    1.187374|    0.037683|    0.008405|
|         160|  2.2156e-01|   -6.751967|   -8.771804|    1.186799|    0.037326|    0.007848|
|         161|  2.2146e-01|   -6.761073|   -8.746596|    1.185717|    0.036875|    0.007185|
|         162|  2.2139e-01|   -6.769693|   -8.721769|    1.184192|    0.036350|    0.006445|
|         163|  2.2130e-01|   -6.777781|   -8.697360|    1.182311|    0.035776|    0.005660|
|         164|  2.2121e-01|   -6.785577|   -8.673402|    1.180174|    0.035178|    0.004866|
|         165|  2.2111e-01|   -6.793517|   -8.649934|    1.177889|    0.034580|    0.004094|
|         166|  2.2103e-01|   -6.802107|   -8.626983|    1.175567|    0.034008|    0.003376|
|         167|  2.2098e-01|   -6.811787|   -8.604573|    1.173316|    0.033483|    0.002736|
|         168|  2.2087e-01|   -6.822827|   -8.582746|    1.171231|    0.033023|    0.002195|
|         169|  2.2078e-01|   -6.835260|   -8.561532|    1.169391|    0.032641|    0.001767|
|         170|  2.2070e-01|   -6.848858|   -8.540965|    1.167856|    0.032346|    0.001457|
|         171|  2.2059e-01|   -6.863154|   -8.521073|    1.166665|    0.032141|    0.001267|
|         172|  2.2051e-01|   -6.877507|   -8.501884|    1.165837|    0.032024|    0.001191|
|         173|  2.2045e-01|   -6.891219|   -8.483432|    1.165370|    0.031990|    0.001218|
|         174|  2.2037e-01|   -6.903675|   -8.465737|    1.165248|    0.032030|    0.001335|
|         175|  2.2028e-01|   -6.914493|   -8.448836|    1.165438|    0.032134|    0.001525|
|         176|  2.2021e-01|   -6.923612|   -8.432755|    1.165899|    0.032288|    0.001769|
|         177|  2.2013e-01|   -6.931308|   -8.417514|    1.166577|    0.032479|    0.002048|
|         178|  2.2007e-01|   -6.938116|   -8.403140|    1.167410|    0.032690|    0.002342|
|         179|  2.1999e-01|   -6.944703|   -8.389662|    1.168334|    0.032907|    0.002630|
|         180|  2.1995e-01|   -6.951735|   -8.377099|    1.169278|    0.033114|    0.002894|
|         181|  2.1988e-01|   -6.959750|   -8.365483|    1.170179|    0.033298|    0.003119|
|         182|  2.1992e-01|   -6.969080|   -8.354823|    1.170978|    0.033447|    0.003292|
|         183|  2.1996e-01|   -6.979798|   -8.345137|    1.171624|    0.033553|    0.003405|
|         184|  2.1989e-01|   -6.991711|   -8.336457|    1.172082|    0.033611|    0.003455|
|         185|  2.1993e-01|   -7.004379|   -8.328799|    1.172327|    0.033618|    0.003442|
|         186|  2.1997e-01|   -7.017182|   -8.322159|    1.172346|    0.033575|    0.003370|
|         187|  2.1999e-01|   -7.029422|   -8.316579|    1.172140|    0.033485|    0.003245|
|         188|  2.2003e-01|   -7.040473|   -8.312100|    1.171719|    0.033354|    0.003077|
|         189|  2.2007e-01|   -7.049930|   -8.308736|    1.171104|    0.033189|    0.002877|
|         190|  2.1998e-01|   -7.057720|   -8.306514|    1.170325|    0.033000|    0.002658|
|         191|  2.1992e-01|   -7.064109|   -8.305443|    1.169421|    0.032797|    0.002434|
|         192|  2.1985e-01|   -7.069613|   -8.305548|    1.168438|    0.032591|    0.002220|
|         193|  2.1984e-01|   -7.074852|   -8.306857|    1.167427|    0.032395|    0.002030|
|         194|  2.1978e-01|   -7.080405|   -8.309387|    1.166439|    0.032218|    0.001876|
|         195|  2.1972e-01|   -7.086699|   -8.313160|    1.165520|    0.032072|    0.001770|
|         196|  2.1964e-01|   -7.093954|   -8.318183|    1.164713|    0.031963|    0.001717|
|         197|  2.1956e-01|   -7.102166|   -8.324473|    1.164052|    0.031896|    0.001723|
|         198|  2.1950e-01|   -7.111127|   -8.332054|    1.163560|    0.031875|    0.001787|
|         199|  2.1944e-01|   -7.120479|   -8.340938|    1.163250|    0.031899|    0.001907|
|         200|  2.1935e-01|   -7.129792|   -8.351112|    1.163125|    0.031967|    0.002079|
|         201|  2.1926e-01|   -7.138664|   -8.362612|    1.163179|    0.032074|    0.002295|
|         202|  2.1923e-01|   -7.146804|   -8.375443|    1.163396|    0.032215|    0.002546|
|         203|  2.1915e-01|   -7.154110|   -8.389620|    1.163754|    0.032382|    0.002822|
|         204|  2.1907e-01|   -7.160680|   -8.405142|    1.164224|    0.032568|    0.003111|
|         205|  2.1900e-01|   -7.166787|   -8.422027|    1.164772|    0.032763|    0.003402|
|         206|  2.1894e-01|   -7.172808|   -8.440276|    1.165364|    0.032959|    0.003684|
|         207|  2.1888e-01|   -7.179138|   -8.459873|    1.165963|    0.033148|    0.003947|
|         208|  2.1881e-01|   -7.186114|   -8.480851|    1.166536|    0.033323|    0.004182|
|         209|  2.1873e-01|   -7.193958|   -8.503198|    1.167053|    0.033478|    0.004385|
|         210|  2.1865e-01|   -7.202747|   -8.526935|    1.167489|    0.033608|    0.004550|
|         211|  2.1858e-01|   -7.212407|   -8.552079|    1.167827|    0.033711|    0.004676|
|         212|  2.1851e-01|   -7.222740|   -8.578624|    1.168053|    0.033786|    0.004763|
|         213|  2.1844e-01|   -7.233456|   -8.606558|    1.168163|    0.033833|    0.004813|
|         214|  2.1838e-01|   -7.244237|   -8.635893|    1.168157|    0.033854|    0.004829|
|         215|  2.1830e-01|   -7.254789|   -8.666624|    1.168039|    0.033852|    0.004817|
|         216|  2.1824e-01|   -7.264895|   -8.698711|    1.167822|    0.033830|    0.004780|
|         217|  2.1821e-01|   -7.274453|   -8.732182|    1.167518|    0.033793|    0.004727|
|         218|  2.1817e-01|   -7.283476|   -8.767029|    1.167147|    0.033745|    0.004662|
|         219|  2.1810e-01|   -7.292066|   -8.803201|    1.166729|    0.033692|    0.004593|
|         220|  2.1804e-01|   -7.300369|   -8.840746|    1.166285|    0.033638|    0.004526|
|         221|  2.1798e-01|   -7.308506|   -8.879644|    1.165837|    0.033588|    0.004466|
|         222|  2.1791e-01|   -7.316515|   -8.919848|    1.165405|    0.033546|    0.004418|
|         223|  2.1784e-01|   -7.324308|   -8.961317|    1.165007|    0.033515|    0.004386|
|         224|  2.1779e-01|   -7.331662|   -9.003950|    1.164658|    0.033498|    0.004371|
|         225|  2.1773e-01|   -7.338242|   -9.047601|    1.164369|    0.033496|    0.004376|
|         226|  2.1767e-01|   -7.343667|   -9.092082|    1.164147|    0.033509|    0.004399|
|         227|  2.1762e-01|   -7.347593|   -9.137042|    1.163995|    0.033537|    0.004439|
|         228|  2.1757e-01|   -7.349815|   -9.182021|    1.163912|    0.033580|    0.004496|
|         229|  2.1751e-01|   -7.350326|   -9.226356|    1.163895|    0.033635|    0.004564|
|         230|  2.1745e-01|   -7.349343|   -9.269070|    1.163936|    0.033699|    0.004641|
|         231|  2.1740e-01|   -7.347273|   -9.309176|    1.164025|    0.033769|    0.004723|
|         232|  2.1736e-01|   -7.344635|   -9.345372|    1.164150|    0.033844|    0.004805|
|         233|  2.1732e-01|   -7.341983|   -9.376254|    1.164298|    0.033918|    0.004883|
|         234|  2.1725e-01|   -7.339822|   -9.400892|    1.164455|    0.033989|    0.004953|
|         235|  2.1720e-01|   -7.338563|   -9.418620|    1.164605|    0.034054|    0.005011|
|         236|  2.1714e-01|   -7.338499|   -9.429454|    1.164737|    0.034109|    0.005055|
|         237|  2.1709e-01|   -7.339799|   -9.434011|    1.164838|    0.034154|    0.005082|
|         238|  2.1705e-01|   -7.342517|   -9.433060|    1.164898|    0.034185|    0.005090|
|         239|  2.1699e-01|   -7.346607|   -9.428037|    1.164909|    0.034203|    0.005080|
|         240|  2.1695e-01|   -7.351948|   -9.421597|    1.164868|    0.034206|    0.005052|
|         241|  2.1690e-01|   -7.358367|   -9.415057|    1.164772|    0.034196|    0.005006|
|         242|  2.1687e-01|   -7.365667|   -9.409358|    1.164620|    0.034172|    0.004945|
|         243|  2.1681e-01|   -7.373654|   -9.405005|    1.164416|    0.034137|    0.004870|
|         244|  2.1676e-01|   -7.382163|   -9.402351|    1.164164|    0.034091|    0.004784|
|         245|  2.1670e-01|   -7.391073|   -9.401536|    1.163871|    0.034037|    0.004691|
|         246|  2.1666e-01|   -7.400320|   -9.402653|    1.163544|    0.033978|    0.004592|
|         247|  2.1661e-01|   -7.409887|   -9.405797|    1.163193|    0.033915|    0.004492|
|         248|  2.1657e-01|   -7.419798|   -9.411052|    1.162826|    0.033850|    0.004392|
|         249|  2.1659e-01|   -7.430089|   -9.418117|    1.162455|    0.033786|    0.004296|
|         250|  2.1663e-01|   -7.440790|   -9.426959|    1.162087|    0.033725|    0.004206|
+-----------------------------------------------------------------------+
|        File Writing Summary       |              Filename             |
+-----------------------------------------------------------------------+
|SU2 binary restart                 |restart_flow.dat                   |
|Paraview                           |flow.vtu                           |
|Paraview surface                   |surface_flow.vtu                   |
+-----------------------------------------------------------------------+
+------------------------------------------------------------------------------------------+
|  Inner_Iter|   Time(sec)|    rms[Rho]|     rms[nu]|          CL|          CD|         CMz|
+------------------------------------------------------------------------------------------+
|         251|  2.1696e-01|   -7.451896|   -9.437464|    1.161732|    0.033668|    0.004123|
|         252|  2.1689e-01|   -7.463357|   -9.449197|    1.161397|    0.033618|    0.004049|
|         253|  2.1686e-01|   -7.475066|   -9.462020|    1.161088|    0.033574|    0.003985|
|         254|  2.1682e-01|   -7.486862|   -9.475343|    1.160809|    0.033537|    0.003931|
|         255|  2.1683e-01|   -7.498537|   -9.488583|    1.160561|    0.033507|    0.003886|
|         256|  2.1679e-01|   -7.509860|   -9.501153|    1.160346|    0.033484|    0.003850|
|         257|  2.1674e-01|   -7.520589|   -9.512284|    1.160161|    0.033467|    0.003821|
|         258|  2.1673e-01|   -7.530497|   -9.521085|    1.160003|    0.033455|    0.003797|
|         259|  2.1671e-01|   -7.539389|   -9.526943|    1.159868|    0.033447|    0.003776|
|         260|  2.1667e-01|   -7.547111|   -9.529464|    1.159749|    0.033441|    0.003757|
|         261|  2.1665e-01|   -7.553549|   -9.528218|    1.159641|    0.033435|    0.003737|
|         262|  2.1662e-01|   -7.558622|   -9.523135|    1.159535|    0.033429|    0.003714|
|         263|  2.1661e-01|   -7.562279|   -9.514511|    1.159425|    0.033420|    0.003687|
|         264|  2.1662e-01|   -7.564485|   -9.502952|    1.159305|    0.033407|    0.003654|
|         265|  2.1662e-01|   -7.565228|   -9.488750|    1.159167|    0.033389|    0.003613|
|         266|  2.1667e-01|   -7.564519|   -9.472871|    1.159007|    0.033366|    0.003564|
|         267|  2.1672e-01|   -7.562410|   -9.456028|    1.158821|    0.033337|    0.003506|
|         268|  2.1676e-01|   -7.559008|   -9.438764|    1.158605|    0.033301|    0.003440|
|         269|  2.1681e-01|   -7.554476|   -9.421487|    1.158359|    0.033259|    0.003366|
|         270|  2.1685e-01|   -7.549040|   -9.404496|    1.158082|    0.033211|    0.003285|
|         271|  2.1690e-01|   -7.542973|   -9.387961|    1.157776|    0.033159|    0.003198|
|         272|  2.1691e-01|   -7.536577|   -9.372189|    1.157444|    0.033102|    0.003106|
|         273|  2.1698e-01|   -7.530156|   -9.357306|    1.157088|    0.033042|    0.003011|
|         274|  2.1702e-01|   -7.523996|   -9.343134|    1.156715|    0.032981|    0.002914|
|         275|  2.1711e-01|   -7.518346|   -9.329973|    1.156328|    0.032920|    0.002817|
|         276|  2.1715e-01|   -7.513405|   -9.317802|    1.155933|    0.032859|    0.002721|
|         277|  2.1720e-01|   -7.509322|   -9.306676|    1.155536|    0.032800|    0.002629|
|         278|  2.1724e-01|   -7.506190|   -9.296502|    1.155141|    0.032744|    0.002540|
|         279|  2.1725e-01|   -7.504052|   -9.287380|    1.154753|    0.032692|    0.002456|
|         280|  2.1722e-01|   -7.502912|   -9.279227|    1.154375|    0.032645|    0.002378|
|         281|  2.1721e-01|   -7.502735|   -9.271962|    1.154010|    0.032602|    0.002305|
|         282|  2.1722e-01|   -7.503462|   -9.265669|    1.153660|    0.032564|    0.002237|
|         283|  2.1724e-01|   -7.505016|   -9.260299|    1.153325|    0.032530|    0.002174|
|         284|  2.1723e-01|   -7.507307|   -9.255798|    1.153005|    0.032501|    0.002116|
|         285|  2.1722e-01|   -7.510240|   -9.252141|    1.152698|    0.032476|    0.002060|
|         286|  2.1725e-01|   -7.513717|   -9.249155|    1.152401|    0.032453|    0.002008|
|         287|  2.1723e-01|   -7.517637|   -9.246973|    1.152113|    0.032433|    0.001957|
|         288|  2.1723e-01|   -7.521899|   -9.245354|    1.151830|    0.032414|    0.001906|
|         289|  2.1723e-01|   -7.526397|   -9.244336|    1.151549|    0.032395|    0.001854|
|         290|  2.1727e-01|   -7.531026|   -9.243924|    1.151266|    0.032377|    0.001801|
|         291|  2.1729e-01|   -7.535673|   -9.244059|    1.150978|    0.032357|    0.001746|
|         292|  2.1732e-01|   -7.540226|   -9.244626|    1.150681|    0.032337|    0.001687|
|         293|  2.1736e-01|   -7.544572|   -9.245626|    1.150374|    0.032314|    0.001626|
|         294|  2.1739e-01|   -7.548605|   -9.246979|    1.150054|    0.032289|    0.001560|
|         295|  2.1742e-01|   -7.552235|   -9.248589|    1.149720|    0.032262|    0.001491|
|         296|  2.1746e-01|   -7.555391|   -9.250384|    1.149370|    0.032233|    0.001418|
|         297|  2.1748e-01|   -7.558029|   -9.252360|    1.149005|    0.032202|    0.001342|
|         298|  2.1742e-01|   -7.560136|   -9.254462|    1.148624|    0.032169|    0.001263|
|         299|  2.1738e-01|   -7.561733|   -9.256641|    1.148230|    0.032134|    0.001182|
|         300|  2.1739e-01|   -7.562868|   -9.258838|    1.147824|    0.032098|    0.001099|
|         301|  2.1735e-01|   -7.563612|   -9.261063|    1.147409|    0.032062|    0.001016|
|         302|  2.1735e-01|   -7.564051|   -9.263271|    1.146986|    0.032026|    0.000933|
|         303|  2.1730e-01|   -7.564279|   -9.265377|    1.146558|    0.031991|    0.000850|
|         304|  2.1725e-01|   -7.564385|   -9.267471|    1.146130|    0.031957|    0.000769|
|         305|  2.1719e-01|   -7.564455|   -9.269392|    1.145702|    0.031924|    0.000691|
|         306|  2.1724e-01|   -7.564559|   -9.271170|    1.145278|    0.031894|    0.000615|
|         307|  2.1728e-01|   -7.564755|   -9.272848|    1.144859|    0.031867|    0.000541|
|         308|  2.1731e-01|   -7.565085|   -9.274425|    1.144447|    0.031841|    0.000471|
|         309|  2.1734e-01|   -7.565579|   -9.275888|    1.144043|    0.031819|    0.000404|
|         310|  2.1738e-01|   -7.566254|   -9.277238|    1.143646|    0.031799|    0.000339|
|         311|  2.1741e-01|   -7.567119|   -9.278476|    1.143257|    0.031781|    0.000277|
|         312|  2.1744e-01|   -7.568172|   -9.279581|    1.142876|    0.031766|    0.000217|
|         313|  2.1748e-01|   -7.569407|   -9.280549|    1.142500|    0.031752|    0.000158|
|         314|  2.1750e-01|   -7.570810|   -9.281410|    1.142129|    0.031739|    0.000100|
|         315|  2.1754e-01|   -7.572365|   -9.282174|    1.141761|    0.031727|    0.000043|
|         316|  2.1757e-01|   -7.574048|   -9.282836|    1.141394|    0.031715|   -0.000015|
|         317|  2.1760e-01|   -7.575837|   -9.283371|    1.141026|    0.031704|   -0.000073|
|         318|  2.1763e-01|   -7.577704|   -9.283858|    1.140656|    0.031692|   -0.000132|
|         319|  2.1766e-01|   -7.579626|   -9.284153|    1.140283|    0.031679|   -0.000193|
|         320|  2.1769e-01|   -7.581581|   -9.284427|    1.139905|    0.031666|   -0.000255|
|         321|  2.1770e-01|   -7.583550|   -9.284663|    1.139521|    0.031651|   -0.000319|
|         322|  2.1770e-01|   -7.585523|   -9.284867|    1.139131|    0.031636|   -0.000384|
|         323|  2.1771e-01|   -7.587497|   -9.285051|    1.138736|    0.031619|   -0.000450|
|         324|  2.1770e-01|   -7.589477|   -9.285225|    1.138334|    0.031602|   -0.000518|
|         325|  2.1765e-01|   -7.591475|   -9.285386|    1.137926|    0.031584|   -0.000586|
|         326|  2.1765e-01|   -7.593510|   -9.285559|    1.137514|    0.031566|   -0.000655|
|         327|  2.1760e-01|   -7.595608|   -9.285733|    1.137099|    0.031548|   -0.000724|
|         328|  2.1754e-01|   -7.597793|   -9.285930|    1.136681|    0.031529|   -0.000793|
|         329|  2.1749e-01|   -7.600092|   -9.286151|    1.136263|    0.031511|   -0.000861|
|         330|  2.1744e-01|   -7.602527|   -9.286387|    1.135844|    0.031494|   -0.000928|
|         331|  2.1740e-01|   -7.605115|   -9.286654|    1.135428|    0.031478|   -0.000994|
|         332|  2.1734e-01|   -7.607864|   -9.286955|    1.135014|    0.031462|   -0.001058|
|         333|  2.1729e-01|   -7.610775|   -9.287283|    1.134604|    0.031448|   -0.001121|
|         334|  2.1726e-01|   -7.613839|   -9.287649|    1.134198|    0.031436|   -0.001182|
|         335|  2.1721e-01|   -7.617040|   -9.288044|    1.133797|    0.031424|   -0.001241|
|         336|  2.1716e-01|   -7.620354|   -9.288468|    1.133401|    0.031414|   -0.001299|
|         337|  2.1711e-01|   -7.623753|   -9.288923|    1.133010|    0.031405|   -0.001355|
|         338|  2.1706e-01|   -7.627202|   -9.289406|    1.132623|    0.031398|   -0.001410|
|         339|  2.1701e-01|   -7.630666|   -9.289918|    1.132241|    0.031391|   -0.001464|
|         340|  2.1705e-01|   -7.634110|   -9.290446|    1.131863|    0.031385|   -0.001518|
|         341|  2.1708e-01|   -7.637501|   -9.290965|    1.131487|    0.031380|   -0.001570|
|         342|  2.1718e-01|   -7.640807|   -9.291510|    1.131114|    0.031374|   -0.001623|
|         343|  2.1721e-01|   -7.644001|   -9.292053|    1.130742|    0.031370|   -0.001675|
|         344|  2.1724e-01|   -7.647062|   -9.292596|    1.130370|    0.031365|   -0.001728|
|         345|  2.1727e-01|   -7.649975|   -9.293137|    1.129998|    0.031360|   -0.001781|
|         346|  2.1731e-01|   -7.652731|   -9.293675|    1.129625|    0.031354|   -0.001834|
|         347|  2.1734e-01|   -7.655328|   -9.294190|    1.129251|    0.031349|   -0.001888|
|         348|  2.1735e-01|   -7.657769|   -9.294675|    1.128875|    0.031343|   -0.001943|
|         349|  2.1738e-01|   -7.660065|   -9.295128|    1.128497|    0.031337|   -0.001998|
|         350|  2.1740e-01|   -7.662232|   -9.295568|    1.128118|    0.031330|   -0.002053|
|         351|  2.1737e-01|   -7.664288|   -9.295946|    1.127738|    0.031323|   -0.002108|
|         352|  2.1732e-01|   -7.666256|   -9.296300|    1.127356|    0.031316|   -0.002164|
|         353|  2.1727e-01|   -7.668160|   -9.296627|    1.126974|    0.031309|   -0.002219|
|         354|  2.1723e-01|   -7.670023|   -9.296925|    1.126591|    0.031302|   -0.002274|
|         355|  2.1720e-01|   -7.671867|   -9.297195|    1.126209|    0.031295|   -0.002329|
|         356|  2.1715e-01|   -7.673710|   -9.297429|    1.125828|    0.031289|   -0.002383|
|         357|  2.1712e-01|   -7.675567|   -9.297611|    1.125449|    0.031283|   -0.002437|
|         358|  2.1710e-01|   -7.677448|   -9.297784|    1.125072|    0.031277|   -0.002490|
|         359|  2.1705e-01|   -7.679359|   -9.297939|    1.124698|    0.031272|   -0.002541|
|         360|  2.1701e-01|   -7.681302|   -9.298029|    1.124327|    0.031268|   -0.002592|
|         361|  2.1697e-01|   -7.683273|   -9.298122|    1.123959|    0.031264|   -0.002642|
|         362|  2.1692e-01|   -7.685266|   -9.298205|    1.123594|    0.031261|   -0.002691|
|         363|  2.1687e-01|   -7.687274|   -9.298285|    1.123233|    0.031258|   -0.002739|
|         364|  2.1682e-01|   -7.689284|   -9.298372|    1.122875|    0.031256|   -0.002786|
|         365|  2.1678e-01|   -7.691287|   -9.298473|    1.122521|    0.031255|   -0.002833|
|         366|  2.1675e-01|   -7.693273|   -9.298593|    1.122169|    0.031254|   -0.002879|
|         367|  2.1670e-01|   -7.695231|   -9.298739|    1.121820|    0.031253|   -0.002925|
|         368|  2.1668e-01|   -7.697154|   -9.298923|    1.121472|    0.031252|   -0.002971|
|         369|  2.1664e-01|   -7.699036|   -9.299158|    1.121127|    0.031252|   -0.003016|
|         370|  2.1661e-01|   -7.700875|   -9.299437|    1.120783|    0.031251|   -0.003061|
|         371|  2.1657e-01|   -7.702671|   -9.299757|    1.120440|    0.031251|   -0.003106|
|         372|  2.1652e-01|   -7.704426|   -9.300164|    1.120097|    0.031250|   -0.003152|
|         373|  2.1648e-01|   -7.706145|   -9.300619|    1.119755|    0.031249|   -0.003197|
|         374|  2.1643e-01|   -7.707838|   -9.301134|    1.119413|    0.031248|   -0.003243|
|         375|  2.1640e-01|   -7.709515|   -9.301726|    1.119072|    0.031247|   -0.003288|
|         376|  2.1636e-01|   -7.711190|   -9.302412|    1.118730|    0.031245|   -0.003334|
|         377|  2.1632e-01|   -7.712876|   -9.303185|    1.118389|    0.031243|   -0.003380|
|         378|  2.1629e-01|   -7.714590|   -9.304044|    1.118048|    0.031242|   -0.003425|
|         379|  2.1624e-01|   -7.716348|   -9.305001|    1.117708|    0.031240|   -0.003471|
|         380|  2.1621e-01|   -7.718166|   -9.306056|    1.117368|    0.031238|   -0.003516|
|         381|  2.1617e-01|   -7.720060|   -9.307212|    1.117030|    0.031236|   -0.003561|
|         382|  2.1613e-01|   -7.722042|   -9.308499|    1.116693|    0.031235|   -0.003606|
|         383|  2.1609e-01|   -7.724126|   -9.309807|    1.116358|    0.031233|   -0.003650|
|         384|  2.1608e-01|   -7.726323|   -9.311236|    1.116024|    0.031232|   -0.003693|
|         385|  2.1606e-01|   -7.728639|   -9.312757|    1.115693|    0.031231|   -0.003737|
|         386|  2.1602e-01|   -7.731080|   -9.314375|    1.115364|    0.031230|   -0.003779|
|         387|  2.1599e-01|   -7.733650|   -9.316081|    1.115038|    0.031229|   -0.003821|
|         388|  2.1595e-01|   -7.736350|   -9.317892|    1.114713|    0.031229|   -0.003863|
|         389|  2.1591e-01|   -7.739178|   -9.319784|    1.114392|    0.031229|   -0.003904|
|         390|  2.1586e-01|   -7.742131|   -9.321744|    1.114073|    0.031229|   -0.003944|
|         391|  2.1582e-01|   -7.745204|   -9.323800|    1.113756|    0.031229|   -0.003985|
|         392|  2.1577e-01|   -7.748392|   -9.325931|    1.113441|    0.031230|   -0.004024|
|         393|  2.1581e-01|   -7.751686|   -9.328135|    1.113129|    0.031231|   -0.004064|
|         394|  2.1582e-01|   -7.755080|   -9.330400|    1.112818|    0.031231|   -0.004103|
|         395|  2.1579e-01|   -7.758566|   -9.332705|    1.112509|    0.031232|   -0.004142|
|         396|  2.1575e-01|   -7.762134|   -9.335067|    1.112201|    0.031233|   -0.004181|
|         397|  2.1570e-01|   -7.765776|   -9.337450|    1.111895|    0.031233|   -0.004220|
|         398|  2.1566e-01|   -7.769484|   -9.339883|    1.111590|    0.031234|   -0.004258|
|         399|  2.1562e-01|   -7.773249|   -9.342358|    1.111286|    0.031235|   -0.004297|
|         400|  2.1566e-01|   -7.777065|   -9.344871|    1.110983|    0.031235|   -0.004336|
|         401|  2.1566e-01|   -7.780924|   -9.347415|    1.110682|    0.031236|   -0.004374|
|         402|  2.1567e-01|   -7.784819|   -9.350009|    1.110381|    0.031236|   -0.004412|
|         403|  2.1567e-01|   -7.788744|   -9.352514|    1.110081|    0.031236|   -0.004450|
|         404|  2.1568e-01|   -7.792694|   -9.355070|    1.109782|    0.031236|   -0.004488|
|         405|  2.1564e-01|   -7.796663|   -9.357604|    1.109485|    0.031237|   -0.004526|
|         406|  2.1561e-01|   -7.800646|   -9.360162|    1.109189|    0.031237|   -0.004564|
|         407|  2.1562e-01|   -7.804637|   -9.362720|    1.108894|    0.031237|   -0.004601|
|         408|  2.1564e-01|   -7.808631|   -9.365276|    1.108601|    0.031238|   -0.004638|
|         409|  2.1564e-01|   -7.812623|   -9.367828|    1.108310|    0.031238|   -0.004674|
|         410|  2.1566e-01|   -7.816606|   -9.370376|    1.108020|    0.031239|   -0.004710|
|         411|  2.1567e-01|   -7.820574|   -9.372915|    1.107733|    0.031240|   -0.004746|
|         412|  2.1567e-01|   -7.824520|   -9.375445|    1.107448|    0.031240|   -0.004782|
|         413|  2.1568e-01|   -7.828437|   -9.377964|    1.107164|    0.031242|   -0.004817|
|         414|  2.1568e-01|   -7.832317|   -9.380450|    1.106883|    0.031243|   -0.004851|
|         415|  2.1564e-01|   -7.836154|   -9.382892|    1.106604|    0.031244|   -0.004885|
|         416|  2.1560e-01|   -7.839939|   -9.385342|    1.106327|    0.031246|   -0.004919|
|         417|  2.1556e-01|   -7.843666|   -9.387802|    1.106052|    0.031247|   -0.004952|
|         418|  2.1552e-01|   -7.847330|   -9.390278|    1.105779|    0.031249|   -0.004986|
|         419|  2.1549e-01|   -7.850925|   -9.392774|    1.105508|    0.031251|   -0.005018|
|         420|  2.1545e-01|   -7.854447|   -9.395246|    1.105239|    0.031253|   -0.005051|
|         421|  2.1541e-01|   -7.857894|   -9.397699|    1.104971|    0.031255|   -0.005083|
|         422|  2.1536e-01|   -7.861264|   -9.400227|    1.104705|    0.031256|   -0.005115|
|         423|  2.1532e-01|   -7.864557|   -9.402682|    1.104441|    0.031258|   -0.005147|
|         424|  2.1529e-01|   -7.867776|   -9.405194|    1.104178|    0.031260|   -0.005179|
|         425|  2.1525e-01|   -7.870923|   -9.407713|    1.103917|    0.031262|   -0.005210|
|         426|  2.1521e-01|   -7.874005|   -9.410258|    1.103657|    0.031264|   -0.005242|
|         427|  2.1519e-01|   -7.877025|   -9.412809|    1.103399|    0.031266|   -0.005273|
|         428|  2.1515e-01|   -7.879992|   -9.415397|    1.103142|    0.031268|   -0.005303|
|         429|  2.1512e-01|   -7.882913|   -9.418022|    1.102886|    0.031270|   -0.005334|
|         430|  2.1509e-01|   -7.885796|   -9.420686|    1.102632|    0.031272|   -0.005365|
|         431|  2.1506e-01|   -7.888648|   -9.423388|    1.102380|    0.031274|   -0.005395|
|         432|  2.1502e-01|   -7.891478|   -9.426130|    1.102129|    0.031276|   -0.005425|
|         433|  2.1498e-01|   -7.894294|   -9.428914|    1.101879|    0.031279|   -0.005454|
|         434|  2.1495e-01|   -7.897101|   -9.431745|    1.101632|    0.031281|   -0.005484|
|         435|  2.1491e-01|   -7.899906|   -9.434587|    1.101385|    0.031283|   -0.005513|
|         436|  2.1488e-01|   -7.902715|   -9.437412|    1.101141|    0.031285|   -0.005541|
|         437|  2.1484e-01|   -7.905530|   -9.440285|    1.100898|    0.031288|   -0.005570|
|         438|  2.1480e-01|   -7.908356|   -9.443204|    1.100657|    0.031290|   -0.005598|
|         439|  2.1476e-01|   -7.911193|   -9.446152|    1.100418|    0.031293|   -0.005626|
|         440|  2.1477e-01|   -7.914043|   -9.449122|    1.100180|    0.031296|   -0.005653|
|         441|  2.1473e-01|   -7.916907|   -9.452145|    1.099944|    0.031299|   -0.005681|
|         442|  2.1470e-01|   -7.919783|   -9.455138|    1.099710|    0.031301|   -0.005708|
|         443|  2.1466e-01|   -7.922671|   -9.458148|    1.099478|    0.031304|   -0.005734|
|         444|  2.1462e-01|   -7.925569|   -9.461183|    1.099247|    0.031307|   -0.005761|
|         445|  2.1458e-01|   -7.928477|   -9.464239|    1.099018|    0.031310|   -0.005787|
|         446|  2.1455e-01|   -7.931392|   -9.467317|    1.098790|    0.031314|   -0.005813|
|         447|  2.1451e-01|   -7.934315|   -9.470425|    1.098564|    0.031317|   -0.005839|
|         448|  2.1447e-01|   -7.937243|   -9.473550|    1.098339|    0.031320|   -0.005865|
|         449|  2.1443e-01|   -7.940177|   -9.476695|    1.098115|    0.031323|   -0.005890|
|         450|  2.1452e-01|   -7.943117|   -9.479802|    1.097893|    0.031326|   -0.005916|
|         451|  2.1450e-01|   -7.946064|   -9.482889|    1.097672|    0.031329|   -0.005941|
|         452|  2.1447e-01|   -7.949017|   -9.486022|    1.097453|    0.031332|   -0.005966|
|         453|  2.1443e-01|   -7.951979|   -9.489153|    1.097234|    0.031336|   -0.005991|
|         454|  2.1439e-01|   -7.954952|   -9.492280|    1.097017|    0.031339|   -0.006015|
|         455|  2.1436e-01|   -7.957937|   -9.495407|    1.096802|    0.031342|   -0.006040|
|         456|  2.1432e-01|   -7.960937|   -9.498537|    1.096587|    0.031345|   -0.006064|
|         457|  2.1428e-01|   -7.963954|   -9.501642|    1.096374|    0.031348|   -0.006089|
|         458|  2.1425e-01|   -7.966989|   -9.504779|    1.096162|    0.031351|   -0.006113|
|         459|  2.1421e-01|   -7.970046|   -9.507700|    1.095952|    0.031354|   -0.006136|
|         460|  2.1417e-01|   -7.973124|   -9.510650|    1.095742|    0.031357|   -0.006160|
|         461|  2.1413e-01|   -7.976225|   -9.513593|    1.095534|    0.031361|   -0.006184|
|         462|  2.1410e-01|   -7.979350|   -9.516514|    1.095328|    0.031364|   -0.006207|
|         463|  2.1407e-01|   -7.982498|   -9.519436|    1.095122|    0.031367|   -0.006230|
|         464|  2.1404e-01|   -7.985669|   -9.522340|    1.094918|    0.031370|   -0.006253|
|         465|  2.1402e-01|   -7.988863|   -9.525146|    1.094716|    0.031373|   -0.006275|
|         466|  2.1399e-01|   -7.992076|   -9.528006|    1.094514|    0.031377|   -0.006298|
|         467|  2.1395e-01|   -7.995308|   -9.530841|    1.094314|    0.031380|   -0.006320|
|         468|  2.1392e-01|   -7.998556|   -9.533661|    1.094116|    0.031383|   -0.006342|
|         469|  2.1389e-01|   -8.001817|   -9.536449|    1.093918|    0.031386|   -0.006365|
|         470|  2.1386e-01|   -8.005088|   -9.539216|    1.093722|    0.031390|   -0.006386|
|         471|  2.1383e-01|   -8.008367|   -9.541960|    1.093527|    0.031393|   -0.006408|
|         472|  2.1380e-01|   -8.011650|   -9.544687|    1.093333|    0.031396|   -0.006430|
|         473|  2.1377e-01|   -8.014935|   -9.547425|    1.093140|    0.031399|   -0.006451|
|         474|  2.1373e-01|   -8.018221|   -9.550085|    1.092948|    0.031403|   -0.006472|
|         475|  2.1371e-01|   -8.021504|   -9.552709|    1.092758|    0.031406|   -0.006494|
|         476|  2.1369e-01|   -8.024783|   -9.555358|    1.092568|    0.031409|   -0.006515|
|         477|  2.1365e-01|   -8.028058|   -9.557971|    1.092380|    0.031412|   -0.006536|
|         478|  2.1362e-01|   -8.031327|   -9.560490|    1.092193|    0.031415|   -0.006556|
|         479|  2.1359e-01|   -8.034590|   -9.563017|    1.092006|    0.031418|   -0.006577|
|         480|  2.1356e-01|   -8.037848|   -9.565560|    1.091821|    0.031421|   -0.006598|
|         481|  2.1355e-01|   -8.041101|   -9.568097|    1.091637|    0.031424|   -0.006618|
|         482|  2.1352e-01|   -8.044349|   -9.570620|    1.091454|    0.031428|   -0.006639|
|         483|  2.1349e-01|   -8.047594|   -9.573113|    1.091272|    0.031430|   -0.006659|
|         484|  2.1347e-01|   -8.050837|   -9.575579|    1.091090|    0.031433|   -0.006679|
|         485|  2.1344e-01|   -8.054079|   -9.577995|    1.090910|    0.031436|   -0.006699|
|         486|  2.1341e-01|   -8.057320|   -9.580440|    1.090731|    0.031439|   -0.006719|
|         487|  2.1338e-01|   -8.060563|   -9.582910|    1.090553|    0.031442|   -0.006739|
|         488|  2.1334e-01|   -8.063806|   -9.585253|    1.090376|    0.031445|   -0.006758|
|         489|  2.1331e-01|   -8.067051|   -9.587554|    1.090200|    0.031448|   -0.006778|
|         490|  2.1328e-01|   -8.070298|   -9.589839|    1.090025|    0.031451|   -0.006797|
|         491|  2.1325e-01|   -8.073547|   -9.592117|    1.089852|    0.031454|   -0.006816|
|         492|  2.1322e-01|   -8.076797|   -9.594382|    1.089679|    0.031456|   -0.006835|
|         493|  2.1319e-01|   -8.080047|   -9.596629|    1.089507|    0.031459|   -0.006854|
|         494|  2.1316e-01|   -8.083298|   -9.598864|    1.089336|    0.031462|   -0.006873|
|         495|  2.1316e-01|   -8.086547|   -9.601088|    1.089167|    0.031465|   -0.006892|
|         496|  2.1315e-01|   -8.089793|   -9.603311|    1.088998|    0.031468|   -0.006911|
|         497|  2.1315e-01|   -8.093036|   -9.605595|    1.088830|    0.031470|   -0.006929|
|         498|  2.1315e-01|   -8.096275|   -9.607775|    1.088663|    0.031473|   -0.006947|
|         499|  2.1317e-01|   -8.099507|   -9.609771|    1.088498|    0.031476|   -0.006966|
|         500|  2.1316e-01|   -8.102731|   -9.611900|    1.088333|    0.031478|   -0.006984|
+-----------------------------------------------------------------------+
|        File Writing Summary       |              Filename             |
+-----------------------------------------------------------------------+
|SU2 binary restart                 |restart_flow.dat                   |
|Paraview                           |flow.vtu                           |
|Paraview surface                   |surface_flow.vtu                   |
+-----------------------------------------------------------------------+
+------------------------------------------------------------------------------------------+
|  Inner_Iter|   Time(sec)|    rms[Rho]|     rms[nu]|          CL|          CD|         CMz|
+------------------------------------------------------------------------------------------+
|         501|  2.1333e-01|   -8.105947|   -9.614001|    1.088169|    0.031481|   -0.007002|
|         502|  2.1334e-01|   -8.109154|   -9.616089|    1.088006|    0.031484|   -0.007020|
|         503|  2.1332e-01|   -8.112350|   -9.618197|    1.087844|    0.031486|   -0.007038|
|         504|  2.1333e-01|   -8.115535|   -9.620350|    1.087683|    0.031489|   -0.007055|
|         505|  2.1343e-01|   -8.118709|   -9.622340|    1.087523|    0.031492|   -0.007073|
|         506|  2.1343e-01|   -8.121870|   -9.624321|    1.087363|    0.031494|   -0.007091|
|         507|  2.1341e-01|   -8.125019|   -9.626430|    1.087205|    0.031497|   -0.007108|
|         508|  2.1341e-01|   -8.128154|   -9.628489|    1.087047|    0.031499|   -0.007125|
|         509|  2.1341e-01|   -8.131277|   -9.630308|    1.086891|    0.031502|   -0.007142|
|         510|  2.1340e-01|   -8.134385|   -9.632072|    1.086735|    0.031504|   -0.007160|
|         511|  2.1339e-01|   -8.137480|   -9.633894|    1.086580|    0.031507|   -0.007177|
|         512|  2.1340e-01|   -8.140561|   -9.635718|    1.086426|    0.031509|   -0.007193|
|         513|  2.1339e-01|   -8.143627|   -9.637548|    1.086273|    0.031512|   -0.007210|
|         514|  2.1340e-01|   -8.146679|   -9.639387|    1.086121|    0.031514|   -0.007227|
|         515|  2.1339e-01|   -8.149716|   -9.641234|    1.085970|    0.031516|   -0.007243|
|         516|  2.1337e-01|   -8.152738|   -9.643086|    1.085819|    0.031519|   -0.007260|
|         517|  2.1338e-01|   -8.155744|   -9.644938|    1.085669|    0.031521|   -0.007276|
|         518|  2.1335e-01|   -8.158733|   -9.646786|    1.085521|    0.031524|   -0.007292|
|         519|  2.1336e-01|   -8.161706|   -9.648641|    1.085373|    0.031526|   -0.007308|
|         520|  2.1333e-01|   -8.164663|   -9.650504|    1.085226|    0.031528|   -0.007324|
|         521|  2.1330e-01|   -8.167602|   -9.652353|    1.085079|    0.031531|   -0.007340|
|         522|  2.1330e-01|   -8.170523|   -9.654218|    1.084934|    0.031533|   -0.007356|
|         523|  2.1327e-01|   -8.173427|   -9.656094|    1.084789|    0.031536|   -0.007372|
|         524|  2.1326e-01|   -8.176314|   -9.657935|    1.084645|    0.031538|   -0.007387|
|         525|  2.1323e-01|   -8.179184|   -9.659843|    1.084502|    0.031540|   -0.007403|
|         526|  2.1322e-01|   -8.182037|   -9.661769|    1.084360|    0.031543|   -0.007418|
|         527|  2.1322e-01|   -8.184874|   -9.663688|    1.084218|    0.031545|   -0.007434|
|         528|  2.1320e-01|   -8.187695|   -9.665640|    1.084077|    0.031547|   -0.007449|
|         529|  2.1319e-01|   -8.190502|   -9.667609|    1.083937|    0.031550|   -0.007464|
|         530|  2.1330e-01|   -8.193296|   -9.669582|    1.083798|    0.031552|   -0.007479|
|         531|  2.1333e-01|   -8.196077|   -9.671611|    1.083659|    0.031554|   -0.007494|
|         532|  2.1332e-01|   -8.198847|   -9.673665|    1.083521|    0.031556|   -0.007509|
|         533|  2.1330e-01|   -8.201607|   -9.675729|    1.083384|    0.031559|   -0.007524|
|         534|  2.1332e-01|   -8.204359|   -9.677723|    1.083248|    0.031561|   -0.007538|
|         535|  2.1333e-01|   -8.207103|   -9.679764|    1.083112|    0.031563|   -0.007553|
|         536|  2.1333e-01|   -8.209842|   -9.681759|    1.082977|    0.031565|   -0.007567|
|         537|  2.1332e-01|   -8.212576|   -9.683774|    1.082843|    0.031568|   -0.007582|
|         538|  2.1330e-01|   -8.215306|   -9.685838|    1.082709|    0.031570|   -0.007596|
|         539|  2.1327e-01|   -8.218034|   -9.687915|    1.082576|    0.031572|   -0.007610|
|         540|  2.1324e-01|   -8.220760|   -9.689997|    1.082444|    0.031574|   -0.007624|
|         541|  2.1322e-01|   -8.223485|   -9.692086|    1.082312|    0.031577|   -0.007638|
|         542|  2.1319e-01|   -8.226210|   -9.694181|    1.082181|    0.031579|   -0.007652|
|         543|  2.1318e-01|   -8.228935|   -9.696280|    1.082051|    0.031581|   -0.007666|
|         544|  2.1315e-01|   -8.231660|   -9.698381|    1.081922|    0.031583|   -0.007680|
|         545|  2.1315e-01|   -8.234386|   -9.700481|    1.081793|    0.031585|   -0.007694|
|         546|  2.1320e-01|   -8.237113|   -9.702578|    1.081665|    0.031588|   -0.007708|
|         547|  2.1324e-01|   -8.239841|   -9.704673|    1.081537|    0.031590|   -0.007721|
|         548|  2.1326e-01|   -8.242571|   -9.706760|    1.081410|    0.031592|   -0.007735|
|         549|  2.1328e-01|   -8.245301|   -9.708839|    1.081284|    0.031594|   -0.007748|
|         550|  2.1330e-01|   -8.248033|   -9.710915|    1.081158|    0.031596|   -0.007761|
|         551|  2.1331e-01|   -8.250766|   -9.712986|    1.081033|    0.031599|   -0.007774|
|         552|  2.1333e-01|   -8.253501|   -9.715042|    1.080909|    0.031601|   -0.007788|
|         553|  2.1331e-01|   -8.256237|   -9.717100|    1.080785|    0.031603|   -0.007801|
|         554|  2.1329e-01|   -8.258974|   -9.719163|    1.080662|    0.031605|   -0.007814|
|         555|  2.1327e-01|   -8.261713|   -9.721226|    1.080540|    0.031607|   -0.007827|
|         556|  2.1325e-01|   -8.264454|   -9.723292|    1.080418|    0.031609|   -0.007840|
|         557|  2.1327e-01|   -8.267197|   -9.725368|    1.080297|    0.031612|   -0.007852|
|         558|  2.1329e-01|   -8.269943|   -9.727449|    1.080176|    0.031614|   -0.007865|
|         559|  2.1333e-01|   -8.272691|   -9.729530|    1.080056|    0.031616|   -0.007878|
|         560|  2.1343e-01|   -8.275442|   -9.731619|    1.079937|    0.031618|   -0.007890|
|         561|  2.1355e-01|   -8.278195|   -9.733720|    1.079818|    0.031620|   -0.007903|
|         562|  2.1358e-01|   -8.280951|   -9.735833|    1.079700|    0.031622|   -0.007915|
|         563|  2.1360e-01|   -8.283709|   -9.737962|    1.079582|    0.031624|   -0.007928|
|         564|  2.1363e-01|   -8.286470|   -9.740115|    1.079465|    0.031626|   -0.007940|
|         565|  2.1374e-01|   -8.289233|   -9.742298|    1.079348|    0.031628|   -0.007952|
|         566|  2.1376e-01|   -8.291998|   -9.744483|    1.079232|    0.031630|   -0.007964|
|         567|  2.1379e-01|   -8.294764|   -9.746664|    1.079117|    0.031632|   -0.007976|
|         568|  2.1381e-01|   -8.297531|   -9.748847|    1.079002|    0.031635|   -0.007988|
|         569|  2.1383e-01|   -8.300298|   -9.750975|    1.078888|    0.031637|   -0.008000|
|         570|  2.1387e-01|   -8.303064|   -9.753197|    1.078775|    0.031639|   -0.008012|
|         571|  2.1393e-01|   -8.305828|   -9.755452|    1.078662|    0.031641|   -0.008024|
|         572|  2.1394e-01|   -8.308590|   -9.757715|    1.078549|    0.031643|   -0.008035|
|         573|  2.1394e-01|   -8.311348|   -9.759767|    1.078437|    0.031645|   -0.008047|
|         574|  2.1395e-01|   -8.314101|   -9.761932|    1.078326|    0.031647|   -0.008059|
|         575|  2.1399e-01|   -8.316848|   -9.764089|    1.078215|    0.031649|   -0.008070|
|         576|  2.1411e-01|   -8.319588|   -9.766241|    1.078105|    0.031651|   -0.008082|
|         577|  2.1417e-01|   -8.322321|   -9.768370|    1.077995|    0.031653|   -0.008093|
|         578|  2.1422e-01|   -8.325045|   -9.770502|    1.077886|    0.031655|   -0.008104|
|         579|  2.1425e-01|   -8.327759|   -9.772627|    1.077777|    0.031657|   -0.008116|
|         580|  2.1425e-01|   -8.330464|   -9.774744|    1.077669|    0.031659|   -0.008127|
|         581|  2.1435e-01|   -8.333157|   -9.776847|    1.077561|    0.031661|   -0.008138|
|         582|  2.1440e-01|   -8.335838|   -9.778926|    1.077454|    0.031663|   -0.008149|
|         583|  2.1443e-01|   -8.338508|   -9.780997|    1.077348|    0.031665|   -0.008160|
|         584|  2.1447e-01|   -8.341165|   -9.783064|    1.077242|    0.031667|   -0.008171|
|         585|  2.1450e-01|   -8.343808|   -9.785131|    1.077136|    0.031669|   -0.008182|
|         586|  2.1453e-01|   -8.346439|   -9.787167|    1.077031|    0.031671|   -0.008192|
|         587|  2.1455e-01|   -8.349057|   -9.789208|    1.076927|    0.031673|   -0.008203|
|         588|  2.1454e-01|   -8.351661|   -9.791206|    1.076822|    0.031674|   -0.008214|
|         589|  2.1454e-01|   -8.354252|   -9.793184|    1.076719|    0.031676|   -0.008225|
|         590|  2.1454e-01|   -8.356830|   -9.795134|    1.076616|    0.031678|   -0.008235|
|         591|  2.1453e-01|   -8.359394|   -9.797044|    1.076513|    0.031680|   -0.008246|
|         592|  2.1453e-01|   -8.361946|   -9.798876|    1.076411|    0.031682|   -0.008256|
|         593|  2.1467e-01|   -8.364486|   -9.800723|    1.076310|    0.031684|   -0.008266|
|         594|  2.1470e-01|   -8.367013|   -9.802568|    1.076209|    0.031686|   -0.008277|
|         595|  2.1469e-01|   -8.369528|   -9.804381|    1.076108|    0.031688|   -0.008287|
|         596|  2.1470e-01|   -8.372031|   -9.806170|    1.076008|    0.031690|   -0.008297|
|         597|  2.1470e-01|   -8.374523|   -9.807937|    1.075909|    0.031692|   -0.008307|
|         598|  2.1469e-01|   -8.377005|   -9.809685|    1.075810|    0.031693|   -0.008317|
|         599|  2.1469e-01|   -8.379475|   -9.811414|    1.075711|    0.031695|   -0.008328|
|         600|  2.1472e-01|   -8.381936|   -9.813134|    1.075613|    0.031697|   -0.008338|
|         601|  2.1474e-01|   -8.384387|   -9.814837|    1.075515|    0.031699|   -0.008347|
|         602|  2.1474e-01|   -8.386829|   -9.816517|    1.075418|    0.031701|   -0.008357|
|         603|  2.1473e-01|   -8.389262|   -9.818183|    1.075321|    0.031703|   -0.008367|
|         604|  2.1472e-01|   -8.391686|   -9.819845|    1.075225|    0.031705|   -0.008377|
|         605|  2.1472e-01|   -8.394103|   -9.821489|    1.075129|    0.031706|   -0.008387|
|         606|  2.1477e-01|   -8.396513|   -9.823116|    1.075033|    0.031708|   -0.008396|
|         607|  2.1488e-01|   -8.398915|   -9.824733|    1.074938|    0.031710|   -0.008406|
|         608|  2.1488e-01|   -8.401311|   -9.826342|    1.074844|    0.031712|   -0.008416|
|         609|  2.1487e-01|   -8.403701|   -9.827941|    1.074750|    0.031714|   -0.008425|
|         610|  2.1485e-01|   -8.406085|   -9.829550|    1.074656|    0.031715|   -0.008434|
|         611|  2.1483e-01|   -8.408463|   -9.831114|    1.074563|    0.031717|   -0.008444|
|         612|  2.1481e-01|   -8.410837|   -9.832675|    1.074470|    0.031719|   -0.008453|
|         613|  2.1479e-01|   -8.413207|   -9.834248|    1.074378|    0.031721|   -0.008463|
|         614|  2.1478e-01|   -8.415572|   -9.835822|    1.074286|    0.031722|   -0.008472|
|         615|  2.1477e-01|   -8.417933|   -9.837408|    1.074195|    0.031724|   -0.008481|
|         616|  2.1478e-01|   -8.420291|   -9.839018|    1.074104|    0.031726|   -0.008490|
|         617|  2.1479e-01|   -8.422645|   -9.840606|    1.074013|    0.031728|   -0.008499|
|         618|  2.1480e-01|   -8.424996|   -9.842194|    1.073923|    0.031729|   -0.008508|
|         619|  2.1479e-01|   -8.427343|   -9.843757|    1.073833|    0.031731|   -0.008517|
|         620|  2.1478e-01|   -8.429688|   -9.845280|    1.073744|    0.031733|   -0.008526|
|         621|  2.1476e-01|   -8.432029|   -9.846877|    1.073655|    0.031735|   -0.008535|
|         622|  2.1474e-01|   -8.434367|   -9.848528|    1.073566|    0.031736|   -0.008544|
|         623|  2.1471e-01|   -8.436702|   -9.850194|    1.073478|    0.031738|   -0.008553|
|         624|  2.1469e-01|   -8.439034|   -9.851885|    1.073390|    0.031740|   -0.008562|
|         625|  2.1469e-01|   -8.441363|   -9.853604|    1.073303|    0.031742|   -0.008570|
|         626|  2.1470e-01|   -8.443688|   -9.855351|    1.073216|    0.031743|   -0.008579|
|         627|  2.1468e-01|   -8.446011|   -9.857128|    1.073130|    0.031745|   -0.008588|
|         628|  2.1466e-01|   -8.448330|   -9.858932|    1.073044|    0.031747|   -0.008596|
|         629|  2.1463e-01|   -8.450645|   -9.860821|    1.072958|    0.031748|   -0.008605|
|         630|  2.1471e-01|   -8.452958|   -9.862529|    1.072873|    0.031750|   -0.008613|
|         631|  2.1473e-01|   -8.455266|   -9.864331|    1.072788|    0.031752|   -0.008622|
|         632|  2.1474e-01|   -8.457572|   -9.866156|    1.072703|    0.031753|   -0.008630|
|         633|  2.1475e-01|   -8.459873|   -9.868004|    1.072619|    0.031755|   -0.008638|
|         634|  2.1477e-01|   -8.462172|   -9.869878|    1.072535|    0.031757|   -0.008647|
|         635|  2.1475e-01|   -8.464466|   -9.871761|    1.072452|    0.031758|   -0.008655|
|         636|  2.1472e-01|   -8.466757|   -9.873649|    1.072369|    0.031760|   -0.008663|
|         637|  2.1470e-01|   -8.469045|   -9.875541|    1.072286|    0.031762|   -0.008671|
|         638|  2.1467e-01|   -8.471328|   -9.877432|    1.072204|    0.031763|   -0.008680|
|         639|  2.1465e-01|   -8.473607|   -9.879319|    1.072122|    0.031765|   -0.008688|
|         640|  2.1463e-01|   -8.475883|   -9.881201|    1.072040|    0.031767|   -0.008696|
|         641|  2.1461e-01|   -8.478155|   -9.883079|    1.071959|    0.031768|   -0.008704|
|         642|  2.1459e-01|   -8.480422|   -9.884954|    1.071879|    0.031770|   -0.008712|
|         643|  2.1457e-01|   -8.482685|   -9.886830|    1.071798|    0.031771|   -0.008719|
|         644|  2.1456e-01|   -8.484945|   -9.888711|    1.071718|    0.031773|   -0.008727|
|         645|  2.1454e-01|   -8.487200|   -9.890672|    1.071638|    0.031775|   -0.008735|
|         646|  2.1457e-01|   -8.489450|   -9.892524|    1.071559|    0.031776|   -0.008743|
|         647|  2.1459e-01|   -8.491697|   -9.894269|    1.071480|    0.031778|   -0.008751|
|         648|  2.1460e-01|   -8.493940|   -9.896110|    1.071402|    0.031779|   -0.008758|
|         649|  2.1461e-01|   -8.496178|   -9.897974|    1.071323|    0.031781|   -0.008766|
|         650|  2.1463e-01|   -8.498413|   -9.899906|    1.071245|    0.031783|   -0.008774|
|         651|  2.1464e-01|   -8.500644|   -9.901893|    1.071168|    0.031784|   -0.008781|
|         652|  2.1466e-01|   -8.502871|   -9.903621|    1.071091|    0.031786|   -0.008789|
|         653|  2.1468e-01|   -8.505094|   -9.905487|    1.071014|    0.031787|   -0.008796|
|         654|  2.1466e-01|   -8.507314|   -9.907388|    1.070937|    0.031789|   -0.008804|
|         655|  2.1465e-01|   -8.509530|   -9.909321|    1.070861|    0.031791|   -0.008811|
|         656|  2.1463e-01|   -8.511743|   -9.911288|    1.070785|    0.031792|   -0.008819|
|         657|  2.1462e-01|   -8.513952|   -9.913283|    1.070710|    0.031794|   -0.008826|
|         658|  2.1461e-01|   -8.516158|   -9.915303|    1.070635|    0.031795|   -0.008833|
|         659|  2.1459e-01|   -8.518360|   -9.917344|    1.070560|    0.031797|   -0.008840|
|         660|  2.1458e-01|   -8.520559|   -9.919405|    1.070486|    0.031798|   -0.008848|
|         661|  2.1456e-01|   -8.522754|   -9.921484|    1.070411|    0.031800|   -0.008855|
|         662|  2.1455e-01|   -8.524945|   -9.923584|    1.070338|    0.031801|   -0.008862|
|         663|  2.1454e-01|   -8.527133|   -9.925708|    1.070264|    0.031803|   -0.008869|
|         664|  2.1452e-01|   -8.529317|   -9.927863|    1.070191|    0.031805|   -0.008876|
|         665|  2.1451e-01|   -8.531497|   -9.930011|    1.070118|    0.031806|   -0.008883|
|         666|  2.1449e-01|   -8.533672|   -9.932170|    1.070046|    0.031808|   -0.008890|
|         667|  2.1447e-01|   -8.535844|   -9.934334|    1.069974|    0.031809|   -0.008897|
|         668|  2.1447e-01|   -8.538011|   -9.936520|    1.069902|    0.031811|   -0.008904|
|         669|  2.1450e-01|   -8.540173|   -9.938706|    1.069830|    0.031812|   -0.008911|
|         670|  2.1452e-01|   -8.542331|   -9.940864|    1.069759|    0.031814|   -0.008918|
|         671|  2.1453e-01|   -8.544484|   -9.942984|    1.069688|    0.031815|   -0.008925|
|         672|  2.1455e-01|   -8.546632|   -9.945184|    1.069618|    0.031817|   -0.008931|
|         673|  2.1455e-01|   -8.548774|   -9.947379|    1.069548|    0.031818|   -0.008938|
|         674|  2.1454e-01|   -8.550911|   -9.949606|    1.069478|    0.031820|   -0.008945|
|         675|  2.1453e-01|   -8.553043|   -9.951844|    1.069408|    0.031821|   -0.008951|
|         676|  2.1451e-01|   -8.555170|   -9.954016|    1.069339|    0.031823|   -0.008958|
|         677|  2.1450e-01|   -8.557291|   -9.956173|    1.069270|    0.031824|   -0.008965|
|         678|  2.1449e-01|   -8.559407|   -9.958312|    1.069201|    0.031826|   -0.008971|
|         679|  2.1448e-01|   -8.561517|   -9.960430|    1.069133|    0.031827|   -0.008978|
|         680|  2.1447e-01|   -8.563621|   -9.962410|    1.069065|    0.031829|   -0.008984|
|         681|  2.1446e-01|   -8.565720|   -9.964491|    1.068997|    0.031830|   -0.008991|
|         682|  2.1444e-01|   -8.567813|   -9.966561|    1.068929|    0.031831|   -0.008997|
|         683|  2.1443e-01|   -8.569901|   -9.968573|    1.068862|    0.031833|   -0.009004|
|         684|  2.1442e-01|   -8.571983|   -9.970520|    1.068795|    0.031834|   -0.009010|
|         685|  2.1441e-01|   -8.574060|   -9.972490|    1.068729|    0.031836|   -0.009016|
|         686|  2.1439e-01|   -8.576130|   -9.974448|    1.068663|    0.031837|   -0.009023|
|         687|  2.1439e-01|   -8.578196|   -9.976378|    1.068597|    0.031839|   -0.009029|
|         688|  2.1438e-01|   -8.580256|   -9.978277|    1.068531|    0.031840|   -0.009035|
|         689|  2.1437e-01|   -8.582310|   -9.980145|    1.068466|    0.031842|   -0.009041|
|         690|  2.1436e-01|   -8.584359|   -9.981981|    1.068400|    0.031843|   -0.009048|
|         691|  2.1435e-01|   -8.586403|   -9.983781|    1.068336|    0.031844|   -0.009054|
|         692|  2.1433e-01|   -8.588441|   -9.985546|    1.068271|    0.031846|   -0.009060|
|         693|  2.1432e-01|   -8.590474|   -9.987273|    1.068207|    0.031847|   -0.009066|
|         694|  2.1431e-01|   -8.592501|   -9.988958|    1.068143|    0.031849|   -0.009072|
|         695|  2.1430e-01|   -8.594523|   -9.990598|    1.068079|    0.031850|   -0.009078|
|         696|  2.1429e-01|   -8.596539|   -9.992199|    1.068016|    0.031851|   -0.009084|
|         697|  2.1429e-01|   -8.598550|   -9.993767|    1.067953|    0.031853|   -0.009090|
|         698|  2.1427e-01|   -8.600555|   -9.995301|    1.067890|    0.031854|   -0.009096|
|         699|  2.1426e-01|   -8.602555|   -9.996799|    1.067827|    0.031856|   -0.009102|
|         700|  2.1425e-01|   -8.604549|   -9.998264|    1.067765|    0.031857|   -0.009108|
|         701|  2.1423e-01|   -8.606538|   -9.999694|    1.067703|    0.031858|   -0.009114|
|         702|  2.1422e-01|   -8.608521|  -10.001094|    1.067641|    0.031860|   -0.009119|
|         703|  2.1422e-01|   -8.610498|  -10.002473|    1.067580|    0.031861|   -0.009125|
|         704|  2.1420e-01|   -8.612469|  -10.003839|    1.067518|    0.031862|   -0.009131|
|         705|  2.1427e-01|   -8.614435|  -10.005195|    1.067457|    0.031864|   -0.009137|
|         706|  2.1429e-01|   -8.616395|  -10.006542|    1.067397|    0.031865|   -0.009142|
|         707|  2.1431e-01|   -8.618350|  -10.007885|    1.067336|    0.031866|   -0.009148|
|         708|  2.1432e-01|   -8.620299|  -10.009227|    1.067276|    0.031868|   -0.009154|
|         709|  2.1434e-01|   -8.622243|  -10.010573|    1.067216|    0.031869|   -0.009159|
|         710|  2.1436e-01|   -8.624182|  -10.011926|    1.067157|    0.031871|   -0.009165|
|         711|  2.1438e-01|   -8.626116|  -10.013291|    1.067097|    0.031872|   -0.009170|
|         712|  2.1436e-01|   -8.628046|  -10.014669|    1.067038|    0.031873|   -0.009176|
|         713|  2.1435e-01|   -8.629971|  -10.016066|    1.066979|    0.031874|   -0.009181|
|         714|  2.1434e-01|   -8.631891|  -10.017500|    1.066921|    0.031876|   -0.009187|
|         715|  2.1433e-01|   -8.633808|  -10.018932|    1.066862|    0.031877|   -0.009192|
|         716|  2.1431e-01|   -8.635721|  -10.020382|    1.066804|    0.031878|   -0.009198|
|         717|  2.1430e-01|   -8.637631|  -10.021856|    1.066746|    0.031880|   -0.009203|
|         718|  2.1428e-01|   -8.639537|  -10.023357|    1.066689|    0.031881|   -0.009209|
|         719|  2.1427e-01|   -8.641441|  -10.024884|    1.066631|    0.031882|   -0.009214|
|         720|  2.1426e-01|   -8.643341|  -10.026465|    1.066574|    0.031884|   -0.009219|
|         721|  2.1427e-01|   -8.645239|  -10.028044|    1.066517|    0.031885|   -0.009225|
|         722|  2.1426e-01|   -8.647134|  -10.029641|    1.066461|    0.031886|   -0.009230|
|         723|  2.1425e-01|   -8.649026|  -10.031264|    1.066404|    0.031887|   -0.009235|
|         724|  2.1423e-01|   -8.650916|  -10.032912|    1.066348|    0.031889|   -0.009240|
|         725|  2.1422e-01|   -8.652804|  -10.034587|    1.066292|    0.031890|   -0.009246|
|         726|  2.1421e-01|   -8.654689|  -10.036286|    1.066237|    0.031891|   -0.009251|
|         727|  2.1420e-01|   -8.656571|  -10.038009|    1.066181|    0.031893|   -0.009256|
|         728|  2.1421e-01|   -8.658452|  -10.039755|    1.066126|    0.031894|   -0.009261|
|         729|  2.1421e-01|   -8.660329|  -10.041512|    1.066071|    0.031895|   -0.009266|
|         730|  2.1422e-01|   -8.662205|  -10.043263|    1.066017|    0.031896|   -0.009271|
|         731|  2.1422e-01|   -8.664078|  -10.045079|    1.065962|    0.031898|   -0.009276|
|         732|  2.1420e-01|   -8.665949|  -10.046909|    1.065908|    0.031899|   -0.009281|
|         733|  2.1418e-01|   -8.667817|  -10.048713|    1.065854|    0.031900|   -0.009286|
|         734|  2.1416e-01|   -8.669683|  -10.050533|    1.065800|    0.031901|   -0.009291|
|         735|  2.1413e-01|   -8.671547|  -10.052410|    1.065746|    0.031902|   -0.009296|
|         736|  2.1411e-01|   -8.673409|  -10.054302|    1.065693|    0.031904|   -0.009301|
|         737|  2.1409e-01|   -8.675268|  -10.056207|    1.065640|    0.031905|   -0.009306|
|         738|  2.1408e-01|   -8.677126|  -10.058126|    1.065587|    0.031906|   -0.009311|
|         739|  2.1406e-01|   -8.678981|  -10.060058|    1.065534|    0.031907|   -0.009316|
|         740|  2.1404e-01|   -8.680834|  -10.062003|    1.065482|    0.031908|   -0.009321|
|         741|  2.1402e-01|   -8.682685|  -10.063959|    1.065430|    0.031910|   -0.009325|
|         742|  2.1399e-01|   -8.684534|  -10.065925|    1.065378|    0.031911|   -0.009330|
|         743|  2.1397e-01|   -8.686382|  -10.067903|    1.065326|    0.031912|   -0.009335|
|         744|  2.1396e-01|   -8.688228|  -10.069901|    1.065274|    0.031913|   -0.009340|
|         745|  2.1394e-01|   -8.690072|  -10.071908|    1.065223|    0.031914|   -0.009344|
|         746|  2.1392e-01|   -8.691914|  -10.073972|    1.065172|    0.031916|   -0.009349|
|         747|  2.1389e-01|   -8.693755|  -10.075961|    1.065121|    0.031917|   -0.009354|
|         748|  2.1388e-01|   -8.695594|  -10.077942|    1.065070|    0.031918|   -0.009358|
|         749|  2.1386e-01|   -8.697432|  -10.079908|    1.065020|    0.031919|   -0.009363|
|         750|  2.1384e-01|   -8.699268|  -10.081865|    1.064970|    0.031920|   -0.009368|
+-----------------------------------------------------------------------+
|        File Writing Summary       |              Filename             |
+-----------------------------------------------------------------------+
|SU2 binary restart                 |restart_flow.dat                   |
|Paraview                           |flow.vtu                           |
|Paraview surface                   |surface_flow.vtu                   |
+-----------------------------------------------------------------------+
+------------------------------------------------------------------------------------------+
|  Inner_Iter|   Time(sec)|    rms[Rho]|     rms[nu]|          CL|          CD|         CMz|
+------------------------------------------------------------------------------------------+
|         751|  2.1390e-01|   -8.701103|  -10.083814|    1.064920|    0.031921|   -0.009372|
|         752|  2.1388e-01|   -8.702935|  -10.085675|    1.064870|    0.031923|   -0.009377|
|         753|  2.1387e-01|   -8.704766|  -10.087501|    1.064820|    0.031924|   -0.009381|
|         754|  2.1385e-01|   -8.706594|  -10.089452|    1.064771|    0.031925|   -0.009386|
|         755|  2.1384e-01|   -8.708420|  -10.091473|    1.064722|    0.031926|   -0.009390|
|         756|  2.1393e-01|   -8.710243|  -10.093391|    1.064673|    0.031927|   -0.009395|
|         757|  2.1395e-01|   -8.712064|  -10.095045|    1.064624|    0.031928|   -0.009399|
|         758|  2.1396e-01|   -8.713882|  -10.096706|    1.064575|    0.031929|   -0.009404|
|         759|  2.1397e-01|   -8.715698|  -10.098536|    1.064527|    0.031931|   -0.009408|
|         760|  2.1400e-01|   -8.717511|  -10.100253|    1.064479|    0.031932|   -0.009413|
|         761|  2.1399e-01|   -8.719321|  -10.101854|    1.064431|    0.031933|   -0.009417|
|         762|  2.1403e-01|   -8.721127|  -10.103583|    1.064383|    0.031934|   -0.009421|
|         763|  2.1405e-01|   -8.722932|  -10.105323|    1.064335|    0.031935|   -0.009426|
|         764|  2.1407e-01|   -8.724733|  -10.107061|    1.064288|    0.031936|   -0.009430|
|         765|  2.1406e-01|   -8.726532|  -10.108798|    1.064241|    0.031937|   -0.009434|
|         766|  2.1404e-01|   -8.728328|  -10.110534|    1.064194|    0.031938|   -0.009439|
|         767|  2.1405e-01|   -8.730122|  -10.112317|    1.064147|    0.031939|   -0.009443|
|         768|  2.1404e-01|   -8.731914|  -10.114049|    1.064101|    0.031941|   -0.009447|
|         769|  2.1403e-01|   -8.733703|  -10.115788|    1.064054|    0.031942|   -0.009451|
|         770|  2.1403e-01|   -8.735491|  -10.117542|    1.064008|    0.031943|   -0.009456|
|         771|  2.1405e-01|   -8.737276|  -10.119317|    1.063962|    0.031944|   -0.009460|
|         772|  2.1407e-01|   -8.739059|  -10.121110|    1.063916|    0.031945|   -0.009464|
|         773|  2.1406e-01|   -8.740840|  -10.122932|    1.063871|    0.031946|   -0.009468|
|         774|  2.1405e-01|   -8.742619|  -10.124781|    1.063825|    0.031947|   -0.009472|
|         775|  2.1404e-01|   -8.744396|  -10.126660|    1.063780|    0.031948|   -0.009476|
|         776|  2.1404e-01|   -8.746171|  -10.128551|    1.063735|    0.031949|   -0.009480|
|         777|  2.1405e-01|   -8.747945|  -10.130356|    1.063690|    0.031950|   -0.009484|
|         778|  2.1407e-01|   -8.749716|  -10.132294|    1.063646|    0.031951|   -0.009488|
|         779|  2.1409e-01|   -8.751486|  -10.134263|    1.063601|    0.031952|   -0.009492|
|         780|  2.1409e-01|   -8.753254|  -10.136241|    1.063557|    0.031954|   -0.009496|
|         781|  2.1409e-01|   -8.755020|  -10.138232|    1.063513|    0.031955|   -0.009500|
|         782|  2.1408e-01|   -8.756784|  -10.140235|    1.063469|    0.031956|   -0.009504|
|         783|  2.1409e-01|   -8.758547|  -10.142248|    1.063425|    0.031957|   -0.009508|
|         784|  2.1408e-01|   -8.760309|  -10.144268|    1.063382|    0.031958|   -0.009512|
|         785|  2.1406e-01|   -8.762068|  -10.146295|    1.063338|    0.031959|   -0.009516|
|         786|  2.1405e-01|   -8.763827|  -10.148316|    1.063295|    0.031960|   -0.009520|
|         787|  2.1403e-01|   -8.765585|  -10.150323|    1.063252|    0.031961|   -0.009524|
|         788|  2.1402e-01|   -8.767341|  -10.152319|    1.063209|    0.031962|   -0.009528|
|         789|  2.1402e-01|   -8.769096|  -10.154301|    1.063167|    0.031963|   -0.009532|
|         790|  2.1404e-01|   -8.770851|  -10.156268|    1.063124|    0.031964|   -0.009535|
|         791|  2.1405e-01|   -8.772604|  -10.158218|    1.063082|    0.031965|   -0.009539|
|         792|  2.1405e-01|   -8.774357|  -10.160148|    1.063040|    0.031966|   -0.009543|
|         793|  2.1405e-01|   -8.776109|  -10.162060|    1.062998|    0.031967|   -0.009547|
|         794|  2.1406e-01|   -8.777860|  -10.163955|    1.062956|    0.031968|   -0.009550|
|         795|  2.1409e-01|   -8.779610|  -10.165833|    1.062915|    0.031969|   -0.009554|
|         796|  2.1409e-01|   -8.781359|  -10.167696|    1.062873|    0.031970|   -0.009558|
|         797|  2.1408e-01|   -8.783108|  -10.169546|    1.062832|    0.031971|   -0.009562|
|         798|  2.1406e-01|   -8.784855|  -10.171389|    1.062791|    0.031972|   -0.009565|
|         799|  2.1405e-01|   -8.786601|  -10.173227|    1.062750|    0.031973|   -0.009569|
|         800|  2.1404e-01|   -8.788346|  -10.175067|    1.062710|    0.031974|   -0.009573|
|         801|  2.1403e-01|   -8.790089|  -10.176913|    1.062669|    0.031975|   -0.009576|
|         802|  2.1402e-01|   -8.791832|  -10.178771|    1.062629|    0.031976|   -0.009580|
|         803|  2.1400e-01|   -8.793573|  -10.180641|    1.062588|    0.031977|   -0.009583|
|         804|  2.1399e-01|   -8.795313|  -10.182549|    1.062548|    0.031978|   -0.009587|
|         805|  2.1397e-01|   -8.797051|  -10.184493|    1.062508|    0.031979|   -0.009591|
|         806|  2.1395e-01|   -8.798789|  -10.186415|    1.062469|    0.031980|   -0.009594|
|         807|  2.1395e-01|   -8.800525|  -10.188353|    1.062429|    0.031981|   -0.009598|
|         808|  2.1393e-01|   -8.802260|  -10.190312|    1.062390|    0.031982|   -0.009601|
|         809|  2.1392e-01|   -8.803993|  -10.192292|    1.062351|    0.031983|   -0.009605|
|         810|  2.1390e-01|   -8.805725|  -10.194291|    1.062312|    0.031984|   -0.009608|
|         811|  2.1397e-01|   -8.807456|  -10.196307|    1.062273|    0.031985|   -0.009612|
|         812|  2.1404e-01|   -8.809186|  -10.198334|    1.062234|    0.031985|   -0.009615|
|         813|  2.1405e-01|   -8.810914|  -10.200373|    1.062195|    0.031986|   -0.009619|
|         814|  2.1407e-01|   -8.812641|  -10.202422|    1.062157|    0.031987|   -0.009622|
|         815|  2.1409e-01|   -8.814367|  -10.204477|    1.062119|    0.031988|   -0.009625|
|         816|  2.1410e-01|   -8.816092|  -10.206535|    1.062080|    0.031989|   -0.009629|
|         817|  2.1412e-01|   -8.817816|  -10.208593|    1.062043|    0.031990|   -0.009632|
|         818|  2.1411e-01|   -8.819539|  -10.210645|    1.062005|    0.031991|   -0.009636|
|         819|  2.1411e-01|   -8.821261|  -10.212639|    1.061967|    0.031992|   -0.009639|
|         820|  2.1410e-01|   -8.822981|  -10.214569|    1.061930|    0.031993|   -0.009642|
|         821|  2.1410e-01|   -8.824701|  -10.216559|    1.061892|    0.031994|   -0.009646|
|         822|  2.1409e-01|   -8.826420|  -10.218547|    1.061855|    0.031995|   -0.009649|
|         823|  2.1408e-01|   -8.828138|  -10.220517|    1.061818|    0.031996|   -0.009652|
|         824|  2.1408e-01|   -8.829854|  -10.222468|    1.061781|    0.031996|   -0.009655|
|         825|  2.1415e-01|   -8.831570|  -10.224398|    1.061744|    0.031997|   -0.009659|
|         826|  2.1414e-01|   -8.833284|  -10.226307|    1.061708|    0.031998|   -0.009662|
|         827|  2.1413e-01|   -8.834998|  -10.228194|    1.061671|    0.031999|   -0.009665|
|         828|  2.1414e-01|   -8.836710|  -10.230052|    1.061635|    0.032000|   -0.009668|
|         829|  2.1414e-01|   -8.838420|  -10.231880|    1.061599|    0.032001|   -0.009672|
|         830|  2.1414e-01|   -8.840130|  -10.233680|    1.061563|    0.032002|   -0.009675|
|         831|  2.1414e-01|   -8.841839|  -10.235457|    1.061527|    0.032003|   -0.009678|
|         832|  2.1415e-01|   -8.843546|  -10.237219|    1.061491|    0.032004|   -0.009681|
|         833|  2.1416e-01|   -8.845252|  -10.238976|    1.061456|    0.032004|   -0.009684|
|         834|  2.1417e-01|   -8.846957|  -10.240710|    1.061420|    0.032005|   -0.009687|
|         835|  2.1415e-01|   -8.848661|  -10.242422|    1.061385|    0.032006|   -0.009691|
|         836|  2.1414e-01|   -8.850365|  -10.244181|    1.061350|    0.032007|   -0.009694|
|         837|  2.1413e-01|   -8.852067|  -10.245891|    1.061315|    0.032008|   -0.009697|
|         838|  2.1411e-01|   -8.853769|  -10.247539|    1.061280|    0.032009|   -0.009700|
|         839|  2.1409e-01|   -8.855470|  -10.249175|    1.061246|    0.032010|   -0.009703|
|         840|  2.1408e-01|   -8.857171|  -10.250806|    1.061211|    0.032010|   -0.009706|
|         841|  2.1414e-01|   -8.858871|  -10.252421|    1.061177|    0.032011|   -0.009709|
|         842|  2.1413e-01|   -8.860570|  -10.254039|    1.061142|    0.032012|   -0.009712|
|         843|  2.1411e-01|   -8.862268|  -10.255664|    1.061108|    0.032013|   -0.009715|
|         844|  2.1410e-01|   -8.863966|  -10.257298|    1.061074|    0.032014|   -0.009718|
|         845|  2.1408e-01|   -8.865663|  -10.258817|    1.061040|    0.032015|   -0.009721|
|         846|  2.1407e-01|   -8.867360|  -10.260321|    1.061007|    0.032015|   -0.009724|
|         847|  2.1406e-01|   -8.869056|  -10.262004|    1.060973|    0.032016|   -0.009727|
|         848|  2.1404e-01|   -8.870751|  -10.263684|    1.060940|    0.032017|   -0.009730|
|         849|  2.1403e-01|   -8.872446|  -10.265376|    1.060906|    0.032018|   -0.009733|
|         850|  2.1401e-01|   -8.874140|  -10.267088|    1.060873|    0.032019|   -0.009736|
|         851|  2.1399e-01|   -8.875834|  -10.268821|    1.060840|    0.032020|   -0.009739|
|         852|  2.1398e-01|   -8.877528|  -10.270573|    1.060807|    0.032020|   -0.009742|
|         853|  2.1397e-01|   -8.879221|  -10.272340|    1.060774|    0.032021|   -0.009745|
|         854|  2.1396e-01|   -8.880915|  -10.274117|    1.060742|    0.032022|   -0.009748|
|         855|  2.1398e-01|   -8.882608|  -10.275903|    1.060709|    0.032023|   -0.009750|
|         856|  2.1398e-01|   -8.884302|  -10.277694|    1.060677|    0.032024|   -0.009753|
|         857|  2.1402e-01|   -8.885996|  -10.279487|    1.060645|    0.032024|   -0.009756|
|         858|  2.1402e-01|   -8.887690|  -10.281278|    1.060612|    0.032025|   -0.009759|
|         859|  2.1401e-01|   -8.889384|  -10.283064|    1.060580|    0.032026|   -0.009762|
|         860|  2.1402e-01|   -8.891078|  -10.284843|    1.060549|    0.032027|   -0.009765|
|         861|  2.1403e-01|   -8.892773|  -10.286612|    1.060517|    0.032028|   -0.009767|
|         862|  2.1405e-01|   -8.894467|  -10.288371|    1.060485|    0.032028|   -0.009770|
|         863|  2.1406e-01|   -8.896162|  -10.290251|    1.060454|    0.032029|   -0.009773|
|         864|  2.1408e-01|   -8.897857|  -10.292102|    1.060422|    0.032030|   -0.009776|
|         865|  2.1409e-01|   -8.899552|  -10.293804|    1.060391|    0.032031|   -0.009778|
|         866|  2.1408e-01|   -8.901247|  -10.295174|    1.060360|    0.032031|   -0.009781|
|         867|  2.1407e-01|   -8.902943|  -10.296732|    1.060329|    0.032032|   -0.009784|
|         868|  2.1407e-01|   -8.904639|  -10.298361|    1.060298|    0.032033|   -0.009787|
|         869|  2.1405e-01|   -8.906335|  -10.299995|    1.060267|    0.032034|   -0.009789|
|         870|  2.1405e-01|   -8.908031|  -10.301639|    1.060237|    0.032034|   -0.009792|
|         871|  2.1409e-01|   -8.909727|  -10.303297|    1.060206|    0.032035|   -0.009795|
|         872|  2.1413e-01|   -8.911424|  -10.304975|    1.060176|    0.032036|   -0.009797|
|         873|  2.1414e-01|   -8.913120|  -10.306680|    1.060146|    0.032037|   -0.009800|
|         874|  2.1415e-01|   -8.914818|  -10.308413|    1.060116|    0.032037|   -0.009803|
|         875|  2.1414e-01|   -8.916515|  -10.310171|    1.060086|    0.032038|   -0.009805|
|         876|  2.1413e-01|   -8.918213|  -10.311950|    1.060056|    0.032039|   -0.009808|
|         877|  2.1413e-01|   -8.919912|  -10.313744|    1.060026|    0.032040|   -0.009811|
|         878|  2.1412e-01|   -8.921610|  -10.315550|    1.059996|    0.032040|   -0.009813|
|         879|  2.1412e-01|   -8.923309|  -10.317361|    1.059967|    0.032041|   -0.009816|
|         880|  2.1412e-01|   -8.925008|  -10.319167|    1.059937|    0.032042|   -0.009818|
|         881|  2.1411e-01|   -8.926707|  -10.320960|    1.059908|    0.032043|   -0.009821|
|         882|  2.1410e-01|   -8.928405|  -10.322735|    1.059879|    0.032043|   -0.009823|
|         883|  2.1409e-01|   -8.930104|  -10.324488|    1.059850|    0.032044|   -0.009826|
|         884|  2.1408e-01|   -8.931802|  -10.326217|    1.059821|    0.032045|   -0.009829|
|         885|  2.1408e-01|   -8.933499|  -10.327920|    1.059792|    0.032045|   -0.009831|
|         886|  2.1407e-01|   -8.935196|  -10.329597|    1.059763|    0.032046|   -0.009834|
|         887|  2.1408e-01|   -8.936892|  -10.331248|    1.059735|    0.032047|   -0.009836|
|         888|  2.1414e-01|   -8.938588|  -10.332875|    1.059706|    0.032048|   -0.009839|
|         889|  2.1415e-01|   -8.940282|  -10.334477|    1.059678|    0.032048|   -0.009841|
|         890|  2.1416e-01|   -8.941976|  -10.336056|    1.059650|    0.032049|   -0.009844|
|         891|  2.1417e-01|   -8.943668|  -10.337616|    1.059621|    0.032050|   -0.009846|
|         892|  2.1418e-01|   -8.945360|  -10.339158|    1.059593|    0.032050|   -0.009848|
|         893|  2.1419e-01|   -8.947051|  -10.340684|    1.059566|    0.032051|   -0.009851|
|         894|  2.1418e-01|   -8.948741|  -10.342198|    1.059538|    0.032052|   -0.009853|
|         895|  2.1417e-01|   -8.950431|  -10.343700|    1.059510|    0.032052|   -0.009856|
|         896|  2.1416e-01|   -8.952120|  -10.345196|    1.059482|    0.032053|   -0.009858|
|         897|  2.1419e-01|   -8.953808|  -10.346687|    1.059455|    0.032054|   -0.009861|
|         898|  2.1420e-01|   -8.955496|  -10.348178|    1.059428|    0.032054|   -0.009863|
|         899|  2.1421e-01|   -8.957183|  -10.349670|    1.059400|    0.032055|   -0.009865|
|         900|  2.1422e-01|   -8.958870|  -10.351168|    1.059373|    0.032056|   -0.009868|
|         901|  2.1423e-01|   -8.960556|  -10.352675|    1.059346|    0.032057|   -0.009870|
|         902|  2.1423e-01|   -8.962242|  -10.354193|    1.059319|    0.032057|   -0.009872|
|         903|  2.1430e-01|   -8.963929|  -10.355727|    1.059292|    0.032058|   -0.009875|
|         904|  2.1437e-01|   -8.965615|  -10.357290|    1.059266|    0.032059|   -0.009877|
|         905|  2.1439e-01|   -8.967301|  -10.358904|    1.059239|    0.032059|   -0.009879|
|         906|  2.1440e-01|   -8.968987|  -10.360532|    1.059213|    0.032060|   -0.009882|
|         907|  2.1441e-01|   -8.970674|  -10.362255|    1.059186|    0.032060|   -0.009884|
|         908|  2.1443e-01|   -8.972361|  -10.364060|    1.059160|    0.032061|   -0.009886|
|         909|  2.1444e-01|   -8.974049|  -10.365805|    1.059134|    0.032062|   -0.009889|
|         910|  2.1444e-01|   -8.975738|  -10.367467|    1.059108|    0.032062|   -0.009891|
|         911|  2.1446e-01|   -8.977427|  -10.369089|    1.059082|    0.032063|   -0.009893|
|         912|  2.1444e-01|   -8.979117|  -10.370476|    1.059056|    0.032064|   -0.009895|
|         913|  2.1443e-01|   -8.980807|  -10.371728|    1.059030|    0.032064|   -0.009898|
|         914|  2.1442e-01|   -8.982498|  -10.373336|    1.059004|    0.032065|   -0.009900|
|         915|  2.1441e-01|   -8.984188|  -10.374913|    1.058979|    0.032066|   -0.009902|
|         916|  2.1442e-01|   -8.985878|  -10.376491|    1.058953|    0.032066|   -0.009904|
|         917|  2.1449e-01|   -8.987569|  -10.378072|    1.058928|    0.032067|   -0.009907|
|         918|  2.1451e-01|   -8.989260|  -10.379654|    1.058903|    0.032068|   -0.009909|
|         919|  2.1453e-01|   -8.990952|  -10.381239|    1.058877|    0.032068|   -0.009911|
|         920|  2.1457e-01|   -8.992645|  -10.382831|    1.058852|    0.032069|   -0.009913|
|         921|  2.1465e-01|   -8.994339|  -10.384434|    1.058827|    0.032069|   -0.009915|
|         922|  2.1467e-01|   -8.996033|  -10.386053|    1.058803|    0.032070|   -0.009917|
|         923|  2.1468e-01|   -8.997728|  -10.387696|    1.058778|    0.032071|   -0.009920|
|         924|  2.1469e-01|   -8.999424|  -10.389368|    1.058753|    0.032071|   -0.009922|
|         925|  2.1470e-01|   -9.001120|  -10.391076|    1.058728|    0.032072|   -0.009924|
|         926|  2.1471e-01|   -9.002817|  -10.392821|    1.058704|    0.032073|   -0.009926|
|         927|  2.1472e-01|   -9.004514|  -10.394602|    1.058680|    0.032073|   -0.009928|
|         928|  2.1473e-01|   -9.006212|  -10.396418|    1.058655|    0.032074|   -0.009930|
|         929|  2.1474e-01|   -9.007911|  -10.398266|    1.058631|    0.032074|   -0.009932|
|         930|  2.1473e-01|   -9.009610|  -10.400131|    1.058607|    0.032075|   -0.009934|
|         931|  2.1474e-01|   -9.011309|  -10.401983|    1.058583|    0.032076|   -0.009937|
|         932|  2.1475e-01|   -9.013009|  -10.403839|    1.058559|    0.032076|   -0.009939|
|         933|  2.1478e-01|   -9.014709|  -10.405701|    1.058535|    0.032077|   -0.009941|
|         934|  2.1485e-01|   -9.016409|  -10.407507|    1.058512|    0.032077|   -0.009943|
|         935|  2.1486e-01|   -9.018109|  -10.409284|    1.058488|    0.032078|   -0.009945|
|         936|  2.1487e-01|   -9.019810|  -10.411024|    1.058464|    0.032079|   -0.009947|
|         937|  2.1488e-01|   -9.021510|  -10.412726|    1.058441|    0.032079|   -0.009949|
|         938|  2.1488e-01|   -9.023209|  -10.414387|    1.058418|    0.032080|   -0.009951|
|         939|  2.1489e-01|   -9.024908|  -10.416011|    1.058394|    0.032080|   -0.009953|
|         940|  2.1490e-01|   -9.026606|  -10.417600|    1.058371|    0.032081|   -0.009955|
|         941|  2.1492e-01|   -9.028304|  -10.419150|    1.058348|    0.032081|   -0.009957|
|         942|  2.1493e-01|   -9.030000|  -10.420648|    1.058325|    0.032082|   -0.009959|
|         943|  2.1494e-01|   -9.031696|  -10.422090|    1.058302|    0.032083|   -0.009961|
|         944|  2.1497e-01|   -9.033391|  -10.423480|    1.058279|    0.032083|   -0.009963|
|         945|  2.1499e-01|   -9.035085|  -10.424851|    1.058257|    0.032084|   -0.009965|
|         946|  2.1502e-01|   -9.036778|  -10.426212|    1.058234|    0.032084|   -0.009967|
|         947|  2.1509e-01|   -9.038470|  -10.427553|    1.058212|    0.032085|   -0.009969|
|         948|  2.1509e-01|   -9.040161|  -10.428872|    1.058189|    0.032085|   -0.009971|
|         949|  2.1508e-01|   -9.041851|  -10.430167|    1.058167|    0.032086|   -0.009973|
|         950|  2.1507e-01|   -9.043540|  -10.431429|    1.058145|    0.032087|   -0.009975|
|         951|  2.1506e-01|   -9.045229|  -10.432578|    1.058122|    0.032087|   -0.009977|
|         952|  2.1506e-01|   -9.046916|  -10.433653|    1.058100|    0.032088|   -0.009978|
|         953|  2.1505e-01|   -9.048603|  -10.434820|    1.058078|    0.032088|   -0.009980|
|         954|  2.1504e-01|   -9.050289|  -10.436015|    1.058056|    0.032089|   -0.009982|
|         955|  2.1504e-01|   -9.051974|  -10.437370|    1.058034|    0.032089|   -0.009984|
|         956|  2.1503e-01|   -9.053658|  -10.438493|    1.058013|    0.032090|   -0.009986|
|         957|  2.1502e-01|   -9.055341|  -10.439522|    1.057991|    0.032090|   -0.009988|
|         958|  2.1501e-01|   -9.057024|  -10.440295|    1.057970|    0.032091|   -0.009990|
|         959|  2.1501e-01|   -9.058706|  -10.441169|    1.057948|    0.032091|   -0.009992|
|         960|  2.1501e-01|   -9.060387|  -10.442140|    1.057927|    0.032092|   -0.009993|
|         961|  2.1506e-01|   -9.062068|  -10.443149|    1.057905|    0.032093|   -0.009995|
|         962|  2.1507e-01|   -9.063748|  -10.444206|    1.057884|    0.032093|   -0.009997|
|         963|  2.1506e-01|   -9.065428|  -10.445318|    1.057863|    0.032094|   -0.009999|
|         964|  2.1506e-01|   -9.067108|  -10.446510|    1.057842|    0.032094|   -0.010001|
|         965|  2.1505e-01|   -9.068788|  -10.447801|    1.057821|    0.032095|   -0.010003|
|         966|  2.1505e-01|   -9.070468|  -10.448992|    1.057800|    0.032095|   -0.010004|
|         967|  2.1504e-01|   -9.072149|  -10.450194|    1.057779|    0.032096|   -0.010006|
|         968|  2.1503e-01|   -9.073830|  -10.451421|    1.057758|    0.032096|   -0.010008|
|         969|  2.1502e-01|   -9.075510|  -10.452678|    1.057738|    0.032097|   -0.010010|
|         970|  2.1502e-01|   -9.077191|  -10.453972|    1.057717|    0.032097|   -0.010012|
|         971|  2.1502e-01|   -9.078872|  -10.455306|    1.057697|    0.032098|   -0.010013|
|         972|  2.1502e-01|   -9.080553|  -10.456668|    1.057676|    0.032098|   -0.010015|
|         973|  2.1503e-01|   -9.082234|  -10.458080|    1.057656|    0.032099|   -0.010017|
|         974|  2.1503e-01|   -9.083917|  -10.459543|    1.057636|    0.032099|   -0.010019|
|         975|  2.1508e-01|   -9.085599|  -10.461062|    1.057616|    0.032100|   -0.010020|
|         976|  2.1510e-01|   -9.087283|  -10.462639|    1.057595|    0.032100|   -0.010022|
|         977|  2.1514e-01|   -9.088967|  -10.464273|    1.057575|    0.032101|   -0.010024|
|         978|  2.1514e-01|   -9.090653|  -10.465951|    1.057555|    0.032101|   -0.010025|
|         979|  2.1513e-01|   -9.092340|  -10.467496|    1.057536|    0.032102|   -0.010027|
|         980|  2.1512e-01|   -9.094029|  -10.469089|    1.057516|    0.032102|   -0.010029|
|         981|  2.1512e-01|   -9.095719|  -10.470896|    1.057496|    0.032103|   -0.010031|
|         982|  2.1510e-01|   -9.097410|  -10.472733|    1.057477|    0.032103|   -0.010032|
|         983|  2.1510e-01|   -9.099102|  -10.474587|    1.057457|    0.032104|   -0.010034|
|         984|  2.1509e-01|   -9.100796|  -10.476460|    1.057438|    0.032104|   -0.010036|
|         985|  2.1510e-01|   -9.102491|  -10.478352|    1.057418|    0.032105|   -0.010037|
|         986|  2.1512e-01|   -9.104188|  -10.480259|    1.057399|    0.032105|   -0.010039|
|         987|  2.1513e-01|   -9.105887|  -10.482176|    1.057380|    0.032106|   -0.010041|
|         988|  2.1515e-01|   -9.107587|  -10.484099|    1.057360|    0.032106|   -0.010042|
|         989|  2.1514e-01|   -9.109289|  -10.486025|    1.057341|    0.032107|   -0.010044|
|         990|  2.1514e-01|   -9.110993|  -10.487952|    1.057322|    0.032107|   -0.010046|
|         991|  2.1515e-01|   -9.112698|  -10.489879|    1.057303|    0.032108|   -0.010047|
|         992|  2.1520e-01|   -9.114405|  -10.491806|    1.057285|    0.032108|   -0.010049|
|         993|  2.1521e-01|   -9.116114|  -10.493735|    1.057266|    0.032109|   -0.010050|
|         994|  2.1520e-01|   -9.117824|  -10.495667|    1.057247|    0.032109|   -0.010052|
|         995|  2.1519e-01|   -9.119535|  -10.497605|    1.057228|    0.032110|   -0.010054|
|         996|  2.1519e-01|   -9.121248|  -10.499551|    1.057210|    0.032110|   -0.010055|
|         997|  2.1520e-01|   -9.122961|  -10.501508|    1.057191|    0.032111|   -0.010057|
|         998|  2.1522e-01|   -9.124676|  -10.503480|    1.057173|    0.032111|   -0.010058|

----------------------------- Solver Exit -------------------------------

Maximum number of iterations reached (ITER = 999) before convergence.
+-----------------------------------------------------------------------+
|      Convergence Field     |     Value    |   Criterion  |  Converged |
+-----------------------------------------------------------------------+
|                  Cauchy[CD]|   5.66666e-06|       < 1e-06|          No|
+-----------------------------------------------------------------------+
-------------------------------------------------------------------------
+-----------------------------------------------------------------------+