TITLE = "M6 WING - SURFACE PRESSURE DISTRIBUTIONS"
VARIABLES = "Section", "Tap", "X/L", "Z/L", "CP"
ZONE T=",Run= 565, Mach= 0.8372, Alpha=  6.06, Re= 11.71x10**6, Section 1", I=  34, F=POINT
  0.10000000E+01  0.12000000E+02  0.95030000E+00 -0.72600000E-02  0.96396000E-01
  0.10000000E+01  0.11000000E+02  0.81597000E+00 -0.21930000E-01 -0.49867000E-01
  0.10000000E+01  0.10000000E+02  0.66593000E+00 -0.35870000E-01 -0.99191000E-01
  0.10000000E+01  0.90000000E+01  0.56588000E+00 -0.43010000E-01 -0.12903000E+00
  0.10000000E+01  0.80000000E+01  0.46599000E+00 -0.47730000E-01 -0.13781000E+00
  0.10000000E+01  0.70000000E+01  0.36580000E+00 -0.48890000E-01 -0.84223000E-01
  0.10000000E+01  0.60000000E+01  0.26579000E+00 -0.47020000E-01 -0.21641000E-01
  0.10000000E+01  0.50000000E+01  0.16594000E+00 -0.41940000E-01  0.65524000E-01
  0.10000000E+01  0.40000000E+01  0.49930000E-01 -0.29710000E-01  0.20569000E+00
  0.10000000E+01  0.30000000E+01  0.20020000E-01 -0.22680000E-01  0.29589000E+00
  0.10000000E+01  0.20000000E+01  0.59300000E-02 -0.13330000E-01  0.73319000E+00
  0.10000000E+01  0.10000000E+01  0.34000000E-03  0.29200000E-02  0.70206000E+00
  0.10000000E+01  0.34000000E+02  0.21600000E-02  0.80200000E-02  0.21921000E+00
  0.10000000E+01  0.33000000E+02  0.86600000E-02  0.15920000E-01 -0.42756000E+00
  0.10000000E+01  0.32000000E+02  0.20370000E-01  0.22850000E-01 -0.97109000E+00
  0.10000000E+01  0.31000000E+02  0.35250000E-01  0.27010000E-01 -0.12921000E+01
  0.10000000E+01  0.30000000E+02  0.60360000E-01  0.31300000E-01 -0.12741000E+01
  0.10000000E+01  0.29000000E+02  0.99590000E-01  0.36170000E-01 -0.10923000E+01
  0.10000000E+01  0.28000000E+02  0.15037000E+00  0.40800000E-01 -0.70628000E+00
  0.10000000E+01  0.27000000E+02  0.20044000E+00  0.44130000E-01 -0.73121000E+00
  0.10000000E+01  0.26000000E+02  0.25039000E+00  0.46470000E-01 -0.62737000E+00
  0.10000000E+01  0.25000000E+02  0.30050000E+00  0.48000000E-01 -0.61856000E+00
  0.10000000E+01  0.24000000E+02  0.35050000E+00  0.48790000E-01 -0.61379000E+00
  0.10000000E+01  0.23000000E+02  0.40047000E+00  0.48860000E-01 -0.61979000E+00
  0.10000000E+01  0.22000000E+02  0.45030000E+00  0.48120000E-01 -0.64905000E+00
  0.10000000E+01  0.21000000E+02  0.50039000E+00  0.46480000E-01 -0.64443000E+00
  0.10000000E+01  0.20000000E+02  0.55025000E+00  0.43940000E-01 -0.66476000E+00
  0.10000000E+01  0.19000000E+02  0.60029000E+00  0.40750000E-01 -0.52666000E+00
  0.10000000E+01  0.18000000E+02  0.65032000E+00  0.37110000E-01 -0.30233000E+00
  0.10000000E+01  0.17000000E+02  0.71026000E+00  0.32190000E-01 -0.22316000E+00
  0.10000000E+01  0.16000000E+02  0.78026000E+00  0.25610000E-01 -0.14416000E+00
  0.10000000E+01  0.15000000E+02  0.85021000E+00  0.18140000E-01 -0.51029000E-01
  0.10000000E+01  0.14000000E+02  0.92027000E+00  0.10210000E-01  0.58974000E-01
  0.10000000E+01  0.13000000E+02  0.98518000E+00  0.26500000E-02  0.16898000E+00
ZONE T=",Run= 565, Mach= 0.8372, Alpha=  6.06, Re= 11.71x10**6, Section 2", I=  34, F=POINT
  0.20000000E+01  0.12000000E+02  0.94937000E+00 -0.73500000E-02  0.13949000E+00
  0.20000000E+01  0.11000000E+02  0.81705000E+00 -0.21820000E-01 -0.99304000E-02
  0.20000000E+01  0.10000000E+02  0.66698000E+00 -0.35790000E-01 -0.94740000E-01
  0.20000000E+01  0.90000000E+01  0.56705000E+00 -0.42940000E-01 -0.13203000E+00
  0.20000000E+01  0.80000000E+01  0.46706000E+00 -0.47690000E-01 -0.14703000E+00
  0.20000000E+01  0.70000000E+01  0.36705000E+00 -0.48890000E-01 -0.94127000E-01
  0.20000000E+01  0.60000000E+01  0.26705000E+00 -0.47060000E-01 -0.25802000E-01
  0.20000000E+01  0.50000000E+01  0.16699000E+00 -0.42020000E-01  0.45813000E-01
  0.20000000E+01  0.40000000E+01  0.49090000E-01 -0.29580000E-01  0.21127000E+00
  0.20000000E+01  0.30000000E+01  0.19220000E-01 -0.22420000E-01  0.32953000E+00
  0.20000000E+01  0.20000000E+01  0.52000000E-02 -0.12610000E-01  0.75145000E+00
  0.20000000E+01  0.10000000E+01  0.31000000E-03  0.27700000E-02  0.66454000E+00
  0.20000000E+01  0.34000000E+02  0.10800000E-02  0.55300000E-02  0.15243000E+00
  0.20000000E+01  0.33000000E+02  0.78900000E-02  0.15310000E-01 -0.52569000E+00
  0.20000000E+01  0.32000000E+02  0.19060000E-01  0.22320000E-01 -0.10959000E+01
  0.20000000E+01  0.31000000E+02  0.34020000E-01  0.26740000E-01 -0.13335000E+01
  0.20000000E+01  0.30000000E+02  0.59110000E-01  0.31130000E-01 -0.13245000E+01
  0.20000000E+01  0.29000000E+02  0.99130000E-01  0.36130000E-01 -0.12517000E+01
  0.20000000E+01  0.28000000E+02  0.14927000E+00  0.40710000E-01 -0.11825000E+01
  0.20000000E+01  0.27000000E+02  0.19909000E+00  0.44050000E-01 -0.11513000E+01
  0.20000000E+01  0.26000000E+02  0.25080000E+00  0.46490000E-01 -0.11085000E+01
  0.20000000E+01  0.25000000E+02  0.29925000E+00  0.47980000E-01 -0.77699000E+00
  0.20000000E+01  0.24000000E+02  0.34927000E+00  0.48780000E-01 -0.68492000E+00
  0.20000000E+01  0.23000000E+02  0.39931000E+00  0.48860000E-01 -0.71805000E+00
  0.20000000E+01  0.22000000E+02  0.44897000E+00  0.48150000E-01 -0.74411000E+00
  0.20000000E+01  0.21000000E+02  0.49927000E+00  0.46520000E-01 -0.78702000E+00
  0.20000000E+01  0.20000000E+02  0.54927000E+00  0.43980000E-01 -0.38236000E+00
  0.20000000E+01  0.19000000E+02  0.59931000E+00  0.40830000E-01 -0.21236000E+00
  0.20000000E+01  0.18000000E+02  0.64917000E+00  0.37190000E-01 -0.16406000E+00
  0.20000000E+01  0.17000000E+02  0.70897000E+00  0.32290000E-01 -0.11590000E+00
  0.20000000E+01  0.16000000E+02  0.77912000E+00  0.25720000E-01 -0.57093000E-01
  0.20000000E+01  0.15000000E+02  0.84903000E+00  0.18260000E-01  0.22135000E-01
  0.20000000E+01  0.14000000E+02  0.91929000E+00  0.10320000E-01  0.11504000E+00
  0.20000000E+01  0.13000000E+02  0.98387000E+00  0.28300000E-02  0.20859000E+00
ZONE T=",Run= 565, Mach= 0.8372, Alpha=  6.06, Re= 11.71x10**6, Section 3", I=  34, F=POINT
  0.30000000E+01  0.12000000E+02  0.94999000E+00 -0.73700000E-02  0.14653000E+00
  0.30000000E+01  0.11000000E+02  0.81986000E+00 -0.21520000E-01 -0.81561000E-02
  0.30000000E+01  0.10000000E+02  0.67008000E+00 -0.35530000E-01 -0.10122000E+00
  0.30000000E+01  0.90000000E+01  0.57033000E+00 -0.42720000E-01 -0.14319000E+00
  0.30000000E+01  0.80000000E+01  0.47037000E+00 -0.47600000E-01 -0.16494000E+00
  0.30000000E+01  0.70000000E+01  0.37009000E+00 -0.48900000E-01 -0.12977000E+00
  0.30000000E+01  0.60000000E+01  0.27010000E+00 -0.47160000E-01 -0.40480000E-01
  0.30000000E+01  0.50000000E+01  0.17010000E+00 -0.42240000E-01  0.53555000E-01
  0.30000000E+01  0.40000000E+01  0.50160000E-01 -0.29750000E-01  0.24021000E+00
  0.30000000E+01  0.30000000E+01  0.20100000E-01 -0.22750000E-01  0.36098000E+00
  0.30000000E+01  0.20000000E+01  0.59100000E-02 -0.13260000E-01  0.75732000E+00
  0.30000000E+01  0.10000000E+01  0.42000000E-03  0.31700000E-02  0.60993000E+00
  0.30000000E+01  0.34000000E+02  0.22200000E-02  0.80600000E-02  0.67233000E-01
  0.30000000E+01  0.33000000E+02  0.91400000E-02  0.16400000E-01 -0.57885000E+00
  0.30000000E+01  0.32000000E+02  0.20360000E-01  0.22730000E-01 -0.11440000E+01
  0.30000000E+01  0.31000000E+02  0.35080000E-01  0.26980000E-01 -0.13984000E+01
  0.30000000E+01  0.30000000E+02  0.60220000E-01  0.31280000E-01 -0.13756000E+01
  0.30000000E+01  0.29000000E+02  0.10029000E+00  0.36260000E-01 -0.13071000E+01
  0.30000000E+01  0.28000000E+02  0.15032000E+00  0.40780000E-01 -0.12472000E+01
  0.30000000E+01  0.27000000E+02  0.20029000E+00  0.44110000E-01 -0.12207000E+01
  0.30000000E+01  0.26000000E+02  0.25024000E+00  0.46470000E-01 -0.12005000E+01
  0.30000000E+01  0.25000000E+02  0.30008000E+00  0.48000000E-01 -0.11909000E+01
  0.30000000E+01  0.24000000E+02  0.35024000E+00  0.48790000E-01 -0.11598000E+01
  0.30000000E+01  0.23000000E+02  0.40037000E+00  0.48860000E-01 -0.68682000E+00
  0.30000000E+01  0.22000000E+02  0.45010000E+00  0.48130000E-01 -0.58879000E+00
  0.30000000E+01  0.21000000E+02  0.50024000E+00  0.46490000E-01 -0.48559000E+00
  0.30000000E+01  0.20000000E+02  0.55042000E+00  0.43920000E-01 -0.34591000E+00
  0.30000000E+01  0.19000000E+02  0.60071000E+00  0.40730000E-01 -0.22600000E+00
  0.30000000E+01  0.18000000E+02  0.65026000E+00  0.37110000E-01 -0.15948000E+00
  0.30000000E+01  0.17000000E+02  0.71034000E+00  0.32180000E-01 -0.11071000E+00
  0.30000000E+01  0.16000000E+02  0.78008000E+00  0.25630000E-01 -0.40383000E-01
  0.30000000E+01  0.15000000E+02  0.85001000E+00  0.18150000E-01  0.26683000E-01
  0.30000000E+01  0.14000000E+02  0.92012000E+00  0.10230000E-01  0.10753000E+00
  0.30000000E+01  0.13000000E+02  0.98611000E+00  0.25100000E-02  0.21095000E+00
ZONE T=",Run= 565, Mach= 0.8372, Alpha=  6.06, Re= 11.71x10**6, Section 4", I=  34, F=POINT
  0.40000000E+01  0.12000000E+02  0.94987000E+00 -0.73100000E-02  0.73782000E-01
  0.40000000E+01  0.11000000E+02  0.82223000E+00 -0.21250000E-01 -0.33512000E-01
  0.40000000E+01  0.10000000E+02  0.67216000E+00 -0.35370000E-01 -0.12284000E+00
  0.40000000E+01  0.90000000E+01  0.57230000E+00 -0.42610000E-01 -0.16787000E+00
  0.40000000E+01  0.80000000E+01  0.47220000E+00 -0.47530000E-01 -0.20758000E+00
  0.40000000E+01  0.70000000E+01  0.37235000E+00 -0.48910000E-01 -0.15877000E+00
  0.40000000E+01  0.60000000E+01  0.27230000E+00 -0.47230000E-01 -0.78062000E-01
  0.40000000E+01  0.50000000E+01  0.17242000E+00 -0.42380000E-01  0.28619000E-01
  0.40000000E+01  0.40000000E+01  0.50170000E-01 -0.29740000E-01  0.21917000E+00
  0.40000000E+01  0.30000000E+01  0.19990000E-01 -0.22680000E-01  0.35579000E+00
  0.40000000E+01  0.20000000E+01  0.61100000E-02 -0.13550000E-01  0.74529000E+00
  0.40000000E+01  0.10000000E+01  0.00000000E+00  0.00000000E+00  0.61580000E+00
  0.40000000E+01  0.34000000E+02  0.21000000E-02  0.78700000E-02  0.58233000E-01
  0.40000000E+01  0.33000000E+02  0.89300000E-02  0.16190000E-01 -0.62924000E+00
  0.40000000E+01  0.32000000E+02  0.20120000E-01  0.22760000E-01 -0.12061000E+01
  0.40000000E+01  0.31000000E+02  0.35300000E-01  0.27010000E-01 -0.14225000E+01
  0.40000000E+01  0.30000000E+02  0.60110000E-01  0.31270000E-01 -0.13960000E+01
  0.40000000E+01  0.29000000E+02  0.10019000E+00  0.36230000E-01 -0.13356000E+01
  0.40000000E+01  0.28000000E+02  0.15024000E+00  0.40780000E-01 -0.12884000E+01
  0.40000000E+01  0.27000000E+02  0.20016000E+00  0.44100000E-01 -0.12059000E+01
  0.40000000E+01  0.26000000E+02  0.25021000E+00  0.46470000E-01 -0.80847000E+00
  0.40000000E+01  0.25000000E+02  0.30021000E+00  0.47990000E-01 -0.69627000E+00
  0.40000000E+01  0.24000000E+02  0.35015000E+00  0.48790000E-01 -0.63837000E+00
  0.40000000E+01  0.23000000E+02  0.39977000E+00  0.48850000E-01 -0.59727000E+00
  0.40000000E+01  0.22000000E+02  0.45009000E+00  0.48130000E-01 -0.55698000E+00
  0.40000000E+01  0.21000000E+02  0.50020000E+00  0.46480000E-01 -0.48611000E+00
  0.40000000E+01  0.20000000E+02  0.55033000E+00  0.43930000E-01 -0.41114000E+00
  0.40000000E+01  0.19000000E+02  0.60018000E+00  0.40780000E-01 -0.32504000E+00
  0.40000000E+01  0.18000000E+02  0.65015000E+00  0.37110000E-01 -0.25481000E+00
  0.40000000E+01  0.17000000E+02  0.70977000E+00  0.32220000E-01 -0.15323000E+00
  0.40000000E+01  0.16000000E+02  0.78012000E+00  0.25620000E-01 -0.81320000E-01
  0.40000000E+01  0.15000000E+02  0.85010000E+00  0.18150000E-01 -0.50916000E-02
  0.40000000E+01  0.14000000E+02  0.92005000E+00  0.10230000E-01  0.44007000E-01
  0.40000000E+01  0.13000000E+02  0.98498000E+00  0.26700000E-02  0.93492000E-01
ZONE T=",Run= 565, Mach= 0.8372, Alpha=  6.06, Re= 11.71x10**6, Section 5", I=  45, F=POINT
  0.50000000E+01  0.15000000E+02  0.94977000E+00 -0.73100000E-02  0.62588000E-01
  0.50000000E+01  0.14000000E+02  0.84954000E+00 -0.18220000E-01 -0.23641000E-01
  0.50000000E+01  0.13000000E+02  0.75003000E+00 -0.28510000E-01 -0.86803000E-01
  0.50000000E+01  0.12000000E+02  0.64988000E+00 -0.37130000E-01 -0.14100000E+00
  0.50000000E+01  0.11000000E+02  0.54983000E+00 -0.43970000E-01 -0.24207000E+00
  0.50000000E+01  0.10000000E+02  0.44990000E+00 -0.48140000E-01 -0.23978000E+00
  0.50000000E+01  0.90000000E+01  0.35016000E+00 -0.48800000E-01 -0.21019000E+00
  0.50000000E+01  0.80000000E+01  0.25012000E+00 -0.46460000E-01 -0.13942000E+00
  0.50000000E+01  0.70000000E+01  0.15054000E+00 -0.40810000E-01 -0.75754000E-02
  0.50000000E+01  0.60000000E+01  0.10029000E+00 -0.36250000E-01  0.73524000E-01
  0.50000000E+01  0.50000000E+01  0.65500000E-01 -0.32030000E-01  0.18462000E+00
  0.50000000E+01  0.40000000E+01  0.40300000E-01 -0.27880000E-01  0.18414000E+00
  0.50000000E+01  0.30000000E+01  0.20300000E-01 -0.22820000E-01  0.30302000E+00
  0.50000000E+01  0.20000000E+01  0.58700000E-02 -0.13140000E-01  0.71461000E+00
  0.50000000E+01  0.10000000E+01  0.57000000E-03  0.37900000E-02  0.57973000E+00
  0.50000000E+01  0.45000000E+02  0.18400000E-02  0.72700000E-02 -0.46846000E+00
  0.50000000E+01  0.44000000E+02  0.62600000E-02  0.13610000E-01 -0.46914000E+00
  0.50000000E+01  0.43000000E+02  0.12280000E-01  0.18730000E-01 -0.83425000E+00
  0.50000000E+01  0.42000000E+02  0.20060000E-01  0.22720000E-01 -0.12022000E+01
  0.50000000E+01  0.41000000E+02  0.29880000E-01  0.25810000E-01 -0.13921000E+01
  0.50000000E+01  0.40000000E+02  0.49660000E-01  0.29660000E-01 -0.14224000E+01
  0.50000000E+01  0.39000000E+02  0.74480000E-01  0.33220000E-01 -0.13850000E+01
  0.50000000E+01  0.38000000E+02  0.99940000E-01  0.36210000E-01 -0.13518000E+01
  0.50000000E+01  0.37000000E+02  0.13986000E+00  0.39950000E-01 -0.13219000E+01
  0.50000000E+01  0.36000000E+02  0.17979000E+00  0.42860000E-01 -0.12962000E+01
  0.50000000E+01  0.35000000E+02  0.22001000E+00  0.45150000E-01 -0.12178000E+01
  0.50000000E+01  0.34000000E+02  0.25964000E+00  0.46810000E-01 -0.84380000E+00
  0.50000000E+01  0.33000000E+02  0.29988000E+00  0.48000000E-01 -0.66337000E+00
  0.50000000E+01  0.32000000E+02  0.33985000E+00  0.48690000E-01 -0.57653000E+00
  0.50000000E+01  0.31000000E+02  0.37986000E+00  0.48920000E-01 -0.51372000E+00
  0.50000000E+01  0.30000000E+02  0.41959000E+00  0.48670000E-01 -0.41178000E+00
  0.50000000E+01  0.29000000E+02  0.45975000E+00  0.47890000E-01 -0.34275000E+00
  0.50000000E+01  0.28000000E+02  0.49960000E+00  0.46500000E-01 -0.27462000E+00
  0.50000000E+01  0.27000000E+02  0.53959000E+00  0.44520000E-01 -0.23297000E+00
  0.50000000E+01  0.26000000E+02  0.57961000E+00  0.42140000E-01 -0.19384000E+00
  0.50000000E+01  0.25000000E+02  0.61987000E+00  0.39380000E-01 -0.16077000E+00
  0.50000000E+01  0.24000000E+02  0.65968000E+00  0.36370000E-01 -0.12252000E+00
  0.50000000E+01  0.23000000E+02  0.69970000E+00  0.33080000E-01 -0.90772000E-01
  0.50000000E+01  0.22000000E+02  0.73940000E+00  0.29490000E-01 -0.73255000E-01
  0.50000000E+01  0.21000000E+02  0.77960000E+00  0.25670000E-01 -0.44867000E-01
  0.50000000E+01  0.20000000E+02  0.81937000E+00  0.21570000E-01 -0.84146000E-02
  0.50000000E+01  0.19000000E+02  0.85955000E+00  0.17090000E-01  0.95536000E-02
  0.50000000E+01  0.18000000E+02  0.89940000E+00  0.12460000E-01  0.44039000E-01
  0.50000000E+01  0.17000000E+02  0.94727000E+00  0.75500000E-02  0.74427000E-01
  0.50000000E+01  0.16000000E+02  0.98506000E+00  0.26600000E-02  0.10294000E+00
ZONE T=",Run= 565, Mach= 0.8372, Alpha=  6.06, Re= 11.71x10**6, Section 6", I=  45, F=POINT
  0.60000000E+01  0.15000000E+02  0.94953000E+00 -0.73400000E-02  0.51071000E-01
  0.60000000E+01  0.14000000E+02  0.84934000E+00 -0.18230000E-01 -0.34448000E-01
  0.60000000E+01  0.13000000E+02  0.74963000E+00 -0.28540000E-01 -0.96449000E-01
  0.60000000E+01  0.12000000E+02  0.64980000E+00 -0.37140000E-01 -0.15152000E+00
  0.60000000E+01  0.11000000E+02  0.54955000E+00 -0.43960000E-01 -0.19119000E+00
  0.60000000E+01  0.10000000E+02  0.44998000E+00 -0.48140000E-01 -0.25784000E+00
  0.60000000E+01  0.90000000E+01  0.34990000E+00 -0.48800000E-01 -0.26155000E+00
  0.60000000E+01  0.80000000E+01  0.24997000E+00 -0.46450000E-01 -0.23900000E+00
  0.60000000E+01  0.70000000E+01  0.15016000E+00 -0.40780000E-01 -0.14884000E+00
  0.60000000E+01  0.60000000E+01  0.10019000E+00 -0.36240000E-01 -0.49351000E-01
  0.60000000E+01  0.50000000E+01  0.65210000E-01 -0.31980000E-01  0.43974000E-01
  0.60000000E+01  0.40000000E+01  0.39990000E-01 -0.28030000E-01  0.96492000E-01
  0.60000000E+01  0.30000000E+01  0.19850000E-01 -0.22680000E-01  0.23934000E+00
  0.60000000E+01  0.20000000E+01  0.56700000E-02 -0.13050000E-01  0.62222000E+00
  0.60000000E+01  0.10000000E+01  0.68000000E-03  0.44900000E-02  0.54331000E+00
  0.60000000E+01  0.45000000E+02  0.19000000E-02  0.74900000E-02 -0.36397000E-02
  0.60000000E+01  0.44000000E+02  0.62300000E-02  0.13650000E-01 -0.44278000E+00
  0.60000000E+01  0.43000000E+02  0.12090000E-01  0.18510000E-01 -0.84212000E+00
  0.60000000E+01  0.42000000E+02  0.19830000E-01  0.22680000E-01 -0.11915000E+01
  0.60000000E+01  0.41000000E+02  0.29910000E-01  0.25840000E-01 -0.13936000E+01
  0.60000000E+01  0.40000000E+02  0.49720000E-01  0.29670000E-01 -0.14406000E+01
  0.60000000E+01  0.39000000E+02  0.74880000E-01  0.33290000E-01 -0.14102000E+01
  0.60000000E+01  0.38000000E+02  0.99910000E-01  0.36200000E-01 -0.13822000E+01
  0.60000000E+01  0.37000000E+02  0.13983000E+00  0.39940000E-01 -0.13743000E+01
  0.60000000E+01  0.36000000E+02  0.17999000E+00  0.42720000E-01 -0.12123000E+01
  0.60000000E+01  0.35000000E+02  0.22010000E+00  0.45140000E-01 -0.87025000E+00
  0.60000000E+01  0.34000000E+02  0.25996000E+00  0.46810000E-01 -0.77373000E+00
  0.60000000E+01  0.33000000E+02  0.29994000E+00  0.47990000E-01 -0.62634000E+00
  0.60000000E+01  0.32000000E+02  0.34008000E+00  0.48690000E-01 -0.45820000E+00
  0.60000000E+01  0.31000000E+02  0.37994000E+00  0.48910000E-01 -0.34372000E+00
  0.60000000E+01  0.30000000E+02  0.41988000E+00  0.48670000E-01 -0.28123000E+00
  0.60000000E+01  0.29000000E+02  0.45976000E+00  0.47900000E-01 -0.25629000E+00
  0.60000000E+01  0.28000000E+02  0.49994000E+00  0.46490000E-01 -0.23803000E+00
  0.60000000E+01  0.27000000E+02  0.53988000E+00  0.44500000E-01 -0.22720000E+00
  0.60000000E+01  0.26000000E+02  0.57991000E+00  0.42100000E-01 -0.19649000E+00
  0.60000000E+01  0.25000000E+02  0.61970000E+00  0.39390000E-01 -0.17494000E+00
  0.60000000E+01  0.24000000E+02  0.65979000E+00  0.36350000E-01 -0.15613000E+00
  0.60000000E+01  0.23000000E+02  0.69976000E+00  0.33080000E-01 -0.12639000E+00
  0.60000000E+01  0.22000000E+02  0.73970000E+00  0.29460000E-01 -0.12439000E+00
  0.60000000E+01  0.21000000E+02  0.77962000E+00  0.25670000E-01 -0.10390000E+00
  0.60000000E+01  0.20000000E+02  0.81965000E+00  0.21540000E-01 -0.81674000E-01
  0.60000000E+01  0.19000000E+02  0.85980000E+00  0.17070000E-01 -0.63900000E-01
  0.60000000E+01  0.18000000E+02  0.89977000E+00  0.12410000E-01 -0.43254000E-01
  0.60000000E+01  0.17000000E+02  0.94861000E+00  0.74200000E-02 -0.24791000E-02
  0.60000000E+01  0.16000000E+02  0.98462000E+00  0.27200000E-02  0.52039000E-01
ZONE T=",Run= 565, Mach= 0.8372, Alpha=  6.06, Re= 11.71x10**6, Section 7", I=  45, F=POINT
  0.70000000E+01  0.15000000E+02  0.94946000E+00 -0.73500000E-02 -0.46725000E-02
  0.70000000E+01  0.14000000E+02  0.84958000E+00 -0.18210000E-01 -0.85449000E-01
  0.70000000E+01  0.13000000E+02  0.75002000E+00 -0.28500000E-01 -0.14693000E+00
  0.70000000E+01  0.12000000E+02  0.64957000E+00 -0.37150000E-01 -0.18671000E+00
  0.70000000E+01  0.11000000E+02  0.54967000E+00 -0.43980000E-01 -0.22107000E+00
  0.70000000E+01  0.10000000E+02  0.44970000E+00 -0.48160000E-01 -0.26358000E+00
  0.70000000E+01  0.90000000E+01  0.34973000E+00 -0.48790000E-01 -0.30729000E+00
  0.70000000E+01  0.80000000E+01  0.24976000E+00 -0.46450000E-01 -0.28762000E+00
  0.70000000E+01  0.70000000E+01  0.14996000E+00 -0.40760000E-01 -0.25442000E+00
  0.70000000E+01  0.60000000E+01  0.10039000E+00 -0.36270000E-01 -0.22674000E+00
  0.70000000E+01  0.50000000E+01  0.65360000E-01 -0.32000000E-01 -0.16984000E+00
  0.70000000E+01  0.40000000E+01  0.40250000E-01 -0.28130000E-01 -0.83159000E-01
  0.70000000E+01  0.30000000E+01  0.19850000E-01 -0.22660000E-01  0.81298000E-01
  0.70000000E+01  0.20000000E+01  0.57800000E-02 -0.13130000E-01  0.51531000E+00
  0.70000000E+01  0.10000000E+01  0.50000000E-03  0.36100000E-02  0.50012000E+00
  0.70000000E+01  0.45000000E+02  0.19300000E-02  0.75700000E-02 -0.36738000E-01
  0.70000000E+01  0.44000000E+02  0.63000000E-02  0.13680000E-01 -0.51595000E+00
  0.70000000E+01  0.43000000E+02  0.12650000E-01  0.18890000E-01 -0.89357000E+00
  0.70000000E+01  0.42000000E+02  0.20120000E-01  0.22770000E-01 -0.12327000E+01
  0.70000000E+01  0.41000000E+02  0.29990000E-01  0.25830000E-01 -0.14360000E+01
  0.70000000E+01  0.40000000E+02  0.49950000E-01  0.29700000E-01 -0.14920000E+01
  0.70000000E+01  0.39000000E+02  0.74820000E-01  0.33270000E-01 -0.14810000E+01
  0.70000000E+01  0.38000000E+02  0.99900000E-01  0.36210000E-01 -0.14236000E+01
  0.70000000E+01  0.37000000E+02  0.13976000E+00  0.39950000E-01 -0.11165000E+01
  0.70000000E+01  0.36000000E+02  0.17991000E+00  0.42880000E-01 -0.10585000E+01
  0.70000000E+01  0.35000000E+02  0.21990000E+00  0.45140000E-01 -0.93919000E+00
  0.70000000E+01  0.34000000E+02  0.25976000E+00  0.46820000E-01 -0.74157000E+00
  0.70000000E+01  0.33000000E+02  0.29986000E+00  0.48000000E-01 -0.44069000E+00
  0.70000000E+01  0.32000000E+02  0.33979000E+00  0.48680000E-01 -0.26739000E+00
  0.70000000E+01  0.31000000E+02  0.37976000E+00  0.48920000E-01 -0.24939000E+00
  0.70000000E+01  0.30000000E+02  0.41988000E+00  0.48680000E-01 -0.30291000E+00
  0.70000000E+01  0.29000000E+02  0.45970000E+00  0.47890000E-01 -0.28994000E+00
  0.70000000E+01  0.28000000E+02  0.49987000E+00  0.46490000E-01 -0.30642000E+00
  0.70000000E+01  0.27000000E+02  0.53975000E+00  0.44520000E-01 -0.30707000E+00
  0.70000000E+01  0.26000000E+02  0.57985000E+00  0.42140000E-01 -0.34459000E+00
  0.70000000E+01  0.25000000E+02  0.61976000E+00  0.39400000E-01 -0.40685000E+00
  0.70000000E+01  0.24000000E+02  0.65966000E+00  0.36360000E-01 -0.48027000E+00
  0.70000000E+01  0.23000000E+02  0.69979000E+00  0.33080000E-01 -0.52730000E+00
  0.70000000E+01  0.22000000E+02  0.73980000E+00  0.29460000E-01 -0.57127000E+00
  0.70000000E+01  0.21000000E+02  0.77942000E+00  0.25700000E-01 -0.57985000E+00
  0.70000000E+01  0.20000000E+02  0.81985000E+00  0.21500000E-01 -0.57879000E+00
  0.70000000E+01  0.19000000E+02  0.85943000E+00  0.17120000E-01 -0.54233000E+00
  0.70000000E+01  0.18000000E+02  0.89961000E+00  0.12430000E-01 -0.46914000E+00
  0.70000000E+01  0.17000000E+02  0.94959000E+00  0.73300000E-02 -0.36010000E+00
  0.70000000E+01  0.16000000E+02  0.98455000E+00  0.27400000E-02 -0.21368000E+00