+------------------------------------------------------------------------------------------+
|  Inner_Iter|   Time(sec)|    rms[Rho]|     rms[nu]|          CL|          CD|         CMz|
+------------------------------------------------------------------------------------------+
|           0|  2.1166e-01|   -3.971432|  -10.669989|    5.388165|    1.981883|    1.591766|
|           1|  2.1908e-01|   -4.818095|  -10.646069|    4.365739|    1.753336|    1.311417|
|           2|  2.2047e-01|   -4.783352|  -10.856655|    3.603254|    1.437803|    1.065125|
|           3|  2.3057e-01|   -4.815614|  -10.851757|    3.211272|    1.239900|    0.914665|
|           4|  2.3029e-01|   -4.890946|  -10.845579|    2.916815|    1.080376|    0.775845|
|           5|  2.2738e-01|   -4.953916|  -10.846158|    2.630581|    0.925176|    0.622018|
|           6|  2.2741e-01|   -4.993318|  -10.837990|    2.337486|    0.768960|    0.455183|
|           7|  2.2686e-01|   -5.012012|  -10.815675|    2.040071|    0.614381|    0.285614|
|           8|  2.2663e-01|   -5.013223|  -10.781801|    1.743670|    0.465504|    0.124329|
|           9|  2.2423e-01|   -5.002601|  -10.742303|    1.452194|    0.326192|   -0.019959|
|          10|  2.2957e-01|   -4.989548|  -10.700689|    1.169581|    0.199885|   -0.141460|
|          11|  2.2968e-01|   -4.982662|  -10.665933|    0.900179|    0.089037|   -0.237632|
|          12|  2.3384e-01|   -4.985490|  -10.635675|    0.649250|   -0.004919|   -0.308426|
|          13|  2.3454e-01|   -4.996649|  -10.609181|    0.423155|   -0.081280|   -0.355196|
|          14|  2.3419e-01|   -5.012674|  -10.588954|    0.229472|   -0.139577|   -0.379735|
|          15|  2.3521e-01|   -5.030674|  -10.576622|    0.076512|   -0.179346|   -0.383863|
|          16|  2.3508e-01|   -5.049706|  -10.570461|   -0.027940|   -0.200241|   -0.369431|
|          17|  2.3487e-01|   -5.070505|  -10.570542|   -0.077966|   -0.202271|   -0.338437|
|          18|  2.3520e-01|   -5.094006|  -10.574665|   -0.070292|   -0.185962|   -0.293116|
|          19|  2.3524e-01|   -5.119334|  -10.580927|   -0.004252|   -0.152326|   -0.235935|
|          20|  2.3665e-01|   -5.142632|  -10.587199|    0.118312|   -0.102881|   -0.169693|
|          21|  2.3799e-01|   -5.157933|  -10.591491|    0.292435|   -0.039913|   -0.097755|
|          22|  2.3774e-01|   -5.160689|  -10.592975|    0.508651|    0.033099|   -0.024197|
|          23|  2.3754e-01|   -5.151543|  -10.592008|    0.753032|    0.111538|    0.046621|
|          24|  2.4076e-01|   -5.136472|  -10.589411|    1.009174|    0.190272|    0.110781|
|          25|  2.4285e-01|   -5.123036|  -10.586060|    1.260588|    0.264337|    0.165275|
|          26|  2.4254e-01|   -5.116988|  -10.582840|    1.492422|    0.329424|    0.208109|
|          27|  2.4207e-01|   -5.121481|  -10.579703|    1.692414|    0.382140|    0.238194|
|          28|  2.4165e-01|   -5.137602|  -10.576704|    1.851354|    0.420138|    0.255180|
|          29|  2.4116e-01|   -5.164850|  -10.572616|    1.963262|    0.442146|    0.259312|
|          30|  2.4060e-01|   -5.201144|  -10.566588|    2.025325|    0.447889|    0.251296|
|          31|  2.4009e-01|   -5.242407|  -10.558359|    2.037597|    0.437931|    0.232173|
|          32|  2.3964e-01|   -5.282224|  -10.547825|    2.002513|    0.413505|    0.203242|
|          33|  2.3926e-01|   -5.312932|  -10.535447|    1.924840|    0.376533|    0.166166|
|          34|  2.3897e-01|   -5.329105|  -10.521920|    1.812216|    0.329816|    0.123193|
|          35|  2.3868e-01|   -5.331503|  -10.507793|    1.675236|    0.277013|    0.077160|
|          36|  2.3817e-01|   -5.326757|  -10.493035|    1.526075|    0.222154|    0.031122|
|          37|  2.3749e-01|   -5.322639|  -10.477658|    1.376654|    0.169062|   -0.012063|
|          38|  2.3856e-01|   -5.324615|  -10.462074|    1.237441|    0.121005|   -0.049945|
|          39|  2.3830e-01|   -5.335465|  -10.446523|    1.116904|    0.080547|   -0.080564|
|          40|  2.3769e-01|   -5.356043|  -10.431186|    1.021267|    0.049479|   -0.102497|
|          41|  2.3712e-01|   -5.385789|  -10.416004|    0.954437|    0.028792|   -0.114919|
|          42|  2.3656e-01|   -5.422621|  -10.401019|    0.918074|    0.018705|   -0.117623|
|          43|  2.3628e-01|   -5.462492|  -10.386123|    0.911916|    0.018774|   -0.110970|
|          44|  2.3596e-01|   -5.499043|  -10.371480|    0.934476|    0.028144|   -0.095704|
|          45|  2.3566e-01|   -5.524587|  -10.357107|    0.983770|    0.045790|   -0.072828|
|          46|  2.3556e-01|   -5.534086|  -10.342717|    1.057002|    0.070413|   -0.043794|
|          47|  2.3567e-01|   -5.529047|  -10.327998|    1.149654|    0.100191|   -0.010726|
|          48|  2.3573e-01|   -5.516004|  -10.312601|    1.255439|    0.132827|    0.023740|
|          49|  2.3566e-01|   -5.502303|  -10.296341|    1.367197|    0.165878|    0.056893|
|          50|  2.3549e-01|   -5.493506|  -10.278859|    1.477892|    0.197076|    0.086332|
|          51|  2.3622e-01|   -5.492891|  -10.259741|    1.581235|    0.224521|    0.110194|
|          52|  2.3698e-01|   -5.501968|  -10.238910|    1.672019|    0.246763|    0.127251|
|          53|  2.3768e-01|   -5.521054|  -10.216416|    1.746306|    0.262833|    0.136927|
|          54|  2.3752e-01|   -5.549489|  -10.192333|    1.801519|    0.272235|    0.139251|
|          55|  2.3726e-01|   -5.585470|  -10.166822|    1.836424|    0.274892|    0.134751|
|          56|  2.3707e-01|   -5.625566|  -10.140078|    1.850971|    0.271057|    0.124299|
|          57|  2.3648e-01|   -5.664247|  -10.112227|    1.845944|    0.261175|    0.108924|
|          58|  2.3589e-01|   -5.694508|  -10.083293|    1.822652|    0.245819|    0.089728|
|          59|  2.3538e-01|   -5.710860|  -10.053427|    1.783103|    0.225788|    0.067958|
|          60|  2.3488e-01|   -5.712943|  -10.022718|    1.730454|    0.202263|    0.045080|
|          61|  2.3437e-01|   -5.705643|   -9.991345|    1.669047|    0.176769|    0.022665|
|          62|  2.3388e-01|   -5.695953|   -9.959457|    1.603867|    0.150992|    0.002165|
|          63|  2.3347e-01|   -5.689889|   -9.927191|    1.539883|    0.126563|   -0.015248|
|          64|  2.3301e-01|   -5.691262|   -9.894682|    1.481535|    0.104907|   -0.028754|
|          65|  2.3260e-01|   -5.701860|   -9.862029|    1.432431|    0.087149|   -0.037884|
|          66|  2.3235e-01|   -5.721928|   -9.829321|    1.395185|    0.074054|   -0.042493|
|          67|  2.3229e-01|   -5.750360|   -9.796563|    1.371360|    0.066019|   -0.042712|
|          68|  2.3232e-01|   -5.784500|   -9.763729|    1.361537|    0.063086|   -0.038890|
|          69|  2.3223e-01|   -5.819786|   -9.730753|    1.365476|    0.065011|   -0.031525|
|          70|  2.3195e-01|   -5.849948|   -9.697544|    1.382334|    0.071340|   -0.021218|
|          71|  2.3165e-01|   -5.868975|   -9.664016|    1.410757|    0.081444|   -0.008668|
|          72|  2.3137e-01|   -5.874649|   -9.630127|    1.448779|    0.094490|    0.005283|
|          73|  2.3100e-01|   -5.870225|   -9.595875|    1.493758|    0.109431|    0.019667|
|          74|  2.3061e-01|   -5.862042|   -9.561317|    1.542584|    0.125096|    0.033491|
|          75|  2.3029e-01|   -5.856142|   -9.526604|    1.592067|    0.140338|    0.045861|
|          76|  2.2993e-01|   -5.856712|   -9.491868|    1.639282|    0.154148|    0.056067|
|          77|  2.2954e-01|   -5.866104|   -9.457262|    1.681774|    0.165731|    0.063626|
|          78|  2.2920e-01|   -5.885292|   -9.422832|    1.717664|    0.174532|    0.068285|
|          79|  2.2886e-01|   -5.914155|   -9.388738|    1.745691|    0.180244|    0.070014|
|          80|  2.2861e-01|   -5.951356|   -9.355112|    1.765216|    0.182792|    0.068974|
|          81|  2.2828e-01|   -5.993743|   -9.321887|    1.776172|    0.182299|    0.065472|
|          82|  2.2796e-01|   -6.035463|   -9.289239|    1.778921|    0.179012|    0.059891|
|          83|  2.2818e-01|   -6.067935|   -9.257287|    1.774028|    0.173227|    0.052622|
|          84|  2.2811e-01|   -6.082992|   -9.225989|    1.762144|    0.165266|    0.044064|
|          85|  2.2789e-01|   -6.078673|   -9.195530|    1.744137|    0.155546|    0.034683|
|          86|  2.2767e-01|   -6.060781|   -9.165901|    1.721288|    0.144621|    0.025037|
|          87|  2.2743e-01|   -6.038071|   -9.137110|    1.695273|    0.133155|    0.015729|
|          88|  2.2726e-01|   -6.017630|   -9.109223|    1.667979|    0.121843|    0.007331|
|          89|  2.2722e-01|   -6.003635|   -9.082139|    1.641272|    0.111336|    0.000313|
|          90|  2.2722e-01|   -5.997915|   -9.055808|    1.616822|    0.102179|   -0.004985|
|          91|  2.2725e-01|   -6.000774|   -9.030147|    1.595993|    0.094789|   -0.008370|
|          92|  2.2726e-01|   -6.011506|   -9.005056|    1.579800|    0.089434|   -0.009786|
|          93|  2.2714e-01|   -6.028625|   -8.980412|    1.568891|    0.086242|   -0.009294|
|          94|  2.2718e-01|   -6.049922|   -8.956125|    1.563576|    0.085214|   -0.007047|
|          95|  2.2716e-01|   -6.072578|   -8.932112|    1.563870|    0.086249|   -0.003271|
|          96|  2.2716e-01|   -6.093578|   -8.908398|    1.569524|    0.089156|    0.001755|
|          97|  2.2725e-01|   -6.110526|   -8.884926|    1.580041|    0.093670|    0.007705|
|          98|  2.2742e-01|   -6.122547|   -8.861675|    1.594667|    0.099447|    0.014208|
|          99|  2.2804e-01|   -6.130567|   -8.838701|    1.612406|    0.106075|    0.020867|
|         100|  2.2842e-01|   -6.136761|   -8.815984|    1.632088|    0.113107|    0.027290|
|         101|  2.2827e-01|   -6.143625|   -8.793562|    1.652476|    0.120091|    0.033125|
|         102|  2.2827e-01|   -6.153212|   -8.771421|    1.672381|    0.126617|    0.038086|
|         103|  2.2852e-01|   -6.166727|   -8.749570|    1.690746|    0.132337|    0.041973|
|         104|  2.2854e-01|   -6.184326|   -8.728059|    1.706716|    0.136992|    0.044670|
|         105|  2.2857e-01|   -6.204981|   -8.706899|    1.719671|    0.140414|    0.046148|
|         106|  2.2865e-01|   -6.226354|   -8.686153|    1.729233|    0.142528|    0.046454|
|         107|  2.2868e-01|   -6.244907|   -8.665887|    1.735242|    0.143337|    0.045685|
|         108|  2.2866e-01|   -6.256672|   -8.646164|    1.737707|    0.142900|    0.043980|
|         109|  2.2867e-01|   -6.258879|   -8.626981|    1.736757|    0.141319|    0.041494|
|         110|  2.2907e-01|   -6.251580|   -8.608310|    1.732612|    0.138722|    0.038396|
|         111|  2.2920e-01|   -6.237680|   -8.590088|    1.725599|    0.135272|    0.034878|
|         112|  2.2952e-01|   -6.221345|   -8.572198|    1.716182|    0.131171|    0.031150|
|         113|  2.3080e-01|   -6.206348|   -8.554509|    1.704959|    0.126657|    0.027437|
|         114|  2.3125e-01|   -6.195377|   -8.536882|    1.692626|    0.121991|    0.023959|
|         115|  2.3144e-01|   -6.190070|   -8.519187|    1.679918|    0.117433|    0.020918|
|         116|  2.3146e-01|   -6.191252|   -8.501334|    1.667542|    0.113222|    0.018471|
|         117|  2.3161e-01|   -6.199132|   -8.483219|    1.656130|    0.109562|    0.016732|
|         118|  2.3183e-01|   -6.213408|   -8.464769|    1.646198|    0.106606|    0.015759|
|         119|  2.3197e-01|   -6.233271|   -8.445946|    1.638129|    0.104455|    0.015563|
|         120|  2.3201e-01|   -6.257345|   -8.426738|    1.632164|    0.103154|    0.016109|
|         121|  2.3221e-01|   -6.283605|   -8.407122|    1.628408|    0.102701|    0.017328|
|         122|  2.3232e-01|   -6.309401|   -8.387116|    1.626847|    0.103054|    0.019126|
|         123|  2.3266e-01|   -6.331799|   -8.366772|    1.627367|    0.104138|    0.021391|
|         124|  2.3361e-01|   -6.348335|   -8.346130|    1.629769|    0.105852|    0.023994|
|         125|  2.3380e-01|   -6.357907|   -8.325252|    1.633771|    0.108071|    0.026795|
|         126|  2.3376e-01|   -6.361181|   -8.304208|    1.639015|    0.110649|    0.029640|
|         127|  2.3382e-01|   -6.360161|   -8.283050|    1.645080|    0.113423|    0.032374|
|         128|  2.3391e-01|   -6.357290|   -8.261829|    1.651506|    0.116224|    0.034849|
|         129|  2.3414e-01|   -6.354700|   -8.240572|    1.657825|    0.118888|    0.036936|
|         130|  2.3472e-01|   -6.353858|   -8.219286|    1.663598|    0.121266|    0.038531|
|         131|  2.3471e-01|   -6.355507|   -8.197959|    1.668440|    0.123234|    0.039566|
|         132|  2.3475e-01|   -6.359751|   -8.176573|    1.672041|    0.124699|    0.040004|
|         133|  2.3513e-01|   -6.366182|   -8.155139|    1.674177|    0.125598|    0.039843|
|         134|  2.3542e-01|   -6.374030|   -8.133676|    1.674709|    0.125904|    0.039106|
|         135|  2.3576e-01|   -6.382333|   -8.112204|    1.673582|    0.125617|    0.037841|
|         136|  2.3695e-01|   -6.390160|   -8.090761|    1.670814|    0.124763|    0.036114|
|         137|  2.3725e-01|   -6.396850|   -8.069420|    1.666491|    0.123391|    0.034004|
|         138|  2.3741e-01|   -6.402198|   -8.048237|    1.660764|    0.121570|    0.031602|
|         139|  2.3763e-01|   -6.406515|   -8.027313|    1.653845|    0.119387|    0.029009|
|         140|  2.3759e-01|   -6.410524|   -8.006744|    1.646001|    0.116944|    0.026329|
|         141|  2.3782e-01|   -6.415153|   -7.986627|    1.637539|    0.114352|    0.023667|
|         142|  2.3798e-01|   -6.421329|   -7.967074|    1.628788|    0.111725|    0.021123|
|         143|  2.3810e-01|   -6.429818|   -7.948210|    1.620071|    0.109174|    0.018784|
|         144|  2.3820e-01|   -6.441140|   -7.930133|    1.611688|    0.106797|    0.016719|
|         145|  2.3835e-01|   -6.455512|   -7.912950|    1.603894|    0.104675|    0.014976|
|         146|  2.3842e-01|   -6.472829|   -7.896728|    1.596891|    0.102868|    0.013581|
|         147|  2.3886e-01|   -6.492649|   -7.881579|    1.590813|    0.101413|    0.012540|
|         148|  2.3910e-01|   -6.514202|   -7.867590|    1.585735|    0.100325|    0.011840|
|         149|  2.3924e-01|   -6.536446|   -7.854834|    1.581672|    0.099598|    0.011451|
|         150|  2.3930e-01|   -6.558189|   -7.843354|    1.578590|    0.099213|    0.011333|
|         151|  2.3941e-01|   -6.578303|   -7.833215|    1.576413|    0.099134|    0.011438|
|         152|  2.3946e-01|   -6.595984|   -7.824437|    1.575032|    0.099318|    0.011711|
|         153|  2.3954e-01|   -6.610959|   -7.817059|    1.574313|    0.099712|    0.012095|
|         154|  2.3947e-01|   -6.623522|   -7.811075|    1.574099|    0.100261|    0.012532|
|         155|  2.3958e-01|   -6.634384|   -7.806497|    1.574218|    0.100901|    0.012963|
|         156|  2.3961e-01|   -6.644402|   -7.803299|    1.574490|    0.101572|    0.013334|
|         157|  2.3975e-01|   -6.654304|   -7.801468|    1.574738|    0.102213|    0.013598|
|         158|  2.3995e-01|   -6.664482|   -7.800967|    1.574796|    0.102771|    0.013714|
|         159|  2.4006e-01|   -6.674879|   -7.801779|    1.574515|    0.103199|    0.013653|
|         160|  2.4015e-01|   -6.684961|   -7.803824|    1.573775|    0.103463|    0.013398|
|         161|  2.4073e-01|   -6.693786|   -7.807049|    1.572484|    0.103536|    0.012941|
|         162|  2.4082e-01|   -6.700192|   -7.811385|    1.570579|    0.103405|    0.012284|
|         163|  2.4095e-01|   -6.703096|   -7.816792|    1.568027|    0.103067|    0.011438|
|         164|  2.4101e-01|   -6.701852|   -7.823191|    1.564825|    0.102527|    0.010423|
|         165|  2.4108e-01|   -6.696497|   -7.830499|    1.561001|    0.101802|    0.009268|
|         166|  2.4118e-01|   -6.687763|   -7.838595|    1.556611|    0.100918|    0.008007|
|         167|  2.4133e-01|   -6.676847|   -7.847510|    1.551744|    0.099908|    0.006682|
|         168|  2.4148e-01|   -6.665086|   -7.857177|    1.546514|    0.098813|    0.005339|
|         169|  2.4153e-01|   -6.653679|   -7.867515|    1.541051|    0.097678|    0.004025|
|         170|  2.4148e-01|   -6.643546|   -7.878523|    1.535499|    0.096551|    0.002784|
|         171|  2.4143e-01|   -6.635285|   -7.890087|    1.529997|    0.095478|    0.001656|
|         172|  2.4178e-01|   -6.629201|   -7.902092|    1.524676|    0.094498|    0.000674|
|         173|  2.4268e-01|   -6.625363|   -7.914511|    1.519647|    0.093648|   -0.000138|
|         174|  2.4355e-01|   -6.623663|   -7.927247|    1.515002|    0.092953|   -0.000766|
|         175|  2.4489e-01|   -6.623868|   -7.940101|    1.510803|    0.092432|   -0.001205|
|         176|  2.4547e-01|   -6.625678|   -7.953099|    1.507087|    0.092091|   -0.001460|
|         177|  2.4599e-01|   -6.628771|   -7.965945|    1.503860|    0.091929|   -0.001542|
|         178|  2.4636e-01|   -6.632843|   -7.978507|    1.501104|    0.091938|   -0.001472|
|         179|  2.4726e-01|   -6.637640|   -7.990613|    1.498778|    0.092100|   -0.001274|
|         180|  2.4869e-01|   -6.642970|   -8.002094|    1.496821|    0.092391|   -0.000977|
|         181|  2.4998e-01|   -6.648698|   -8.012729|    1.495157|    0.092786|   -0.000613|
|         182|  2.5114e-01|   -6.654731|   -8.022291|    1.493703|    0.093254|   -0.000212|
|         183|  2.5254e-01|   -6.660985|   -8.030646|    1.492372|    0.093767|    0.000196|
|         184|  2.5356e-01|   -6.667359|   -8.037480|    1.491076|    0.094296|    0.000584|
|         185|  2.5497e-01|   -6.673713|   -8.042783|    1.489737|    0.094815|    0.000931|
|         186|  2.5628e-01|   -6.679853|   -8.046655|    1.488284|    0.095302|    0.001218|
|         187|  2.5752e-01|   -6.685548|   -8.049177|    1.486662|    0.095739|    0.001435|
|         188|  2.5877e-01|   -6.690555|   -8.050315|    1.484828|    0.096113|    0.001574|
|         189|  2.5965e-01|   -6.694662|   -8.050291|    1.482756|    0.096418|    0.001636|
|         190|  2.6066e-01|   -6.697744|   -8.049265|    1.480438|    0.096652|    0.001627|
|         191|  2.6159e-01|   -6.699798|   -8.047349|    1.477881|    0.096818|    0.001556|
|         192|  2.6249e-01|   -6.700960|   -8.044874|    1.475107|    0.096923|    0.001439|
|         193|  2.6317e-01|   -6.701493|   -8.041913|    1.472152|    0.096979|    0.001293|
|         194|  2.6402e-01|   -6.701750|   -8.038775|    1.469064|    0.097002|    0.001140|
|         195|  2.6479e-01|   -6.702123|   -8.035545|    1.465899|    0.097009|    0.001001|
|         196|  2.6582e-01|   -6.702984|   -8.032354|    1.462717|    0.097017|    0.000897|
|         197|  2.6653e-01|   -6.704641|   -8.029447|    1.459581|    0.097047|    0.000851|
|         198|  2.6699e-01|   -6.707306|   -8.026920|    1.456550|    0.097117|    0.000879|
|         199|  2.6744e-01|   -6.711073|   -8.024770|    1.453679|    0.097242|    0.000998|
|         200|  2.6840e-01|   -6.715916|   -8.023334|    1.451014|    0.097437|    0.001218|
|         201|  2.6879e-01|   -6.721693|   -8.022440|    1.448591|    0.097713|    0.001547|
|         202|  2.6962e-01|   -6.728158|   -8.022382|    1.446434|    0.098078|    0.001986|
|         203|  2.6982e-01|   -6.734986|   -8.023192|    1.444555|    0.098535|    0.002533|
|         204|  2.7013e-01|   -6.741800|   -8.024926|    1.442957|    0.099087|    0.003184|
|         205|  2.7026e-01|   -6.748212|   -8.027789|    1.441629|    0.099730|    0.003928|
|         206|  2.7039e-01|   -6.753866|   -8.031879|    1.440554|    0.100460|    0.004754|
|         207|  2.7052e-01|   -6.758474|   -8.037231|    1.439707|    0.101270|    0.005646|
|         208|  2.7051e-01|   -6.761842|   -8.043996|    1.439055|    0.102149|    0.006590|
|         209|  2.7058e-01|   -6.763896|   -8.052306|    1.438565|    0.103087|    0.007569|
|         210|  2.7057e-01|   -6.764676|   -8.062186|    1.438198|    0.104072|    0.008564|
|         211|  2.7059e-01|   -6.764324|   -8.073745|    1.437915|    0.105090|    0.009561|
|         212|  2.7077e-01|   -6.763054|   -8.086921|    1.437680|    0.106128|    0.010543|
|         213|  2.7105e-01|   -6.761132|   -8.101791|    1.437457|    0.107172|    0.011496|
|         214|  2.7100e-01|   -6.758841|   -8.118096|    1.437217|    0.108211|    0.012410|
|         215|  2.7134e-01|   -6.756465|   -8.135883|    1.436933|    0.109233|    0.013275|
|         216|  2.7137e-01|   -6.754269|   -8.154943|    1.436586|    0.110227|    0.014086|
|         217|  2.7201e-01|   -6.752495|   -8.174855|    1.436164|    0.111186|    0.014841|
|         218|  2.7277e-01|   -6.751353|   -8.195218|    1.435659|    0.112104|    0.015539|
|         219|  2.7336e-01|   -6.751019|   -8.215468|    1.435072|    0.112977|    0.016185|
|         220|  2.7410e-01|   -6.751632|   -8.234772|    1.434408|    0.113803|    0.016784|
|         221|  2.7459e-01|   -6.753287|   -8.252401|    1.433677|    0.114584|    0.017344|
|         222|  2.7453e-01|   -6.756028|   -8.267507|    1.432894|    0.115320|    0.017875|
|         223|  2.7471e-01|   -6.759848|   -8.279348|    1.432076|    0.116017|    0.018385|
|         224|  2.7493e-01|   -6.764678|   -8.287469|    1.431239|    0.116681|    0.018886|
|         225|  2.7548e-01|   -6.770395|   -8.291522|    1.430402|    0.117318|    0.019387|
|         226|  2.7551e-01|   -6.776820|   -8.291772|    1.429582|    0.117935|    0.019897|
|         227|  2.7581e-01|   -6.783740|   -8.288303|    1.428792|    0.118541|    0.020421|
|         228|  2.7605e-01|   -6.790919|   -8.281972|    1.428047|    0.119142|    0.020966|
|         229|  2.7601e-01|   -6.798129|   -8.273129|    1.427355|    0.119746|    0.021535|
|         230|  2.7609e-01|   -6.805175|   -8.262584|    1.426724|    0.120357|    0.022129|
|         231|  2.7593e-01|   -6.811916|   -8.250822|    1.426157|    0.120981|    0.022748|
|         232|  2.7592e-01|   -6.818289|   -8.237971|    1.425656|    0.121620|    0.023389|
|         233|  2.7588e-01|   -6.824308|   -8.224813|    1.425220|    0.122277|    0.024048|
|         234|  2.7590e-01|   -6.830063|   -8.211281|    1.424844|    0.122951|    0.024721|
|         235|  2.7592e-01|   -6.835698|   -8.197531|    1.424525|    0.123641|    0.025401|
|         236|  2.7651e-01|   -6.841386|   -8.183917|    1.424254|    0.124344|    0.026084|
|         237|  2.7654e-01|   -6.847311|   -8.170473|    1.424024|    0.125055|    0.026762|
|         238|  2.7642e-01|   -6.853637|   -8.157237|    1.423825|    0.125771|    0.027430|
|         239|  2.7637e-01|   -6.860497|   -8.144298|    1.423649|    0.126485|    0.028084|
|         240|  2.7632e-01|   -6.867980|   -8.131758|    1.423486|    0.127192|    0.028719|
|         241|  2.7635e-01|   -6.876125|   -8.119570|    1.423327|    0.127886|    0.029332|
|         242|  2.7626e-01|   -6.884918|   -8.107964|    1.423163|    0.128562|    0.029922|
|         243|  2.7621e-01|   -6.894293|   -8.096783|    1.422987|    0.129215|    0.030489|
|         244|  2.7635e-01|   -6.904135|   -8.086144|    1.422792|    0.129843|    0.031033|
|         245|  2.7644e-01|   -6.914278|   -8.076142|    1.422573|    0.130442|    0.031557|
|         246|  2.7669e-01|   -6.924520|   -8.066766|    1.422327|    0.131011|    0.032061|
|         247|  2.7700e-01|   -6.934620|   -8.058141|    1.422051|    0.131552|    0.032550|
|         248|  2.7704e-01|   -6.944313|   -8.050232|    1.421745|    0.132064|    0.033027|
|         249|  2.7719e-01|   -6.953327|   -8.043076|    1.421410|    0.132550|    0.033496|
|         250|  2.7700e-01|   -6.961393|   -8.036723|    1.421047|    0.133014|    0.033960|
+-----------------------------------------------------------------------+
|        File Writing Summary       |              Filename             |
+-----------------------------------------------------------------------+
|SU2 binary restart                 |restart_flow.dat                   |
|Paraview                           |flow.vtu                           |
|Paraview surface                   |surface_flow.vtu                   |
+-----------------------------------------------------------------------+
+------------------------------------------------------------------------------------------+
|  Inner_Iter|   Time(sec)|    rms[Rho]|     rms[nu]|          CL|          CD|         CMz|
+------------------------------------------------------------------------------------------+
|         251|  2.7736e-01|   -6.968265|   -8.031122|    1.420661|    0.133459|    0.034422|
|         252|  2.7728e-01|   -6.973744|   -8.026331|    1.420256|    0.133890|    0.034887|
|         253|  2.7721e-01|   -6.977688|   -8.022369|    1.419837|    0.134311|    0.035357|
|         254|  2.7719e-01|   -6.980028|   -8.019231|    1.419411|    0.134726|    0.035834|
|         255|  2.7702e-01|   -6.980774|   -8.016935|    1.418984|    0.135140|    0.036321|
|         256|  2.7706e-01|   -6.980007|   -8.015490|    1.418562|    0.135557|    0.036819|
|         257|  2.7719e-01|   -6.977876|   -8.014868|    1.418150|    0.135980|    0.037328|
|         258|  2.7700e-01|   -6.974572|   -8.015082|    1.417755|    0.136412|    0.037850|
|         259|  2.7705e-01|   -6.970318|   -8.016140|    1.417379|    0.136854|    0.038385|
|         260|  2.7701e-01|   -6.965342|   -8.018013|    1.417027|    0.137309|    0.038931|
|         261|  2.7685e-01|   -6.959867|   -8.020687|    1.416701|    0.137776|    0.039489|
|         262|  2.7675e-01|   -6.954093|   -8.024121|    1.416402|    0.138256|    0.040056|
|         263|  2.7666e-01|   -6.948194|   -8.028336|    1.416127|    0.138747|    0.040633|
|         264|  2.7651e-01|   -6.942307|   -8.033256|    1.415877|    0.139247|    0.041216|
|         265|  2.7639e-01|   -6.936538|   -8.038848|    1.415647|    0.139756|    0.041806|
|         266|  2.7637e-01|   -6.930956|   -8.045077|    1.415433|    0.140271|    0.042399|
|         267|  2.7649e-01|   -6.925600|   -8.051885|    1.415231|    0.140790|    0.042996|
|         268|  2.7635e-01|   -6.920485|   -8.059249|    1.415035|    0.141310|    0.043594|
|         269|  2.7643e-01|   -6.915608|   -8.067083|    1.414839|    0.141830|    0.044193|
|         270|  2.7630e-01|   -6.910951|   -8.075352|    1.414637|    0.142347|    0.044791|
|         271|  2.7615e-01|   -6.906490|   -8.084022|    1.414424|    0.142861|    0.045389|
|         272|  2.7605e-01|   -6.902200|   -8.092996|    1.414196|    0.143370|    0.045985|
|         273|  2.7594e-01|   -6.898055|   -8.102223|    1.413947|    0.143873|    0.046580|
|         274|  2.7607e-01|   -6.894037|   -8.111632|    1.413675|    0.144370|    0.047173|
|         275|  2.7604e-01|   -6.890137|   -8.121181|    1.413377|    0.144862|    0.047764|
|         276|  2.7594e-01|   -6.886351|   -8.130799|    1.413052|    0.145349|    0.048355|
|         277|  2.7594e-01|   -6.882683|   -8.140375|    1.412700|    0.145832|    0.048946|
|         278|  2.7586e-01|   -6.879145|   -8.149962|    1.412321|    0.146311|    0.049536|
|         279|  2.7577e-01|   -6.875754|   -8.159409|    1.411917|    0.146789|    0.050128|
|         280|  2.7571e-01|   -6.872528|   -8.168729|    1.411491|    0.147267|    0.050721|
|         281|  2.7583e-01|   -6.869488|   -8.177782|    1.411045|    0.147747|    0.051317|
|         282|  2.7583e-01|   -6.866650|   -8.186524|    1.410584|    0.148229|    0.051916|
|         283|  2.7579e-01|   -6.864029|   -8.194938|    1.410109|    0.148715|    0.052519|
|         284|  2.7590e-01|   -6.861635|   -8.202857|    1.409626|    0.149207|    0.053127|
|         285|  2.7586e-01|   -6.859469|   -8.210358|    1.409136|    0.149705|    0.053740|
|         286|  2.7577e-01|   -6.857527|   -8.217230|    1.408644|    0.150211|    0.054359|
|         287|  2.7573e-01|   -6.855799|   -8.223506|    1.408152|    0.150724|    0.054984|
|         288|  2.7560e-01|   -6.854265|   -8.229068|    1.407661|    0.151246|    0.055615|
|         289|  2.7550e-01|   -6.852899|   -8.233796|    1.407173|    0.151775|    0.056252|
|         290|  2.7546e-01|   -6.851670|   -8.237822|    1.406688|    0.152312|    0.056895|
|         291|  2.7553e-01|   -6.850544|   -8.240997|    1.406206|    0.152857|    0.057543|
|         292|  2.7553e-01|   -6.849485|   -8.243288|    1.405726|    0.153408|    0.058197|
|         293|  2.7537e-01|   -6.848453|   -8.244746|    1.405246|    0.153965|    0.058854|
|         294|  2.7525e-01|   -6.847407|   -8.245352|    1.404765|    0.154528|    0.059516|
|         295|  2.7511e-01|   -6.846310|   -8.245085|    1.404279|    0.155095|    0.060180|
|         296|  2.7499e-01|   -6.845122|   -8.244075|    1.403786|    0.155665|    0.060846|
|         297|  2.7494e-01|   -6.843814|   -8.242342|    1.403284|    0.156237|    0.061514|
|         298|  2.7479e-01|   -6.842354|   -8.239999|    1.402769|    0.156812|    0.062181|
|         299|  2.7474e-01|   -6.840710|   -8.236974|    1.402239|    0.157387|    0.062848|
|         300|  2.7463e-01|   -6.838862|   -8.233509|    1.401693|    0.157963|    0.063513|
|         301|  2.7455e-01|   -6.836789|   -8.229535|    1.401127|    0.158538|    0.064176|
|         302|  2.7445e-01|   -6.834477|   -8.225207|    1.400541|    0.159113|    0.064837|
|         303|  2.7434e-01|   -6.831917|   -8.220500|    1.399933|    0.159687|    0.065495|
|         304|  2.7434e-01|   -6.829107|   -8.215610|    1.399303|    0.160260|    0.066150|
|         305|  2.7424e-01|   -6.826052|   -8.210425|    1.398651|    0.160833|    0.066801|
|         306|  2.7432e-01|   -6.822759|   -8.205024|    1.397978|    0.161404|    0.067449|
|         307|  2.7444e-01|   -6.819243|   -8.199548|    1.397283|    0.161974|    0.068094|
|         308|  2.7455e-01|   -6.815526|   -8.193940|    1.396568|    0.162544|    0.068736|
|         309|  2.7452e-01|   -6.811626|   -8.188292|    1.395834|    0.163113|    0.069375|
|         310|  2.7464e-01|   -6.807562|   -8.182568|    1.395083|    0.163683|    0.070012|
|         311|  2.7456e-01|   -6.803357|   -8.176840|    1.394314|    0.164252|    0.070646|
|         312|  2.7444e-01|   -6.799034|   -8.171084|    1.393531|    0.164821|    0.071277|
|         313|  2.7435e-01|   -6.794620|   -8.165345|    1.392733|    0.165390|    0.071907|
|         314|  2.7419e-01|   -6.790140|   -8.159587|    1.391922|    0.165959|    0.072535|
|         315|  2.7409e-01|   -6.785624|   -8.153875|    1.391097|    0.166529|    0.073160|
|         316|  2.7414e-01|   -6.781095|   -8.148135|    1.390259|    0.167098|    0.073784|
|         317|  2.7406e-01|   -6.776574|   -8.142409|    1.389408|    0.167668|    0.074405|
|         318|  2.7410e-01|   -6.772088|   -8.136716|    1.388544|    0.168237|    0.075022|
|         319|  2.7430e-01|   -6.767659|   -8.131042|    1.387664|    0.168805|    0.075637|
|         320|  2.7425e-01|   -6.763302|   -8.125400|    1.386770|    0.169372|    0.076248|
|         321|  2.7421e-01|   -6.759028|   -8.119751|    1.385858|    0.169938|    0.076854|
|         322|  2.7415e-01|   -6.754848|   -8.114076|    1.384928|    0.170501|    0.077455|
|         323|  2.7412e-01|   -6.750770|   -8.108432|    1.383978|    0.171062|    0.078050|
|         324|  2.7416e-01|   -6.746797|   -8.102778|    1.383007|    0.171620|    0.078639|
|         325|  2.7418e-01|   -6.742932|   -8.097115|    1.382012|    0.172174|    0.079220|
|         326|  2.7418e-01|   -6.739175|   -8.091452|    1.380994|    0.172724|    0.079794|
|         327|  2.7418e-01|   -6.735522|   -8.085796|    1.379949|    0.173270|    0.080360|
|         328|  2.7416e-01|   -6.731972|   -8.080160|    1.378878|    0.173811|    0.080916|
|         329|  2.7413e-01|   -6.728529|   -8.074531|    1.377779|    0.174346|    0.081464|
|         330|  2.7442e-01|   -6.725185|   -8.068869|    1.376651|    0.174876|    0.082003|
|         331|  2.7444e-01|   -6.721928|   -8.063227|    1.375494|    0.175400|    0.082532|
|         332|  2.7459e-01|   -6.718746|   -8.057602|    1.374308|    0.175917|    0.083051|
|         333|  2.7458e-01|   -6.715630|   -8.051928|    1.373091|    0.176429|    0.083561|
|         334|  2.7450e-01|   -6.712573|   -8.046339|    1.371844|    0.176934|    0.084061|
|         335|  2.7438e-01|   -6.709565|   -8.040660|    1.370567|    0.177433|    0.084552|
|         336|  2.7426e-01|   -6.706603|   -8.035067|    1.369260|    0.177925|    0.085033|
|         337|  2.7419e-01|   -6.703679|   -8.029428|    1.367923|    0.178412|    0.085505|
|         338|  2.7410e-01|   -6.700791|   -8.023832|    1.366556|    0.178892|    0.085968|
|         339|  2.7398e-01|   -6.697939|   -8.018182|    1.365158|    0.179366|    0.086422|
|         340|  2.7391e-01|   -6.695126|   -8.012566|    1.363731|    0.179834|    0.086867|
|         341|  2.7385e-01|   -6.692353|   -8.006994|    1.362275|    0.180296|    0.087303|
|         342|  2.7379e-01|   -6.689617|   -8.001443|    1.360788|    0.180752|    0.087730|
|         343|  2.7365e-01|   -6.686918|   -7.995943|    1.359271|    0.181203|    0.088149|
|         344|  2.7373e-01|   -6.684250|   -7.990418|    1.357724|    0.181647|    0.088558|
|         345|  2.7385e-01|   -6.681612|   -7.984894|    1.356146|    0.182086|    0.088958|
|         346|  2.7380e-01|   -6.679001|   -7.979449|    1.354537|    0.182519|    0.089349|
|         347|  2.7378e-01|   -6.676419|   -7.973985|    1.352897|    0.182946|    0.089730|
|         348|  2.7371e-01|   -6.673866|   -7.968593|    1.351224|    0.183366|    0.090102|
|         349|  2.7360e-01|   -6.671342|   -7.963189|    1.349519|    0.183781|    0.090464|
|         350|  2.7357e-01|   -6.668846|   -7.957832|    1.347780|    0.184189|    0.090815|
|         351|  2.7358e-01|   -6.666384|   -7.952511|    1.346008|    0.184591|    0.091157|
|         352|  2.7353e-01|   -6.663958|   -7.947249|    1.344200|    0.184986|    0.091488|
|         353|  2.7348e-01|   -6.661561|   -7.941961|    1.342358|    0.185374|    0.091809|
|         354|  2.7340e-01|   -6.659188|   -7.936751|    1.340480|    0.185755|    0.092120|
|         355|  2.7333e-01|   -6.656835|   -7.931592|    1.338566|    0.186129|    0.092419|
|         356|  2.7353e-01|   -6.654496|   -7.926471|    1.336615|    0.186495|    0.092708|
|         357|  2.7356e-01|   -6.652174|   -7.921400|    1.334628|    0.186855|    0.092987|
|         358|  2.7348e-01|   -6.649858|   -7.916411|    1.332603|    0.187207|    0.093254|
|         359|  2.7341e-01|   -6.647547|   -7.911404|    1.330541|    0.187552|    0.093512|
|         360|  2.7348e-01|   -6.645238|   -7.906463|    1.328442|    0.187890|    0.093758|
|         361|  2.7340e-01|   -6.642929|   -7.901632|    1.326306|    0.188220|    0.093995|
|         362|  2.7338e-01|   -6.640621|   -7.896821|    1.324133|    0.188544|    0.094221|
|         363|  2.7330e-01|   -6.638323|   -7.892102|    1.321923|    0.188860|    0.094437|
|         364|  2.7327e-01|   -6.636039|   -7.887484|    1.319677|    0.189170|    0.094643|
|         365|  2.7341e-01|   -6.633764|   -7.882836|    1.317394|    0.189473|    0.094840|
|         366|  2.7340e-01|   -6.631496|   -7.878326|    1.315076|    0.189769|    0.095026|
|         367|  2.7343e-01|   -6.629234|   -7.873951|    1.312722|    0.190059|    0.095203|
|         368|  2.7368e-01|   -6.626976|   -7.869525|    1.310333|    0.190343|    0.095371|
|         369|  2.7364e-01|   -6.624727|   -7.865201|    1.307910|    0.190620|    0.095528|
|         370|  2.7362e-01|   -6.622485|   -7.860945|    1.305451|    0.190891|    0.095676|
|         371|  2.7358e-01|   -6.620258|   -7.856824|    1.302959|    0.191156|    0.095815|
|         372|  2.7353e-01|   -6.618042|   -7.852793|    1.300433|    0.191414|    0.095944|
|         373|  2.7346e-01|   -6.615837|   -7.848853|    1.297873|    0.191667|    0.096064|
|         374|  2.7338e-01|   -6.613646|   -7.845070|    1.295280|    0.191913|    0.096174|
|         375|  2.7328e-01|   -6.611477|   -7.841284|    1.292654|    0.192153|    0.096275|
|         376|  2.7338e-01|   -6.609335|   -7.837651|    1.289995|    0.192387|    0.096366|
|         377|  2.7345e-01|   -6.607219|   -7.834148|    1.287303|    0.192614|    0.096448|
|         378|  2.7344e-01|   -6.605124|   -7.830707|    1.284579|    0.192835|    0.096520|
|         379|  2.7340e-01|   -6.603050|   -7.827428|    1.281822|    0.193050|    0.096583|
|         380|  2.7338e-01|   -6.600996|   -7.824176|    1.279033|    0.193258|    0.096636|
|         381|  2.7330e-01|   -6.598962|   -7.821106|    1.276213|    0.193459|    0.096680|
|         382|  2.7324e-01|   -6.596946|   -7.818074|    1.273362|    0.193654|    0.096715|
|         383|  2.7325e-01|   -6.594950|   -7.815184|    1.270479|    0.193843|    0.096740|
|         384|  2.7322e-01|   -6.592973|   -7.812335|    1.267565|    0.194024|    0.096755|
|         385|  2.7314e-01|   -6.591019|   -7.809550|    1.264622|    0.194200|    0.096762|
|         386|  2.7305e-01|   -6.589089|   -7.806932|    1.261649|    0.194368|    0.096759|
|         387|  2.7300e-01|   -6.587180|   -7.804365|    1.258647|    0.194530|    0.096747|
|         388|  2.7295e-01|   -6.585300|   -7.801907|    1.255616|    0.194686|    0.096727|
|         389|  2.7286e-01|   -6.583454|   -7.799473|    1.252559|    0.194835|    0.096697|
|         390|  2.7282e-01|   -6.581639|   -7.797204|    1.249475|    0.194978|    0.096660|
|         391|  2.7277e-01|   -6.579852|   -7.794934|    1.246365|    0.195114|    0.096613|
|         392|  2.7271e-01|   -6.578092|   -7.792803|    1.243230|    0.195244|    0.096559|
|         393|  2.7262e-01|   -6.576358|   -7.790740|    1.240071|    0.195369|    0.096497|
|         394|  2.7259e-01|   -6.574651|   -7.788705|    1.236890|    0.195487|    0.096426|
|         395|  2.7255e-01|   -6.572973|   -7.786792|    1.233686|    0.195599|    0.096349|
|         396|  2.7254e-01|   -6.571324|   -7.784950|    1.230461|    0.195706|    0.096264|
|         397|  2.7244e-01|   -6.569707|   -7.783172|    1.227217|    0.195806|    0.096171|
|         398|  2.7236e-01|   -6.568124|   -7.781437|    1.223953|    0.195901|    0.096072|
|         399|  2.7242e-01|   -6.566577|   -7.779805|    1.220670|    0.195991|    0.095965|
|         400|  2.7260e-01|   -6.565068|   -7.778173|    1.217371|    0.196075|    0.095853|
|         401|  2.7257e-01|   -6.563604|   -7.776695|    1.214055|    0.196153|    0.095733|
|         402|  2.7252e-01|   -6.562190|   -7.775224|    1.210723|    0.196226|    0.095607|
|         403|  2.7248e-01|   -6.560828|   -7.773830|    1.207377|    0.196293|    0.095476|
|         404|  2.7240e-01|   -6.559518|   -7.772519|    1.204018|    0.196356|    0.095338|
|         405|  2.7230e-01|   -6.558255|   -7.771227|    1.200646|    0.196413|    0.095195|
|         406|  2.7219e-01|   -6.557042|   -7.769978|    1.197262|    0.196465|    0.095046|
|         407|  2.7216e-01|   -6.555878|   -7.768854|    1.193867|    0.196512|    0.094891|
|         408|  2.7221e-01|   -6.554764|   -7.767681|    1.190463|    0.196554|    0.094732|
|         409|  2.7220e-01|   -6.553701|   -7.766633|    1.187049|    0.196591|    0.094567|
|         410|  2.7228e-01|   -6.552692|   -7.765633|    1.183628|    0.196623|    0.094398|
|         411|  2.7224e-01|   -6.551735|   -7.764651|    1.180199|    0.196650|    0.094224|
|         412|  2.7225e-01|   -6.550833|   -7.763758|    1.176765|    0.196673|    0.094045|
|         413|  2.7246e-01|   -6.549989|   -7.762901|    1.173325|    0.196692|    0.093863|
|         414|  2.7250e-01|   -6.549203|   -7.762095|    1.169881|    0.196705|    0.093676|
|         415|  2.7266e-01|   -6.548477|   -7.761303|    1.166433|    0.196715|    0.093485|
|         416|  2.7269e-01|   -6.547814|   -7.760601|    1.162984|    0.196720|    0.093290|
|         417|  2.7277e-01|   -6.547224|   -7.759936|    1.159533|    0.196721|    0.093092|
|         418|  2.7284e-01|   -6.546710|   -7.759343|    1.156082|    0.196718|    0.092891|
|         419|  2.7290e-01|   -6.546268|   -7.758762|    1.152631|    0.196711|    0.092686|
|         420|  2.7306e-01|   -6.545900|   -7.758325|    1.149182|    0.196700|    0.092478|
|         421|  2.7315e-01|   -6.545603|   -7.757909|    1.145735|    0.196685|    0.092268|
|         422|  2.7310e-01|   -6.545380|   -7.757478|    1.142291|    0.196667|    0.092054|
|         423|  2.7313e-01|   -6.545233|   -7.757200|    1.138851|    0.196645|    0.091838|
|         424|  2.7314e-01|   -6.545163|   -7.756919|    1.135416|    0.196619|    0.091620|
|         425|  2.7331e-01|   -6.545173|   -7.756696|    1.131987|    0.196590|    0.091398|
|         426|  2.7326e-01|   -6.545265|   -7.756565|    1.128564|    0.196558|    0.091175|
|         427|  2.7320e-01|   -6.545443|   -7.756463|    1.125147|    0.196522|    0.090949|
|         428|  2.7317e-01|   -6.545711|   -7.756421|    1.121738|    0.196483|    0.090721|
|         429|  2.7310e-01|   -6.546069|   -7.756473|    1.118338|    0.196440|    0.090490|
|         430|  2.7322e-01|   -6.546522|   -7.756533|    1.114945|    0.196395|    0.090258|
|         431|  2.7321e-01|   -6.547073|   -7.756693|    1.111562|    0.196346|    0.090023|
|         432|  2.7356e-01|   -6.547726|   -7.756855|    1.108189|    0.196293|    0.089785|
|         433|  2.7363e-01|   -6.548485|   -7.757072|    1.104825|    0.196238|    0.089546|
|         434|  2.7365e-01|   -6.549355|   -7.757359|    1.101472|    0.196179|    0.089304|
|         435|  2.7369e-01|   -6.550343|   -7.757654|    1.098129|    0.196116|    0.089059|
|         436|  2.7375e-01|   -6.551457|   -7.757986|    1.094797|    0.196050|    0.088812|
|         437|  2.7376e-01|   -6.552695|   -7.758360|    1.091475|    0.195981|    0.088563|
|         438|  2.7373e-01|   -6.554057|   -7.758763|    1.088166|    0.195909|    0.088311|
|         439|  2.7377e-01|   -6.555544|   -7.759157|    1.084867|    0.195832|    0.088056|
|         440|  2.7406e-01|   -6.557159|   -7.759600|    1.081580|    0.195752|    0.087798|
|         441|  2.7419e-01|   -6.558902|   -7.759972|    1.078305|    0.195669|    0.087537|
|         442|  2.7417e-01|   -6.560776|   -7.760414|    1.075041|    0.195581|    0.087274|
|         443|  2.7419e-01|   -6.562783|   -7.760784|    1.071789|    0.195490|    0.087007|
|         444|  2.7444e-01|   -6.564923|   -7.761135|    1.068548|    0.195395|    0.086736|
|         445|  2.7448e-01|   -6.567200|   -7.761429|    1.065319|    0.195296|    0.086463|
|         446|  2.7476e-01|   -6.569612|   -7.761694|    1.062102|    0.195192|    0.086185|
|         447|  2.7489e-01|   -6.572160|   -7.761849|    1.058895|    0.195084|    0.085904|
|         448|  2.7489e-01|   -6.574844|   -7.761953|    1.055700|    0.194972|    0.085620|
|         449|  2.7484e-01|   -6.577666|   -7.762051|    1.052517|    0.194856|    0.085331|
|         450|  2.7498e-01|   -6.580623|   -7.762006|    1.049344|    0.194735|    0.085038|
|         451|  2.7511e-01|   -6.583714|   -7.761965|    1.046182|    0.194609|    0.084742|
|         452|  2.7522e-01|   -6.586940|   -7.761857|    1.043031|    0.194479|    0.084440|
|         453|  2.7523e-01|   -6.590300|   -7.761688|    1.039890|    0.194344|    0.084135|
|         454|  2.7518e-01|   -6.593791|   -7.761424|    1.036760|    0.194204|    0.083825|
|         455|  2.7516e-01|   -6.597413|   -7.761112|    1.033640|    0.194059|    0.083511|
|         456|  2.7511e-01|   -6.601167|   -7.760766|    1.030530|    0.193909|    0.083192|
|         457|  2.7502e-01|   -6.605051|   -7.760264|    1.027430|    0.193754|    0.082869|
|         458|  2.7505e-01|   -6.609060|   -7.759748|    1.024339|    0.193594|    0.082540|
|         459|  2.7506e-01|   -6.613194|   -7.759087|    1.021258|    0.193428|    0.082207|
|         460|  2.7499e-01|   -6.617447|   -7.758337|    1.018186|    0.193258|    0.081869|
|         461|  2.7491e-01|   -6.621815|   -7.757472|    1.015123|    0.193081|    0.081527|
|         462|  2.7483e-01|   -6.626293|   -7.756624|    1.012069|    0.192900|    0.081179|
|         463|  2.7476e-01|   -6.630873|   -7.755643|    1.009024|    0.192713|    0.080827|
|         464|  2.7470e-01|   -6.635551|   -7.754623|    1.005987|    0.192521|    0.080469|
|         465|  2.7466e-01|   -6.640322|   -7.753555|    1.002959|    0.192324|    0.080107|
|         466|  2.7459e-01|   -6.645181|   -7.752441|    0.999939|    0.192121|    0.079740|
|         467|  2.7453e-01|   -6.650124|   -7.751267|    0.996927|    0.191912|    0.079368|
|         468|  2.7450e-01|   -6.655144|   -7.750050|    0.993922|    0.191698|    0.078992|
|         469|  2.7447e-01|   -6.660236|   -7.748850|    0.990926|    0.191479|    0.078610|
|         470|  2.7440e-01|   -6.665391|   -7.747634|    0.987937|    0.191255|    0.078224|
|         471|  2.7432e-01|   -6.670603|   -7.746379|    0.984956|    0.191025|    0.077833|
|         472|  2.7426e-01|   -6.675868|   -7.745118|    0.981983|    0.190790|    0.077438|
|         473|  2.7419e-01|   -6.681177|   -7.743822|    0.979017|    0.190550|    0.077038|
|         474|  2.7412e-01|   -6.686523|   -7.742568|    0.976058|    0.190305|    0.076634|
|         475|  2.7414e-01|   -6.691897|   -7.741235|    0.973106|    0.190054|    0.076226|
|         476|  2.7413e-01|   -6.697291|   -7.739927|    0.970162|    0.189799|    0.075813|
|         477|  2.7407e-01|   -6.702697|   -7.738551|    0.967225|    0.189539|    0.075396|
|         478|  2.7401e-01|   -6.708106|   -7.737316|    0.964296|    0.189274|    0.074975|
|         479|  2.7401e-01|   -6.713509|   -7.736113|    0.961373|    0.189005|    0.074551|
|         480|  2.7396e-01|   -6.718898|   -7.734892|    0.958458|    0.188730|    0.074123|
|         481|  2.7390e-01|   -6.724266|   -7.733774|    0.955550|    0.188452|    0.073691|
|         482|  2.7384e-01|   -6.729604|   -7.732722|    0.952649|    0.188169|    0.073256|
|         483|  2.7380e-01|   -6.734907|   -7.731705|    0.949756|    0.187882|    0.072817|
|         484|  2.7380e-01|   -6.740166|   -7.730797|    0.946870|    0.187590|    0.072375|
|         485|  2.7375e-01|   -6.745374|   -7.729868|    0.943992|    0.187295|    0.071931|
|         486|  2.7368e-01|   -6.750524|   -7.729003|    0.941121|    0.186996|    0.071483|
|         487|  2.7362e-01|   -6.755608|   -7.728181|    0.938258|    0.186693|    0.071033|
|         488|  2.7358e-01|   -6.760617|   -7.727310|    0.935403|    0.186386|    0.070580|
|         489|  2.7352e-01|   -6.765545|   -7.726534|    0.932555|    0.186077|    0.070125|
|         490|  2.7346e-01|   -6.770385|   -7.725786|    0.929716|    0.185764|    0.069668|
|         491|  2.7339e-01|   -6.775133|   -7.725184|    0.926884|    0.185447|    0.069209|
|         492|  2.7340e-01|   -6.779777|   -7.724602|    0.924061|    0.185128|    0.068747|
|         493|  2.7339e-01|   -6.784310|   -7.724065|    0.921246|    0.184806|    0.068284|
|         494|  2.7334e-01|   -6.788726|   -7.723534|    0.918440|    0.184481|    0.067820|
|         495|  2.7330e-01|   -6.793017|   -7.723072|    0.915642|    0.184153|    0.067353|
|         496|  2.7331e-01|   -6.797178|   -7.722831|    0.912852|    0.183824|    0.066886|
|         497|  2.7328e-01|   -6.801201|   -7.722537|    0.910072|    0.183491|    0.066417|
|         498|  2.7328e-01|   -6.805083|   -7.722390|    0.907300|    0.183157|    0.065947|
|         499|  2.7321e-01|   -6.808823|   -7.722322|    0.904538|    0.182820|    0.065477|
|         500|  2.7318e-01|   -6.812417|   -7.722278|    0.901785|    0.182482|    0.065005|
+-----------------------------------------------------------------------+
|        File Writing Summary       |              Filename             |
+-----------------------------------------------------------------------+
|SU2 binary restart                 |restart_flow.dat                   |
|Paraview                           |flow.vtu                           |
|Paraview surface                   |surface_flow.vtu                   |
+-----------------------------------------------------------------------+
+------------------------------------------------------------------------------------------+
|  Inner_Iter|   Time(sec)|    rms[Rho]|     rms[nu]|          CL|          CD|         CMz|
+------------------------------------------------------------------------------------------+
|         501|  2.7333e-01|   -6.815866|   -7.722206|    0.899041|    0.182142|    0.064533|
|         502|  2.7330e-01|   -6.819168|   -7.722299|    0.896307|    0.181800|    0.064061|
|         503|  2.7328e-01|   -6.822321|   -7.722467|    0.893583|    0.181456|    0.063588|
|         504|  2.7332e-01|   -6.825327|   -7.722604|    0.890869|    0.181112|    0.063115|
|         505|  2.7333e-01|   -6.828187|   -7.722762|    0.888166|    0.180766|    0.062642|
|         506|  2.7346e-01|   -6.830902|   -7.722898|    0.885473|    0.180419|    0.062169|
|         507|  2.7346e-01|   -6.833475|   -7.723155|    0.882790|    0.180071|    0.061697|
|         508|  2.7344e-01|   -6.835905|   -7.723365|    0.880119|    0.179723|    0.061225|
|         509|  2.7342e-01|   -6.838196|   -7.723507|    0.877459|    0.179373|    0.060753|
|         510|  2.7348e-01|   -6.840349|   -7.723681|    0.874811|    0.179024|    0.060283|
|         511|  2.7347e-01|   -6.842365|   -7.723951|    0.872175|    0.178674|    0.059813|
|         512|  2.7347e-01|   -6.844245|   -7.724270|    0.869550|    0.178323|    0.059344|
|         513|  2.7352e-01|   -6.845992|   -7.724625|    0.866938|    0.177973|    0.058876|
|         514|  2.7346e-01|   -6.847606|   -7.724886|    0.864338|    0.177623|    0.058409|
|         515|  2.7351e-01|   -6.849093|   -7.725405|    0.861751|    0.177272|    0.057943|
|         516|  2.7373e-01|   -6.850454|   -7.725933|    0.859177|    0.176922|    0.057479|
|         517|  2.7370e-01|   -6.851696|   -7.726480|    0.856615|    0.176572|    0.057016|
|         518|  2.7372e-01|   -6.852823|   -7.727040|    0.854067|    0.176222|    0.056554|
|         519|  2.7367e-01|   -6.853839|   -7.727639|    0.851533|    0.175873|    0.056094|
|         520|  2.7394e-01|   -6.854751|   -7.728295|    0.849012|    0.175524|    0.055636|
|         521|  2.7416e-01|   -6.855565|   -7.728954|    0.846505|    0.175176|    0.055179|
|         522|  2.7437e-01|   -6.856286|   -7.729439|    0.844012|    0.174829|    0.054725|
|         523|  2.7443e-01|   -6.856918|   -7.729906|    0.841533|    0.174483|    0.054272|
|         524|  2.7449e-01|   -6.857467|   -7.730403|    0.839070|    0.174137|    0.053822|
|         525|  2.7456e-01|   -6.857937|   -7.730895|    0.836621|    0.173793|    0.053373|
|         526|  2.7462e-01|   -6.858332|   -7.731345|    0.834188|    0.173449|    0.052928|
|         527|  2.7479e-01|   -6.858656|   -7.731766|    0.831770|    0.173107|    0.052484|
|         528|  2.7497e-01|   -6.858913|   -7.732129|    0.829368|    0.172767|    0.052043|
|         529|  2.7494e-01|   -6.859106|   -7.732535|    0.826983|    0.172428|    0.051605|
|         530|  2.7490e-01|   -6.859240|   -7.732951|    0.824614|    0.172090|    0.051170|
|         531|  2.7488e-01|   -6.859317|   -7.733290|    0.822261|    0.171754|    0.050737|
|         532|  2.7508e-01|   -6.859338|   -7.733857|    0.819925|    0.171420|    0.050307|
|         533|  2.7514e-01|   -6.859307|   -7.734158|    0.817607|    0.171088|    0.049880|
|         534|  2.7509e-01|   -6.859229|   -7.734521|    0.815306|    0.170757|    0.049456|
|         535|  2.7503e-01|   -6.859106|   -7.735148|    0.813022|    0.170429|    0.049035|
|         536|  2.7497e-01|   -6.858943|   -7.735709|    0.810756|    0.170102|    0.048617|
|         537|  2.7491e-01|   -6.858742|   -7.736323|    0.808509|    0.169777|    0.048203|
|         538|  2.7489e-01|   -6.858512|   -7.737021|    0.806279|    0.169455|    0.047791|
|         539|  2.7483e-01|   -6.858256|   -7.737553|    0.804067|    0.169134|    0.047383|
|         540|  2.7477e-01|   -6.857982|   -7.738125|    0.801874|    0.168816|    0.046978|
|         541|  2.7474e-01|   -6.857693|   -7.738589|    0.799700|    0.168500|    0.046576|
|         542|  2.7480e-01|   -6.857395|   -7.738865|    0.797545|    0.168186|    0.046178|
|         543|  2.7476e-01|   -6.857091|   -7.739275|    0.795409|    0.167874|    0.045784|
|         544|  2.7483e-01|   -6.856783|   -7.739557|    0.793292|    0.167565|    0.045393|
|         545|  2.7481e-01|   -6.856476|   -7.739813|    0.791195|    0.167259|    0.045005|
|         546|  2.7477e-01|   -6.856171|   -7.739978|    0.789118|    0.166955|    0.044622|
|         547|  2.7472e-01|   -6.855871|   -7.740105|    0.787061|    0.166653|    0.044242|
|         548|  2.7468e-01|   -6.855578|   -7.740177|    0.785025|    0.166355|    0.043866|
|         549|  2.7469e-01|   -6.855292|   -7.740301|    0.783009|    0.166059|    0.043494|
|         550|  2.7473e-01|   -6.855015|   -7.740586|    0.781014|    0.165766|    0.043126|
|         551|  2.7467e-01|   -6.854748|   -7.740867|    0.779040|    0.165475|    0.042762|
|         552|  2.7462e-01|   -6.854492|   -7.741221|    0.777087|    0.165188|    0.042401|
|         553|  2.7470e-01|   -6.854250|   -7.741594|    0.775155|    0.164903|    0.042045|
|         554|  2.7469e-01|   -6.854023|   -7.741880|    0.773245|    0.164621|    0.041693|
|         555|  2.7463e-01|   -6.853811|   -7.742470|    0.771356|    0.164343|    0.041344|
|         556|  2.7459e-01|   -6.853615|   -7.743018|    0.769489|    0.164067|    0.041000|
|         557|  2.7475e-01|   -6.853436|   -7.743554|    0.767643|    0.163794|    0.040660|
|         558|  2.7473e-01|   -6.853277|   -7.744193|    0.765818|    0.163524|    0.040323|
|         559|  2.7482e-01|   -6.853140|   -7.744934|    0.764015|    0.163256|    0.039991|
|         560|  2.7478e-01|   -6.853025|   -7.745627|    0.762234|    0.162992|    0.039663|
|         561|  2.7477e-01|   -6.852934|   -7.746338|    0.760475|    0.162731|    0.039339|
|         562|  2.7478e-01|   -6.852868|   -7.747051|    0.758738|    0.162473|    0.039019|
|         563|  2.7478e-01|   -6.852829|   -7.747620|    0.757023|    0.162217|    0.038703|
|         564|  2.7480e-01|   -6.852819|   -7.748131|    0.755329|    0.161965|    0.038391|
|         565|  2.7481e-01|   -6.852839|   -7.748397|    0.753658|    0.161715|    0.038083|
|         566|  2.7482e-01|   -6.852892|   -7.748639|    0.752010|    0.161469|    0.037779|
|         567|  2.7488e-01|   -6.852977|   -7.748781|    0.750383|    0.161226|    0.037480|
|         568|  2.7504e-01|   -6.853097|   -7.748813|    0.748779|    0.160986|    0.037185|
|         569|  2.7506e-01|   -6.853252|   -7.748778|    0.747198|    0.160749|    0.036894|
|         570|  2.7502e-01|   -6.853443|   -7.748730|    0.745640|    0.160515|    0.036607|
|         571|  2.7498e-01|   -6.853669|   -7.748673|    0.744104|    0.160285|    0.036325|
|         572|  2.7504e-01|   -6.853931|   -7.748644|    0.742591|    0.160057|    0.036047|
|         573|  2.7505e-01|   -6.854227|   -7.748740|    0.741101|    0.159833|    0.035774|
|         574|  2.7500e-01|   -6.854557|   -7.748816|    0.739634|    0.159613|    0.035504|
|         575|  2.7503e-01|   -6.854919|   -7.749074|    0.738190|    0.159395|    0.035239|
|         576|  2.7506e-01|   -6.855311|   -7.749285|    0.736769|    0.159181|    0.034978|
|         577|  2.7501e-01|   -6.855733|   -7.749451|    0.735371|    0.158970|    0.034722|
|         578|  2.7499e-01|   -6.856182|   -7.749877|    0.733996|    0.158762|    0.034469|
|         579|  2.7497e-01|   -6.856657|   -7.750302|    0.732644|    0.158558|    0.034221|
|         580|  2.7507e-01|   -6.857156|   -7.750914|    0.731314|    0.158356|    0.033977|
|         581|  2.7506e-01|   -6.857677|   -7.751638|    0.730007|    0.158158|    0.033737|
|         582|  2.7508e-01|   -6.858220|   -7.752507|    0.728723|    0.157963|    0.033502|
|         583|  2.7513e-01|   -6.858783|   -7.753533|    0.727461|    0.157772|    0.033270|
|         584|  2.7508e-01|   -6.859366|   -7.754428|    0.726221|    0.157583|    0.033042|
|         585|  2.7504e-01|   -6.859968|   -7.755350|    0.725004|    0.157397|    0.032818|
|         586|  2.7500e-01|   -6.860588|   -7.756202|    0.723808|    0.157214|    0.032598|
|         587|  2.7494e-01|   -6.861224|   -7.757080|    0.722635|    0.157035|    0.032383|
|         588|  2.7492e-01|   -6.861875|   -7.758040|    0.721484|    0.156858|    0.032171|
|         589|  2.7487e-01|   -6.862540|   -7.759006|    0.720355|    0.156684|    0.031963|
|         590|  2.7481e-01|   -6.863219|   -7.760003|    0.719248|    0.156514|    0.031759|
|         591|  2.7478e-01|   -6.863911|   -7.761070|    0.718163|    0.156346|    0.031559|
|         592|  2.7483e-01|   -6.864618|   -7.762045|    0.717100|    0.156182|    0.031363|
|         593|  2.7481e-01|   -6.865338|   -7.762910|    0.716059|    0.156020|    0.031170|
|         594|  2.7476e-01|   -6.866072|   -7.763655|    0.715039|    0.155862|    0.030982|
|         595|  2.7473e-01|   -6.866820|   -7.764444|    0.714041|    0.155706|    0.030797|
|         596|  2.7469e-01|   -6.867582|   -7.765150|    0.713064|    0.155554|    0.030617|
|         597|  2.7465e-01|   -6.868359|   -7.765676|    0.712110|    0.155404|    0.030440|
|         598|  2.7459e-01|   -6.869150|   -7.766226|    0.711176|    0.155258|    0.030267|
|         599|  2.7456e-01|   -6.869957|   -7.766672|    0.710265|    0.155114|    0.030098|
|         600|  2.7451e-01|   -6.870779|   -7.767058|    0.709374|    0.154974|    0.029932|
|         601|  2.7449e-01|   -6.871616|   -7.767304|    0.708505|    0.154837|    0.029771|
|         602|  2.7448e-01|   -6.872469|   -7.767647|    0.707657|    0.154702|    0.029613|
|         603|  2.7444e-01|   -6.873336|   -7.767964|    0.706830|    0.154571|    0.029459|
|         604|  2.7440e-01|   -6.874218|   -7.768318|    0.706024|    0.154443|    0.029309|
|         605|  2.7448e-01|   -6.875115|   -7.768461|    0.705240|    0.154317|    0.029163|
|         606|  2.7445e-01|   -6.876026|   -7.768649|    0.704475|    0.154195|    0.029021|
|         607|  2.7442e-01|   -6.876951|   -7.768838|    0.703732|    0.154076|    0.028882|
|         608|  2.7438e-01|   -6.877891|   -7.769055|    0.703009|    0.153959|    0.028746|
|         609|  2.7436e-01|   -6.878844|   -7.769397|    0.702307|    0.153846|    0.028615|
|         610|  2.7433e-01|   -6.879810|   -7.769771|    0.701624|    0.153736|    0.028487|
|         611|  2.7437e-01|   -6.880789|   -7.770094|    0.700962|    0.153628|    0.028363|
|         612|  2.7440e-01|   -6.881781|   -7.770605|    0.700320|    0.153523|    0.028242|
|         613|  2.7433e-01|   -6.882785|   -7.771193|    0.699698|    0.153422|    0.028125|
|         614|  2.7433e-01|   -6.883800|   -7.771872|    0.699096|    0.153323|    0.028011|
|         615|  2.7438e-01|   -6.884825|   -7.772672|    0.698513|    0.153227|    0.027901|
|         616|  2.7449e-01|   -6.885860|   -7.773667|    0.697950|    0.153134|    0.027794|
|         617|  2.7462e-01|   -6.886904|   -7.774536|    0.697406|    0.153044|    0.027691|
|         618|  2.7462e-01|   -6.887957|   -7.775549|    0.696881|    0.152956|    0.027591|
|         619|  2.7458e-01|   -6.889018|   -7.776648|    0.696376|    0.152871|    0.027495|
|         620|  2.7450e-01|   -6.890087|   -7.777834|    0.695889|    0.152790|    0.027401|
|         621|  2.7452e-01|   -6.891164|   -7.779105|    0.695421|    0.152711|    0.027312|
|         622|  2.7450e-01|   -6.892248|   -7.780381|    0.694972|    0.152634|    0.027225|
|         623|  2.7452e-01|   -6.893339|   -7.781771|    0.694542|    0.152561|    0.027142|
|         624|  2.7464e-01|   -6.894439|   -7.783145|    0.694130|    0.152490|    0.027063|
|         625|  2.7459e-01|   -6.895546|   -7.784415|    0.693736|    0.152422|    0.026986|
|         626|  2.7454e-01|   -6.896663|   -7.785714|    0.693361|    0.152357|    0.026913|
|         627|  2.7455e-01|   -6.897789|   -7.787033|    0.693003|    0.152294|    0.026843|
|         628|  2.7454e-01|   -6.898925|   -7.788340|    0.692664|    0.152235|    0.026776|
|         629|  2.7453e-01|   -6.900073|   -7.789723|    0.692342|    0.152178|    0.026713|
|         630|  2.7449e-01|   -6.901232|   -7.790921|    0.692038|    0.152123|    0.026653|
|         631|  2.7444e-01|   -6.902405|   -7.792148|    0.691752|    0.152071|    0.026595|
|         632|  2.7446e-01|   -6.903592|   -7.793419|    0.691483|    0.152022|    0.026541|
|         633|  2.7443e-01|   -6.904794|   -7.794745|    0.691232|    0.151976|    0.026491|
|         634|  2.7438e-01|   -6.906011|   -7.796109|    0.690997|    0.151932|    0.026443|
|         635|  2.7436e-01|   -6.907244|   -7.797500|    0.690780|    0.151891|    0.026398|
|         636|  2.7434e-01|   -6.908493|   -7.798837|    0.690580|    0.151853|    0.026357|
|         637|  2.7432e-01|   -6.909758|   -7.800335|    0.690396|    0.151817|    0.026318|
|         638|  2.7434e-01|   -6.911040|   -7.801844|    0.690230|    0.151784|    0.026283|
|         639|  2.7450e-01|   -6.912339|   -7.803367|    0.690080|    0.151753|    0.026251|
|         640|  2.7467e-01|   -6.913655|   -7.804914|    0.689946|    0.151725|    0.026222|
|         641|  2.7474e-01|   -6.914988|   -7.806480|    0.689829|    0.151700|    0.026195|
|         642|  2.7473e-01|   -6.916339|   -7.808070|    0.689728|    0.151677|    0.026172|
|         643|  2.7471e-01|   -6.917708|   -7.809688|    0.689644|    0.151657|    0.026152|
|         644|  2.7468e-01|   -6.919095|   -7.811359|    0.689575|    0.151640|    0.026135|
|         645|  2.7464e-01|   -6.920501|   -7.813013|    0.689523|    0.151625|    0.026121|
|         646|  2.7466e-01|   -6.921925|   -7.814463|    0.689486|    0.151612|    0.026109|
|         647|  2.7467e-01|   -6.923369|   -7.816029|    0.689464|    0.151602|    0.026101|
|         648|  2.7468e-01|   -6.924833|   -7.817596|    0.689459|    0.151595|    0.026096|
|         649|  2.7467e-01|   -6.926318|   -7.819171|    0.689468|    0.151590|    0.026093|
|         650|  2.7465e-01|   -6.927824|   -7.820761|    0.689494|    0.151588|    0.026093|
|         651|  2.7477e-01|   -6.929351|   -7.822370|    0.689534|    0.151588|    0.026097|
|         652|  2.7491e-01|   -6.930900|   -7.823997|    0.689589|    0.151591|    0.026103|
|         653|  2.7494e-01|   -6.932471|   -7.825646|    0.689659|    0.151596|    0.026112|
|         654|  2.7510e-01|   -6.934066|   -7.827317|    0.689744|    0.151603|    0.026124|
|         655|  2.7513e-01|   -6.935683|   -7.829013|    0.689844|    0.151613|    0.026138|
|         656|  2.7508e-01|   -6.937324|   -7.830729|    0.689958|    0.151626|    0.026155|
|         657|  2.7513e-01|   -6.938988|   -7.832468|    0.690087|    0.151641|    0.026176|
|         658|  2.7511e-01|   -6.940676|   -7.834231|    0.690231|    0.151658|    0.026199|
|         659|  2.7509e-01|   -6.942388|   -7.836016|    0.690388|    0.151678|    0.026224|
|         660|  2.7503e-01|   -6.944124|   -7.837820|    0.690560|    0.151700|    0.026253|
|         661|  2.7506e-01|   -6.945884|   -7.839642|    0.690745|    0.151725|    0.026284|
|         662|  2.7509e-01|   -6.947667|   -7.841480|    0.690945|    0.151752|    0.026317|
|         663|  2.7506e-01|   -6.949475|   -7.843336|    0.691158|    0.151781|    0.026354|
|         664|  2.7501e-01|   -6.951307|   -7.845289|    0.691385|    0.151813|    0.026393|
|         665|  2.7513e-01|   -6.953162|   -7.847163|    0.691626|    0.151846|    0.026435|
|         666|  2.7527e-01|   -6.955041|   -7.848920|    0.691880|    0.151883|    0.026479|
|         667|  2.7544e-01|   -6.956944|   -7.850693|    0.692147|    0.151921|    0.026526|
|         668|  2.7548e-01|   -6.958871|   -7.852521|    0.692427|    0.151962|    0.026575|
|         669|  2.7556e-01|   -6.960822|   -7.854376|    0.692721|    0.152005|    0.026627|
|         670|  2.7556e-01|   -6.962796|   -7.856262|    0.693027|    0.152051|    0.026682|
|         671|  2.7560e-01|   -6.964796|   -7.858177|    0.693346|    0.152098|    0.026739|
|         672|  2.7561e-01|   -6.966819|   -7.860114|    0.693678|    0.152148|    0.026799|
|         673|  2.7557e-01|   -6.968868|   -7.862070|    0.694023|    0.152200|    0.026861|
|         674|  2.7570e-01|   -6.970942|   -7.864037|    0.694380|    0.152254|    0.026926|
|         675|  2.7579e-01|   -6.973041|   -7.866015|    0.694749|    0.152311|    0.026993|
|         676|  2.7589e-01|   -6.975166|   -7.868006|    0.695130|    0.152370|    0.027062|
|         677|  2.7589e-01|   -6.977317|   -7.870012|    0.695524|    0.152430|    0.027134|
|         678|  2.7585e-01|   -6.979495|   -7.872033|    0.695929|    0.152493|    0.027209|
|         679|  2.7579e-01|   -6.981699|   -7.874071|    0.696346|    0.152558|    0.027285|
|         680|  2.7579e-01|   -6.983930|   -7.876128|    0.696775|    0.152625|    0.027364|
|         681|  2.7586e-01|   -6.986189|   -7.878205|    0.697216|    0.152695|    0.027446|
|         682|  2.7582e-01|   -6.988475|   -7.880302|    0.697668|    0.152766|    0.027530|
|         683|  2.7578e-01|   -6.990788|   -7.882421|    0.698131|    0.152839|    0.027616|
|         684|  2.7575e-01|   -6.993130|   -7.884562|    0.698606|    0.152915|    0.027704|
|         685|  2.7571e-01|   -6.995499|   -7.886724|    0.699091|    0.152992|    0.027795|
|         686|  2.7568e-01|   -6.997896|   -7.888909|    0.699588|    0.153072|    0.027888|
|         687|  2.7573e-01|   -7.000321|   -7.891117|    0.700095|    0.153153|    0.027983|
|         688|  2.7575e-01|   -7.002774|   -7.893348|    0.700613|    0.153237|    0.028080|
|         689|  2.7574e-01|   -7.005255|   -7.895603|    0.701141|    0.153322|    0.028180|
|         690|  2.7572e-01|   -7.007764|   -7.897877|    0.701680|    0.153410|    0.028281|
|         691|  2.7566e-01|   -7.010301|   -7.900175|    0.702229|    0.153499|    0.028385|
|         692|  2.7562e-01|   -7.012866|   -7.902495|    0.702788|    0.153590|    0.028491|
|         693|  2.7563e-01|   -7.015459|   -7.904837|    0.703357|    0.153683|    0.028599|
|         694|  2.7560e-01|   -7.018080|   -7.907196|    0.703936|    0.153778|    0.028709|
|         695|  2.7556e-01|   -7.020728|   -7.909575|    0.704525|    0.153875|    0.028821|
|         696|  2.7553e-01|   -7.023405|   -7.911986|    0.705123|    0.153974|    0.028936|
|         697|  2.7551e-01|   -7.026110|   -7.914433|    0.705731|    0.154074|    0.029052|
|         698|  2.7561e-01|   -7.028843|   -7.916924|    0.706348|    0.154176|    0.029170|
|         699|  2.7569e-01|   -7.031603|   -7.919459|    0.706974|    0.154280|    0.029290|
|         700|  2.7564e-01|   -7.034392|   -7.922035|    0.707609|    0.154386|    0.029412|
|         701|  2.7559e-01|   -7.037207|   -7.924624|    0.708253|    0.154494|    0.029537|
|         702|  2.7565e-01|   -7.040050|   -7.927218|    0.708905|    0.154603|    0.029662|
|         703|  2.7562e-01|   -7.042920|   -7.929810|    0.709566|    0.154714|    0.029790|
|         704|  2.7558e-01|   -7.045816|   -7.932409|    0.710236|    0.154826|    0.029920|
|         705|  2.7556e-01|   -7.048739|   -7.935020|    0.710914|    0.154940|    0.030051|
|         706|  2.7552e-01|   -7.051686|   -7.937636|    0.711600|    0.155056|    0.030185|
|         707|  2.7551e-01|   -7.054659|   -7.940250|    0.712293|    0.155174|    0.030320|
|         708|  2.7556e-01|   -7.057656|   -7.942855|    0.712995|    0.155293|    0.030457|
|         709|  2.7553e-01|   -7.060675|   -7.945472|    0.713705|    0.155413|    0.030595|
|         710|  2.7558e-01|   -7.063717|   -7.948054|    0.714422|    0.155536|    0.030735|
|         711|  2.7558e-01|   -7.066781|   -7.950612|    0.715146|    0.155659|    0.030877|
|         712|  2.7556e-01|   -7.069865|   -7.953119|    0.715878|    0.155784|    0.031020|
|         713|  2.7559e-01|   -7.072968|   -7.955570|    0.716616|    0.155911|    0.031165|
|         714|  2.7558e-01|   -7.076089|   -7.958112|    0.717362|    0.156039|    0.031312|
|         715|  2.7555e-01|   -7.079228|   -7.960599|    0.718115|    0.156168|    0.031460|
|         716|  2.7550e-01|   -7.082382|   -7.963106|    0.718874|    0.156299|    0.031610|
|         717|  2.7545e-01|   -7.085552|   -7.965691|    0.719639|    0.156431|    0.031761|
|         718|  2.7541e-01|   -7.088735|   -7.968301|    0.720411|    0.156565|    0.031913|
|         719|  2.7538e-01|   -7.091930|   -7.970938|    0.721189|    0.156700|    0.032067|
|         720|  2.7533e-01|   -7.095137|   -7.973653|    0.721974|    0.156836|    0.032222|
|         721|  2.7553e-01|   -7.098353|   -7.976346|    0.722764|    0.156973|    0.032379|
|         722|  2.7556e-01|   -7.101579|   -7.979058|    0.723559|    0.157111|    0.032537|
|         723|  2.7569e-01|   -7.104812|   -7.981764|    0.724361|    0.157251|    0.032696|
|         724|  2.7567e-01|   -7.108051|   -7.984507|    0.725168|    0.157392|    0.032856|
|         725|  2.7562e-01|   -7.111296|   -7.987238|    0.725980|    0.157534|    0.033018|
|         726|  2.7559e-01|   -7.114544|   -7.990036|    0.726797|    0.157677|    0.033180|
|         727|  2.7555e-01|   -7.117796|   -7.992894|    0.727619|    0.157821|    0.033344|
|         728|  2.7552e-01|   -7.121049|   -7.995746|    0.728446|    0.157966|    0.033509|
|         729|  2.7549e-01|   -7.124303|   -7.998599|    0.729278|    0.158112|    0.033675|
|         730|  2.7545e-01|   -7.127556|   -8.001324|    0.730114|    0.158259|    0.033842|
|         731|  2.7538e-01|   -7.130808|   -8.004168|    0.730955|    0.158407|    0.034010|
|         732|  2.7533e-01|   -7.134057|   -8.007039|    0.731800|    0.158556|    0.034179|
|         733|  2.7527e-01|   -7.137303|   -8.009909|    0.732649|    0.158706|    0.034349|
|         734|  2.7522e-01|   -7.140544|   -8.012798|    0.733502|    0.158856|    0.034520|
|         735|  2.7526e-01|   -7.143779|   -8.015739|    0.734359|    0.159008|    0.034692|
|         736|  2.7535e-01|   -7.147008|   -8.018812|    0.735219|    0.159160|    0.034864|
|         737|  2.7534e-01|   -7.150229|   -8.021921|    0.736084|    0.159313|    0.035038|
|         738|  2.7534e-01|   -7.153443|   -8.025120|    0.736951|    0.159467|    0.035212|
|         739|  2.7540e-01|   -7.156648|   -8.028346|    0.737822|    0.159622|    0.035387|
|         740|  2.7541e-01|   -7.159843|   -8.031657|    0.738696|    0.159777|    0.035562|
|         741|  2.7537e-01|   -7.163029|   -8.035072|    0.739573|    0.159933|    0.035739|
|         742|  2.7546e-01|   -7.166204|   -8.038609|    0.740453|    0.160090|    0.035916|
|         743|  2.7545e-01|   -7.169367|   -8.042060|    0.741336|    0.160247|    0.036093|
|         744|  2.7544e-01|   -7.172519|   -8.045659|    0.742221|    0.160405|    0.036272|
|         745|  2.7542e-01|   -7.175657|   -8.049201|    0.743109|    0.160563|    0.036451|
|         746|  2.7540e-01|   -7.178782|   -8.052560|    0.743999|    0.160722|    0.036630|
|         747|  2.7542e-01|   -7.181893|   -8.055937|    0.744891|    0.160882|    0.036810|
|         748|  2.7551e-01|   -7.184989|   -8.059379|    0.745785|    0.161042|    0.036990|
|         749|  2.7559e-01|   -7.188071|   -8.062722|    0.746681|    0.161202|    0.037171|
|         750|  2.7559e-01|   -7.191137|   -8.065932|    0.747579|    0.161363|    0.037352|
+-----------------------------------------------------------------------+
|        File Writing Summary       |              Filename             |
+-----------------------------------------------------------------------+
|SU2 binary restart                 |restart_flow.dat                   |
|Paraview                           |flow.vtu                           |
|Paraview surface                   |surface_flow.vtu                   |
+-----------------------------------------------------------------------+
+------------------------------------------------------------------------------------------+
|  Inner_Iter|   Time(sec)|    rms[Rho]|     rms[nu]|          CL|          CD|         CMz|
+------------------------------------------------------------------------------------------+
|         751|  2.7575e-01|   -7.194188|   -8.068971|    0.748479|    0.161524|    0.037534|
|         752|  2.7575e-01|   -7.197224|   -8.071891|    0.749380|    0.161686|    0.037716|
|         753|  2.7576e-01|   -7.200244|   -8.074936|    0.750282|    0.161848|    0.037899|
|         754|  2.7583e-01|   -7.203249|   -8.078055|    0.751186|    0.162010|    0.038081|
|         755|  2.7585e-01|   -7.206239|   -8.081232|    0.752091|    0.162173|    0.038264|
|         756|  2.7583e-01|   -7.209213|   -8.084379|    0.752997|    0.162336|    0.038448|
|         757|  2.7588e-01|   -7.212171|   -8.087449|    0.753903|    0.162499|    0.038631|
|         758|  2.7585e-01|   -7.215113|   -8.090536|    0.754811|    0.162663|    0.038815|
|         759|  2.7589e-01|   -7.218040|   -8.093687|    0.755719|    0.162826|    0.038999|
|         760|  2.7594e-01|   -7.220951|   -8.096711|    0.756628|    0.162990|    0.039183|
|         761|  2.7596e-01|   -7.223847|   -8.099708|    0.757537|    0.163154|    0.039368|
|         762|  2.7597e-01|   -7.226727|   -8.102652|    0.758446|    0.163319|    0.039552|
|         763|  2.7598e-01|   -7.229592|   -8.105549|    0.759356|    0.163483|    0.039737|
|         764|  2.7603e-01|   -7.232441|   -8.108666|    0.760265|    0.163648|    0.039922|
|         765|  2.7607e-01|   -7.235274|   -8.111442|    0.761174|    0.163812|    0.040106|
|         766|  2.7607e-01|   -7.238092|   -8.114420|    0.762084|    0.163977|    0.040291|
|         767|  2.7608e-01|   -7.240893|   -8.117389|    0.762992|    0.164141|    0.040476|
|         768|  2.7607e-01|   -7.243678|   -8.120273|    0.763901|    0.164306|    0.040661|
|         769|  2.7614e-01|   -7.246447|   -8.123119|    0.764809|    0.164471|    0.040846|
|         770|  2.7622e-01|   -7.249198|   -8.125950|    0.765716|    0.164636|    0.041031|
|         771|  2.7635e-01|   -7.251933|   -8.128763|    0.766622|    0.164801|    0.041216|
|         772|  2.7640e-01|   -7.254651|   -8.131517|    0.767528|    0.164965|    0.041401|
|         773|  2.7645e-01|   -7.257350|   -8.134568|    0.768433|    0.165130|    0.041585|
|         774|  2.7643e-01|   -7.260031|   -8.137405|    0.769336|    0.165295|    0.041770|
|         775|  2.7653e-01|   -7.262693|   -8.140118|    0.770239|    0.165459|    0.041954|
|         776|  2.7661e-01|   -7.265338|   -8.143295|    0.771140|    0.165624|    0.042139|
|         777|  2.7658e-01|   -7.267963|   -8.146134|    0.772039|    0.165788|    0.042323|
|         778|  2.7656e-01|   -7.270568|   -8.149245|    0.772937|    0.165952|    0.042507|
|         779|  2.7653e-01|   -7.273153|   -8.152044|    0.773834|    0.166116|    0.042691|
|         780|  2.7661e-01|   -7.275715|   -8.154943|    0.774729|    0.166280|    0.042874|
|         781|  2.7664e-01|   -7.278255|   -8.157628|    0.775622|    0.166444|    0.043057|
|         782|  2.7664e-01|   -7.280770|   -8.160230|    0.776513|    0.166608|    0.043241|
|         783|  2.7659e-01|   -7.283261|   -8.162642|    0.777403|    0.166771|    0.043423|
|         784|  2.7659e-01|   -7.285726|   -8.165298|    0.778290|    0.166934|    0.043606|
|         785|  2.7657e-01|   -7.288165|   -8.167659|    0.779175|    0.167097|    0.043788|
|         786|  2.7665e-01|   -7.290576|   -8.169907|    0.780057|    0.167259|    0.043970|
|         787|  2.7666e-01|   -7.292960|   -8.172401|    0.780938|    0.167422|    0.044151|
|         788|  2.7670e-01|   -7.295315|   -8.174867|    0.781815|    0.167584|    0.044332|
|         789|  2.7674e-01|   -7.297642|   -8.177482|    0.782691|    0.167745|    0.044513|
|         790|  2.7672e-01|   -7.299940|   -8.180030|    0.783563|    0.167907|    0.044693|
|         791|  2.7671e-01|   -7.302209|   -8.182375|    0.784433|    0.168067|    0.044873|
|         792|  2.7673e-01|   -7.304448|   -8.185051|    0.785299|    0.168228|    0.045052|
|         793|  2.7671e-01|   -7.306657|   -8.187826|    0.786163|    0.168388|    0.045231|
|         794|  2.7669e-01|   -7.308835|   -8.190805|    0.787023|    0.168548|    0.045409|
|         795|  2.7672e-01|   -7.310982|   -8.193852|    0.787881|    0.168707|    0.045587|
|         796|  2.7683e-01|   -7.313096|   -8.196979|    0.788735|    0.168866|    0.045764|
|         797|  2.7689e-01|   -7.315178|   -8.200400|    0.789585|    0.169024|    0.045941|
|         798|  2.7692e-01|   -7.317227|   -8.203792|    0.790432|    0.169182|    0.046116|
|         799|  2.7691e-01|   -7.319241|   -8.207170|    0.791276|    0.169339|    0.046292|
|         800|  2.7687e-01|   -7.321220|   -8.210381|    0.792115|    0.169496|    0.046466|
|         801|  2.7685e-01|   -7.323165|   -8.214159|    0.792951|    0.169652|    0.046640|
|         802|  2.7688e-01|   -7.325074|   -8.217697|    0.793783|    0.169808|    0.046814|
|         803|  2.7693e-01|   -7.326949|   -8.221233|    0.794612|    0.169963|    0.046986|
|         804|  2.7691e-01|   -7.328790|   -8.224765|    0.795436|    0.170117|    0.047158|
|         805|  2.7689e-01|   -7.330598|   -8.228085|    0.796256|    0.170271|    0.047330|
|         806|  2.7696e-01|   -7.332373|   -8.231950|    0.797072|    0.170424|    0.047500|
|         807|  2.7698e-01|   -7.334116|   -8.235604|    0.797884|    0.170577|    0.047670|
|         808|  2.7696e-01|   -7.335827|   -8.238607|    0.798691|    0.170729|    0.047839|
|         809|  2.7692e-01|   -7.337509|   -8.241991|    0.799494|    0.170881|    0.048007|
|         810|  2.7692e-01|   -7.339161|   -8.245611|    0.800293|    0.171031|    0.048175|
|         811|  2.7689e-01|   -7.340786|   -8.248972|    0.801087|    0.171181|    0.048342|
|         812|  2.7686e-01|   -7.342383|   -8.252228|    0.801876|    0.171331|    0.048507|
|         813|  2.7682e-01|   -7.343953|   -8.255339|    0.802661|    0.171479|    0.048672|
|         814|  2.7695e-01|   -7.345498|   -8.258316|    0.803441|    0.171627|    0.048837|
|         815|  2.7704e-01|   -7.347016|   -8.261573|    0.804216|    0.171775|    0.049000|
|         816|  2.7708e-01|   -7.348510|   -8.265308|    0.804987|    0.171921|    0.049162|
|         817|  2.7713e-01|   -7.349980|   -8.268858|    0.805752|    0.172067|    0.049323|
|         818|  2.7711e-01|   -7.351428|   -8.272263|    0.806512|    0.172212|    0.049484|
|         819|  2.7709e-01|   -7.352856|   -8.275565|    0.807267|    0.172356|    0.049643|
|         820|  2.7705e-01|   -7.354263|   -8.278536|    0.808017|    0.172499|    0.049802|
|         821|  2.7702e-01|   -7.355652|   -8.282498|    0.808761|    0.172641|    0.049959|
|         822|  2.7698e-01|   -7.357022|   -8.286043|    0.809500|    0.172783|    0.050116|
|         823|  2.7695e-01|   -7.358375|   -8.289309|    0.810234|    0.172924|    0.050271|
|         824|  2.7692e-01|   -7.359712|   -8.293032|    0.810962|    0.173064|    0.050426|
|         825|  2.7688e-01|   -7.361033|   -8.296506|    0.811684|    0.173203|    0.050579|
|         826|  2.7689e-01|   -7.362340|   -8.300069|    0.812401|    0.173341|    0.050732|
|         827|  2.7691e-01|   -7.363632|   -8.303561|    0.813112|    0.173478|    0.050883|
|         828|  2.7689e-01|   -7.364912|   -8.306957|    0.813818|    0.173614|    0.051033|
|         829|  2.7685e-01|   -7.366179|   -8.310071|    0.814517|    0.173750|    0.051182|
|         830|  2.7680e-01|   -7.367435|   -8.313520|    0.815211|    0.173884|    0.051330|
|         831|  2.7676e-01|   -7.368679|   -8.317161|    0.815899|    0.174018|    0.051477|
|         832|  2.7673e-01|   -7.369914|   -8.320745|    0.816581|    0.174150|    0.051623|
|         833|  2.7667e-01|   -7.371139|   -8.324445|    0.817256|    0.174282|    0.051768|
|         834|  2.7663e-01|   -7.372356|   -8.327979|    0.817926|    0.174413|    0.051912|
|         835|  2.7661e-01|   -7.373563|   -8.331250|    0.818590|    0.174542|    0.052054|
|         836|  2.7663e-01|   -7.374762|   -8.334621|    0.819248|    0.174671|    0.052196|
|         837|  2.7665e-01|   -7.375952|   -8.338285|    0.819899|    0.174799|    0.052336|
|         838|  2.7675e-01|   -7.377133|   -8.341729|    0.820544|    0.174926|    0.052475|
|         839|  2.7677e-01|   -7.378306|   -8.345125|    0.821183|    0.175052|    0.052613|
|         840|  2.7683e-01|   -7.379471|   -8.348409|    0.821816|    0.175177|    0.052750|
|         841|  2.7683e-01|   -7.380628|   -8.351144|    0.822442|    0.175300|    0.052885|
|         842|  2.7681e-01|   -7.381777|   -8.355320|    0.823062|    0.175423|    0.053019|
|         843|  2.7677e-01|   -7.382919|   -8.358891|    0.823675|    0.175545|    0.053153|
|         844|  2.7674e-01|   -7.384054|   -8.362073|    0.824282|    0.175666|    0.053285|
|         845|  2.7671e-01|   -7.385183|   -8.365715|    0.824882|    0.175785|    0.053415|
|         846|  2.7668e-01|   -7.386305|   -8.368969|    0.825476|    0.175904|    0.053545|
|         847|  2.7666e-01|   -7.387422|   -8.372092|    0.826063|    0.176022|    0.053673|
|         848|  2.7663e-01|   -7.388534|   -8.375867|    0.826643|    0.176138|    0.053800|
|         849|  2.7667e-01|   -7.389641|   -8.379167|    0.827217|    0.176254|    0.053925|
|         850|  2.7669e-01|   -7.390744|   -8.382533|    0.827784|    0.176368|    0.054050|
|         851|  2.7667e-01|   -7.391843|   -8.386069|    0.828344|    0.176482|    0.054173|
|         852|  2.7667e-01|   -7.392939|   -8.389534|    0.828898|    0.176594|    0.054295|
|         853|  2.7664e-01|   -7.394032|   -8.392931|    0.829444|    0.176705|    0.054415|
|         854|  2.7664e-01|   -7.395122|   -8.396293|    0.829984|    0.176815|    0.054534|
|         855|  2.7662e-01|   -7.396211|   -8.399464|    0.830517|    0.176924|    0.054652|
|         856|  2.7658e-01|   -7.397298|   -8.402602|    0.831043|    0.177032|    0.054769|
|         857|  2.7656e-01|   -7.398386|   -8.406332|    0.831562|    0.177138|    0.054884|
|         858|  2.7652e-01|   -7.399473|   -8.409366|    0.832074|    0.177244|    0.054998|
|         859|  2.7650e-01|   -7.400562|   -8.412978|    0.832579|    0.177348|    0.055110|
|         860|  2.7647e-01|   -7.401655|   -8.416612|    0.833077|    0.177451|    0.055221|
|         861|  2.7659e-01|   -7.402752|   -8.420077|    0.833568|    0.177554|    0.055331|
|         862|  2.7664e-01|   -7.403855|   -8.422974|    0.834052|    0.177655|    0.055439|
|         863|  2.7664e-01|   -7.404963|   -8.426830|    0.834528|    0.177754|    0.055546|
|         864|  2.7665e-01|   -7.406077|   -8.430185|    0.834998|    0.177853|    0.055652|
|         865|  2.7662e-01|   -7.407199|   -8.433035|    0.835461|    0.177950|    0.055756|
|         866|  2.7662e-01|   -7.408327|   -8.436821|    0.835916|    0.178047|    0.055859|
|         867|  2.7658e-01|   -7.409463|   -8.440295|    0.836365|    0.178142|    0.055960|
|         868|  2.7656e-01|   -7.410608|   -8.443507|    0.836806|    0.178236|    0.056060|
|         869|  2.7654e-01|   -7.411761|   -8.446595|    0.837240|    0.178329|    0.056159|
|         870|  2.7652e-01|   -7.412922|   -8.449573|    0.837667|    0.178420|    0.056256|
|         871|  2.7652e-01|   -7.414092|   -8.452440|    0.838086|    0.178511|    0.056352|
|         872|  2.7658e-01|   -7.415271|   -8.455194|    0.838498|    0.178600|    0.056446|
|         873|  2.7659e-01|   -7.416459|   -8.457466|    0.838903|    0.178688|    0.056539|
|         874|  2.7657e-01|   -7.417656|   -8.460858|    0.839301|    0.178774|    0.056630|
|         875|  2.7655e-01|   -7.418864|   -8.463608|    0.839692|    0.178860|    0.056720|
|         876|  2.7653e-01|   -7.420081|   -8.466315|    0.840075|    0.178944|    0.056809|
|         877|  2.7651e-01|   -7.421311|   -8.469051|    0.840451|    0.179027|    0.056896|
|         878|  2.7650e-01|   -7.422552|   -8.471763|    0.840819|    0.179109|    0.056981|
|         879|  2.7652e-01|   -7.423805|   -8.474437|    0.841181|    0.179190|    0.057065|
|         880|  2.7647e-01|   -7.425071|   -8.476736|    0.841535|    0.179269|    0.057148|
|         881|  2.7644e-01|   -7.426350|   -8.479578|    0.841881|    0.179347|    0.057229|
|         882|  2.7641e-01|   -7.427642|   -8.482306|    0.842220|    0.179424|    0.057309|
|         883|  2.7637e-01|   -7.428947|   -8.484808|    0.842552|    0.179500|    0.057387|
|         884|  2.7638e-01|   -7.430266|   -8.487169|    0.842877|    0.179574|    0.057463|
|         885|  2.7641e-01|   -7.431597|   -8.489380|    0.843194|    0.179647|    0.057538|
|         886|  2.7642e-01|   -7.432942|   -8.491445|    0.843503|    0.179719|    0.057612|
|         887|  2.7637e-01|   -7.434300|   -8.493492|    0.843805|    0.179789|    0.057684|
|         888|  2.7634e-01|   -7.435672|   -8.495178|    0.844100|    0.179858|    0.057755|
|         889|  2.7629e-01|   -7.437057|   -8.497567|    0.844388|    0.179926|    0.057824|
|         890|  2.7623e-01|   -7.438456|   -8.499615|    0.844668|    0.179993|    0.057891|
|         891|  2.7620e-01|   -7.439870|   -8.501613|    0.844941|    0.180058|    0.057957|
|         892|  2.7615e-01|   -7.441299|   -8.503242|    0.845206|    0.180122|    0.058022|
|         893|  2.7611e-01|   -7.442743|   -8.505309|    0.845465|    0.180185|    0.058085|
|         894|  2.7607e-01|   -7.444203|   -8.507164|    0.845715|    0.180247|    0.058146|
|         895|  2.7602e-01|   -7.445679|   -8.508814|    0.845959|    0.180307|    0.058206|
|         896|  2.7598e-01|   -7.447172|   -8.510351|    0.846195|    0.180366|    0.058265|
|         897|  2.7594e-01|   -7.448681|   -8.511783|    0.846424|    0.180424|    0.058322|
|         898|  2.7593e-01|   -7.450206|   -8.513116|    0.846646|    0.180480|    0.058377|
|         899|  2.7594e-01|   -7.451748|   -8.514357|    0.846860|    0.180536|    0.058431|
|         900|  2.7591e-01|   -7.453305|   -8.515509|    0.847068|    0.180590|    0.058484|
|         901|  2.7586e-01|   -7.454877|   -8.516574|    0.847268|    0.180642|    0.058535|
|         902|  2.7584e-01|   -7.456463|   -8.517558|    0.847460|    0.180694|    0.058585|
|         903|  2.7580e-01|   -7.458063|   -8.518461|    0.847646|    0.180744|    0.058633|
|         904|  2.7576e-01|   -7.459676|   -8.519282|    0.847824|    0.180793|    0.058679|
|         905|  2.7572e-01|   -7.461300|   -8.520021|    0.847996|    0.180841|    0.058724|
|         906|  2.7568e-01|   -7.462936|   -8.520670|    0.848160|    0.180887|    0.058768|
|         907|  2.7566e-01|   -7.464583|   -8.521228|    0.848317|    0.180932|    0.058810|
|         908|  2.7562e-01|   -7.466239|   -8.521696|    0.848466|    0.180976|    0.058851|
|         909|  2.7557e-01|   -7.467904|   -8.522070|    0.848609|    0.181019|    0.058890|
|         910|  2.7555e-01|   -7.469577|   -8.522349|    0.848744|    0.181060|    0.058927|
|         911|  2.7556e-01|   -7.471259|   -8.522532|    0.848873|    0.181100|    0.058964|
|         912|  2.7553e-01|   -7.472947|   -8.522623|    0.848994|    0.181139|    0.058998|
|         913|  2.7551e-01|   -7.474642|   -8.522622|    0.849109|    0.181177|    0.059032|
|         914|  2.7548e-01|   -7.476343|   -8.522533|    0.849216|    0.181213|    0.059064|
|         915|  2.7551e-01|   -7.478050|   -8.522357|    0.849316|    0.181248|    0.059094|
|         916|  2.7547e-01|   -7.479762|   -8.522091|    0.849410|    0.181282|    0.059123|
|         917|  2.7543e-01|   -7.481480|   -8.521751|    0.849496|    0.181315|    0.059151|
|         918|  2.7541e-01|   -7.483202|   -8.521356|    0.849576|    0.181347|    0.059177|
|         919|  2.7538e-01|   -7.484930|   -8.520896|    0.849648|    0.181377|    0.059201|
|         920|  2.7534e-01|   -7.486662|   -8.520358|    0.849714|    0.181406|    0.059224|
|         921|  2.7530e-01|   -7.488399|   -8.519737|    0.849773|    0.181434|    0.059246|
|         922|  2.7526e-01|   -7.490139|   -8.519035|    0.849824|    0.181460|    0.059266|
|         923|  2.7532e-01|   -7.491883|   -8.518254|    0.849870|    0.181486|    0.059285|
|         924|  2.7531e-01|   -7.493629|   -8.517395|    0.849908|    0.181510|    0.059303|
|         925|  2.7528e-01|   -7.495377|   -8.516455|    0.849939|    0.181533|    0.059319|
|         926|  2.7526e-01|   -7.497126|   -8.515425|    0.849964|    0.181555|    0.059334|
|         927|  2.7521e-01|   -7.498875|   -8.514242|    0.849982|    0.181575|    0.059347|
|         928|  2.7517e-01|   -7.500622|   -8.512736|    0.849993|    0.181595|    0.059359|
|         929|  2.7512e-01|   -7.502366|   -8.511813|    0.849998|    0.181613|    0.059369|
|         930|  2.7507e-01|   -7.504106|   -8.510565|    0.849996|    0.181630|    0.059379|
|         931|  2.7503e-01|   -7.505842|   -8.509230|    0.849988|    0.181646|    0.059387|
|         932|  2.7499e-01|   -7.507571|   -8.507836|    0.849972|    0.181661|    0.059393|
|         933|  2.7494e-01|   -7.509293|   -8.506401|    0.849951|    0.181675|    0.059398|
|         934|  2.7489e-01|   -7.511009|   -8.504916|    0.849922|    0.181687|    0.059402|
|         935|  2.7485e-01|   -7.512716|   -8.503382|    0.849888|    0.181698|    0.059404|
|         936|  2.7489e-01|   -7.514416|   -8.501797|    0.849847|    0.181709|    0.059406|
|         937|  2.7494e-01|   -7.516109|   -8.500166|    0.849799|    0.181718|    0.059405|
|         938|  2.7494e-01|   -7.517794|   -8.498391|    0.849745|    0.181726|    0.059404|
|         939|  2.7492e-01|   -7.519473|   -8.496806|    0.849684|    0.181733|    0.059401|
|         940|  2.7490e-01|   -7.521147|   -8.495102|    0.849618|    0.181738|    0.059397|
|         941|  2.7489e-01|   -7.522818|   -8.493310|    0.849544|    0.181743|    0.059391|
|         942|  2.7487e-01|   -7.524485|   -8.491462|    0.849465|    0.181746|    0.059384|
|         943|  2.7484e-01|   -7.526152|   -8.489568|    0.849379|    0.181749|    0.059376|
|         944|  2.7480e-01|   -7.527818|   -8.487632|    0.849287|    0.181750|    0.059367|
|         945|  2.7476e-01|   -7.529486|   -8.485661|    0.849189|    0.181750|    0.059356|
|         946|  2.7472e-01|   -7.531156|   -8.483659|    0.849085|    0.181749|    0.059344|
|         947|  2.7467e-01|   -7.532830|   -8.481632|    0.848974|    0.181747|    0.059330|
|         948|  2.7463e-01|   -7.534507|   -8.479585|    0.848857|    0.181743|    0.059316|
|         949|  2.7468e-01|   -7.536190|   -8.477520|    0.848735|    0.181739|    0.059300|
|         950|  2.7479e-01|   -7.537878|   -8.475440|    0.848606|    0.181733|    0.059282|
|         951|  2.7477e-01|   -7.539573|   -8.473348|    0.848471|    0.181727|    0.059264|
|         952|  2.7479e-01|   -7.541274|   -8.471243|    0.848330|    0.181719|    0.059244|
|         953|  2.7477e-01|   -7.542981|   -8.469128|    0.848183|    0.181710|    0.059222|
|         954|  2.7475e-01|   -7.544695|   -8.467003|    0.848030|    0.181700|    0.059200|
|         955|  2.7475e-01|   -7.546415|   -8.464870|    0.847872|    0.181689|    0.059176|
|         956|  2.7473e-01|   -7.548142|   -8.462730|    0.847707|    0.181677|    0.059151|
|         957|  2.7470e-01|   -7.549874|   -8.460582|    0.847537|    0.181664|    0.059124|
|         958|  2.7468e-01|   -7.551612|   -8.458429|    0.847361|    0.181649|    0.059097|
|         959|  2.7468e-01|   -7.553354|   -8.456271|    0.847179|    0.181634|    0.059068|
|         960|  2.7464e-01|   -7.555099|   -8.454109|    0.846991|    0.181617|    0.059038|
|         961|  2.7467e-01|   -7.556847|   -8.451944|    0.846798|    0.181600|    0.059006|
|         962|  2.7466e-01|   -7.558594|   -8.449778|    0.846600|    0.181581|    0.058973|
|         963|  2.7463e-01|   -7.560341|   -8.447610|    0.846396|    0.181561|    0.058939|
|         964|  2.7462e-01|   -7.562084|   -8.445442|    0.846186|    0.181540|    0.058904|
|         965|  2.7459e-01|   -7.563821|   -8.443275|    0.845971|    0.181518|    0.058868|
|         966|  2.7458e-01|   -7.565551|   -8.441109|    0.845750|    0.181495|    0.058830|
|         967|  2.7457e-01|   -7.567270|   -8.438945|    0.845525|    0.181471|    0.058791|
|         968|  2.7454e-01|   -7.568976|   -8.436783|    0.845294|    0.181446|    0.058751|
|         969|  2.7451e-01|   -7.570666|   -8.434624|    0.845057|    0.181420|    0.058710|
|         970|  2.7449e-01|   -7.572338|   -8.432468|    0.844816|    0.181393|    0.058667|
|         971|  2.7445e-01|   -7.573988|   -8.430315|    0.844569|    0.181365|    0.058624|
|         972|  2.7443e-01|   -7.575614|   -8.428168|    0.844318|    0.181335|    0.058579|
|         973|  2.7440e-01|   -7.577211|   -8.426034|    0.844061|    0.181305|    0.058533|
|         974|  2.7443e-01|   -7.578778|   -8.423925|    0.843800|    0.181274|    0.058486|
|         975|  2.7443e-01|   -7.580312|   -8.421840|    0.843533|    0.181241|    0.058437|
|         976|  2.7446e-01|   -7.581809|   -8.419765|    0.843262|    0.181208|    0.058388|
|         977|  2.7445e-01|   -7.583266|   -8.417697|    0.842986|    0.181174|    0.058337|
|         978|  2.7442e-01|   -7.584682|   -8.415641|    0.842705|    0.181138|    0.058286|
|         979|  2.7439e-01|   -7.586054|   -8.413601|    0.842420|    0.181102|    0.058233|
|         980|  2.7438e-01|   -7.587379|   -8.411578|    0.842130|    0.181065|    0.058179|
|         981|  2.7438e-01|   -7.588656|   -8.409574|    0.841835|    0.181026|    0.058124|
|         982|  2.7436e-01|   -7.589882|   -8.407590|    0.841536|    0.180987|    0.058068|
|         983|  2.7432e-01|   -7.591055|   -8.405628|    0.841233|    0.180947|    0.058011|
|         984|  2.7427e-01|   -7.592174|   -8.403688|    0.840925|    0.180906|    0.057952|
|         985|  2.7426e-01|   -7.593236|   -8.401770|    0.840613|    0.180863|    0.057893|
|         986|  2.7427e-01|   -7.594241|   -8.399873|    0.840296|    0.180820|    0.057833|
|         987|  2.7431e-01|   -7.595186|   -8.397996|    0.839976|    0.180776|    0.057771|
|         988|  2.7434e-01|   -7.596070|   -8.396140|    0.839651|    0.180731|    0.057709|
|         989|  2.7440e-01|   -7.596891|   -8.394304|    0.839322|    0.180686|    0.057646|
|         990|  2.7440e-01|   -7.597648|   -8.392488|    0.838989|    0.180639|    0.057582|
|         991|  2.7436e-01|   -7.598339|   -8.390690|    0.838652|    0.180591|    0.057516|
|         992|  2.7431e-01|   -7.598963|   -8.388915|    0.838312|    0.180543|    0.057450|
|         993|  2.7427e-01|   -7.599520|   -8.387164|    0.837967|    0.180494|    0.057383|
|         994|  2.7423e-01|   -7.600007|   -8.385436|    0.837619|    0.180443|    0.057315|
|         995|  2.7419e-01|   -7.600425|   -8.383729|    0.837267|    0.180392|    0.057246|
|         996|  2.7417e-01|   -7.600772|   -8.382040|    0.836911|    0.180341|    0.057176|
|         997|  2.7414e-01|   -7.601048|   -8.380353|    0.836552|    0.180288|    0.057106|
|         998|  2.7412e-01|   -7.601252|   -8.378671|    0.836189|    0.180235|    0.057034|

----------------------------- Solver Exit -------------------------------

Maximum number of iterations reached (ITER = 999) before convergence.
+-----------------------------------------------------------------------+
|      Convergence Field     |     Value    |   Criterion  |  Converged |
+-----------------------------------------------------------------------+
|                  Cauchy[CD]|   0.000153798|       < 1e-06|          No|
+-----------------------------------------------------------------------+
-------------------------------------------------------------------------
+-----------------------------------------------------------------------+